x	y	z	contour type	frameID	weight	time frame
-41.03245	-23.16352	-30.84740	SAX_RV_FREEWALL	2	1.0	3
-42.72901	-22.05875	-33.25340	SAX_RV_FREEWALL	2	1.0	3
-44.95670	-22.05875	-34.97024	SAX_RV_FREEWALL	2	1.0	3
-46.65327	-20.95399	-37.37625	SAX_RV_FREEWALL	2	1.0	3
-48.88096	-20.95399	-39.09309	SAX_RV_FREEWALL	2	1.0	3
-50.57753	-19.84922	-41.49909	SAX_RV_FREEWALL	2	1.0	3
-52.80522	-19.84922	-43.21594	SAX_RV_FREEWALL	2	1.0	3
-54.50178	-18.74446	-45.62194	SAX_RV_FREEWALL	2	1.0	3
-56.72947	-18.74446	-47.33879	SAX_RV_FREEWALL	2	1.0	3
-58.42604	-17.63969	-49.74479	SAX_RV_FREEWALL	2	1.0	3
-60.65373	-17.63970	-51.46164	SAX_RV_FREEWALL	2	1.0	3
-62.35029	-16.53493	-53.86764	SAX_RV_FREEWALL	2	1.0	3
-64.04686	-15.43016	-56.27364	SAX_RV_FREEWALL	2	1.0	3
-65.74343	-14.32540	-58.67964	SAX_RV_FREEWALL	2	1.0	3
-65.79503	-12.11586	-60.91638	SAX_RV_FREEWALL	2	1.0	3
-65.84663	-9.90633	-63.15312	SAX_RV_FREEWALL	2	1.0	3
-65.89824	-7.69679	-65.38985	SAX_RV_FREEWALL	2	1.0	3
-65.94984	-5.48726	-67.62659	SAX_RV_FREEWALL	2	1.0	3
-66.00144	-3.27772	-69.86332	SAX_RV_FREEWALL	2	1.0	3
-66.05304	-1.06819	-72.10006	SAX_RV_FREEWALL	2	1.0	3
-64.99080	1.14135	-73.47837	SAX_RV_FREEWALL	2	1.0	3
-62.81472	3.35089	-73.99826	SAX_RV_FREEWALL	2	1.0	3
-60.63863	5.56043	-74.51816	SAX_RV_FREEWALL	2	1.0	3
-58.46254	7.76996	-75.03805	SAX_RV_FREEWALL	2	1.0	3
-56.28646	9.97950	-75.55794	SAX_RV_FREEWALL	2	1.0	3
-54.11037	12.18904	-76.07783	SAX_RV_FREEWALL	2	1.0	3
-50.82044	14.39858	-75.73929	SAX_RV_FREEWALL	2	1.0	3
-48.64435	16.60812	-76.25919	SAX_RV_FREEWALL	2	1.0	3
-46.46827	18.81765	-76.77908	SAX_RV_FREEWALL	2	1.0	3
-44.29218	21.02719	-77.29897	SAX_RV_FREEWALL	2	1.0	3
-41.00225	23.23673	-76.96043	SAX_RV_FREEWALL	2	1.0	3
-38.24344	24.34150	-75.93275	SAX_RV_FREEWALL	2	1.0	3
-34.95351	26.55104	-75.59421	SAX_RV_FREEWALL	2	1.0	3
-32.72582	26.55104	-73.87737	SAX_RV_FREEWALL	2	1.0	3
-29.96701	27.65581	-72.84968	SAX_RV_FREEWALL	2	1.0	3
-27.73933	27.65581	-71.13283	SAX_RV_FREEWALL	2	1.0	3
-26.04276	26.55105	-68.72683	SAX_RV_FREEWALL	2	1.0	3
-24.34619	25.44628	-66.32083	SAX_RV_FREEWALL	2	1.0	3
5.81571	-2.17288	-15.61342	SAX_RV_FREEWALL	2	1.0	3
5.86731	-4.38242	-13.37668	SAX_RV_FREEWALL	2	1.0	3
7.56388	-5.48718	-10.97068	SAX_RV_FREEWALL	2	1.0	3
8.72933	-7.69672	-7.87552	SAX_RV_FREEWALL	2	1.0	3
7.66708	-9.90625	-6.49721	SAX_RV_FREEWALL	2	1.0	3
4.37715	-12.11579	-6.83574	SAX_RV_FREEWALL	2	1.0	3
1.08722	-14.32533	-7.17427	SAX_RV_FREEWALL	2	1.0	3
-1.67159	-15.43010	-8.20196	SAX_RV_FREEWALL	2	1.0	3
-4.43040	-16.53487	-9.22965	SAX_RV_FREEWALL	2	1.0	3
-7.18920	-17.63964	-10.25734	SAX_RV_FREEWALL	2	1.0	3
-9.94801	-18.74441	-11.28503	SAX_RV_FREEWALL	2	1.0	3
-12.70682	-19.84918	-12.31272	SAX_RV_FREEWALL	2	1.0	3
-14.93451	-19.84919	-14.02956	SAX_RV_FREEWALL	2	1.0	3
-17.69332	-20.95396	-15.05725	SAX_RV_FREEWALL	2	1.0	3
-19.92101	-20.95396	-16.77410	SAX_RV_FREEWALL	2	1.0	3
-22.67982	-22.05873	-17.80179	SAX_RV_FREEWALL	2	1.0	3
-24.90751	-22.05873	-19.51863	SAX_RV_FREEWALL	2	1.0	3
-27.13520	-22.05873	-21.23548	SAX_RV_FREEWALL	2	1.0	3
-29.89401	-23.16350	-22.26317	SAX_RV_FREEWALL	2	1.0	3
-32.12169	-23.16351	-23.98001	SAX_RV_FREEWALL	2	1.0	3
-34.34938	-23.16351	-25.69686	SAX_RV_FREEWALL	2	1.0	3
-36.57707	-23.16351	-27.41370	SAX_RV_FREEWALL	2	1.0	3
-38.80476	-23.16351	-29.13055	SAX_RV_FREEWALL	2	1.0	3
-41.51197	-26.47782	-27.92150	SAX_RV_EPICARDIAL	2	1.0	3
-43.20853	-25.37305	-30.32751	SAX_RV_EPICARDIAL	2	1.0	3
-44.90510	-24.26829	-32.73351	SAX_RV_EPICARDIAL	2	1.0	3
-47.13279	-24.26829	-34.45035	SAX_RV_EPICARDIAL	2	1.0	3
-48.82936	-23.16352	-36.85636	SAX_RV_EPICARDIAL	2	1.0	3
-51.05705	-23.16353	-38.57320	SAX_RV_EPICARDIAL	2	1.0	3
-53.28473	-23.16353	-40.29005	SAX_RV_EPICARDIAL	2	1.0	3
-54.98130	-22.05876	-42.69605	SAX_RV_EPICARDIAL	2	1.0	3
-57.20899	-22.05876	-44.41289	SAX_RV_EPICARDIAL	2	1.0	3
-58.90556	-20.95400	-46.81890	SAX_RV_EPICARDIAL	2	1.0	3
-60.60212	-19.84923	-49.22490	SAX_RV_EPICARDIAL	2	1.0	3
-62.82981	-19.84923	-50.94175	SAX_RV_EPICARDIAL	2	1.0	3
-64.52638	-18.74447	-53.34775	SAX_RV_EPICARDIAL	2	1.0	3
-66.22295	-17.63970	-55.75375	SAX_RV_EPICARDIAL	2	1.0	3
-67.91952	-16.53494	-58.15975	SAX_RV_EPICARDIAL	2	1.0	3
-69.08496	-14.32540	-61.25491	SAX_RV_EPICARDIAL	2	1.0	3
-69.13656	-12.11587	-63.49165	SAX_RV_EPICARDIAL	2	1.0	3
-68.07432	-9.90633	-64.86996	SAX_RV_EPICARDIAL	2	1.0	3
-69.23977	-7.69679	-67.96512	SAX_RV_EPICARDIAL	2	1.0	3
-68.17753	-5.48726	-69.34343	SAX_RV_EPICARDIAL	2	1.0	3
-68.22913	-3.27772	-71.58017	SAX_RV_EPICARDIAL	2	1.0	3
-68.28073	-1.06819	-73.81691	SAX_RV_EPICARDIAL	2	1.0	3
-66.10465	1.14135	-74.33680	SAX_RV_EPICARDIAL	2	1.0	3
-65.04240	3.35089	-75.71511	SAX_RV_EPICARDIAL	2	1.0	3
-62.86632	5.56042	-76.23500	SAX_RV_EPICARDIAL	2	1.0	3
-60.69023	7.76996	-76.75489	SAX_RV_EPICARDIAL	2	1.0	3
-58.51415	9.97950	-77.27478	SAX_RV_EPICARDIAL	2	1.0	3
-57.45190	12.18904	-78.65310	SAX_RV_EPICARDIAL	2	1.0	3
-54.16197	14.39858	-78.31456	SAX_RV_EPICARDIAL	2	1.0	3
-51.98589	16.60811	-78.83445	SAX_RV_EPICARDIAL	2	1.0	3
-49.80980	18.81765	-79.35434	SAX_RV_EPICARDIAL	2	1.0	3
-47.63372	21.02719	-79.87424	SAX_RV_EPICARDIAL	2	1.0	3
-44.34378	23.23673	-79.53570	SAX_RV_EPICARDIAL	2	1.0	3
-42.16770	25.44626	-80.05559	SAX_RV_EPICARDIAL	2	1.0	3
-39.40889	26.55104	-79.02790	SAX_RV_EPICARDIAL	2	1.0	3
-36.11896	28.76057	-78.68937	SAX_RV_EPICARDIAL	2	1.0	3
-33.36015	29.86534	-77.66168	SAX_RV_EPICARDIAL	2	1.0	3
-31.13246	29.86535	-75.94484	SAX_RV_EPICARDIAL	2	1.0	3
-28.90477	29.86535	-74.22799	SAX_RV_EPICARDIAL	2	1.0	3
-26.67708	29.86535	-72.51115	SAX_RV_EPICARDIAL	2	1.0	3
-24.44940	29.86535	-70.79430	SAX_RV_EPICARDIAL	2	1.0	3
-22.75283	28.76059	-68.38830	SAX_RV_EPICARDIAL	2	1.0	3
-22.11850	25.44628	-64.60398	SAX_RV_EPICARDIAL	2	1.0	3
6.39843	-3.27765	-14.06584	SAX_RV_EPICARDIAL	2	1.0	3
8.62612	-3.27765	-12.34900	SAX_RV_EPICARDIAL	2	1.0	3
10.32269	-4.38241	-9.94299	SAX_RV_EPICARDIAL	2	1.0	3
10.37429	-6.59195	-7.70626	SAX_RV_EPICARDIAL	2	1.0	3
10.42589	-8.80148	-5.46952	SAX_RV_EPICARDIAL	2	1.0	3
9.36365	-11.01102	-4.09121	SAX_RV_EPICARDIAL	2	1.0	3
7.18757	-13.22056	-3.57132	SAX_RV_EPICARDIAL	2	1.0	3
3.89764	-15.43010	-3.90985	SAX_RV_EPICARDIAL	2	1.0	3
1.13883	-16.53487	-4.93754	SAX_RV_EPICARDIAL	2	1.0	3
-2.15110	-18.74441	-5.27607	SAX_RV_EPICARDIAL	2	1.0	3
-4.90991	-19.84918	-6.30376	SAX_RV_EPICARDIAL	2	1.0	3
-7.13760	-19.84918	-8.02060	SAX_RV_EPICARDIAL	2	1.0	3
-9.89641	-20.95395	-9.04829	SAX_RV_EPICARDIAL	2	1.0	3
-12.65522	-22.05872	-10.07598	SAX_RV_EPICARDIAL	2	1.0	3
-14.88291	-22.05872	-11.79283	SAX_RV_EPICARDIAL	2	1.0	3
-17.64172	-23.16349	-12.82052	SAX_RV_EPICARDIAL	2	1.0	3
-19.86941	-23.16349	-14.53736	SAX_RV_EPICARDIAL	2	1.0	3
-22.62822	-24.26826	-15.56505	SAX_RV_EPICARDIAL	2	1.0	3
-24.85590	-24.26827	-17.28190	SAX_RV_EPICARDIAL	2	1.0	3
-27.61471	-25.37304	-18.30959	SAX_RV_EPICARDIAL	2	1.0	3
-29.84240	-25.37304	-20.02643	SAX_RV_EPICARDIAL	2	1.0	3
-32.60121	-26.47781	-21.05412	SAX_RV_EPICARDIAL	2	1.0	3
-34.82890	-26.47781	-22.77097	SAX_RV_EPICARDIAL	2	1.0	3
-37.05659	-26.47781	-24.48781	SAX_RV_EPICARDIAL	2	1.0	3
-39.28428	-26.47782	-26.20466	SAX_RV_EPICARDIAL	2	1.0	3
-22.64962	24.34152	-63.91483	SAX_RV_SEPTUM	2	1.0	3
-23.71187	22.13198	-62.53651	SAX_RV_SEPTUM	2	1.0	3
-23.66026	19.92244	-60.29978	SAX_RV_SEPTUM	2	1.0	3
-23.60866	17.71291	-58.06304	SAX_RV_SEPTUM	2	1.0	3
-24.67090	15.50337	-56.68473	SAX_RV_SEPTUM	2	1.0	3
-24.61930	13.29384	-54.44799	SAX_RV_SEPTUM	2	1.0	3
-24.56770	11.08430	-52.21125	SAX_RV_SEPTUM	2	1.0	3
-24.51610	8.87477	-49.97452	SAX_RV_SEPTUM	2	1.0	3
-24.46449	6.66523	-47.73778	SAX_RV_SEPTUM	2	1.0	3
-23.29905	4.45570	-44.64262	SAX_RV_SEPTUM	2	1.0	3
-23.24744	2.24616	-42.40589	SAX_RV_SEPTUM	2	1.0	3
-22.08200	0.03663	-39.31073	SAX_RV_SEPTUM	2	1.0	3
-20.91655	-2.17291	-36.21557	SAX_RV_SEPTUM	2	1.0	3
-19.21998	-3.27767	-33.80957	SAX_RV_SEPTUM	2	1.0	3
-17.52342	-4.38244	-31.40356	SAX_RV_SEPTUM	2	1.0	3
-15.29573	-4.38244	-29.68672	SAX_RV_SEPTUM	2	1.0	3
-13.06804	-4.38244	-27.96987	SAX_RV_SEPTUM	2	1.0	3
-10.84035	-4.38243	-26.25303	SAX_RV_SEPTUM	2	1.0	3
-8.61266	-4.38243	-24.53618	SAX_RV_SEPTUM	2	1.0	3
-6.38497	-4.38243	-22.81934	SAX_RV_SEPTUM	2	1.0	3
-3.62616	-3.27766	-21.79165	SAX_RV_SEPTUM	2	1.0	3
-1.39848	-3.27766	-20.07480	SAX_RV_SEPTUM	2	1.0	3
1.36033	-2.17289	-19.04711	SAX_RV_SEPTUM	2	1.0	3
4.11914	-1.06812	-18.01942	SAX_RV_SEPTUM	2	1.0	3
-19.94242	27.65582	-65.12387	SAX_LV_EPICARDIAL	2	1.0	3
-18.88017	29.86536	-66.50219	SAX_LV_EPICARDIAL	2	1.0	3
-17.81793	32.07490	-67.88050	SAX_LV_EPICARDIAL	2	1.0	3
-15.64185	34.28443	-68.40039	SAX_LV_EPICARDIAL	2	1.0	3
-14.57960	36.49397	-69.77870	SAX_LV_EPICARDIAL	2	1.0	3
-12.40352	38.70351	-70.29860	SAX_LV_EPICARDIAL	2	1.0	3
-9.11359	40.91305	-69.96006	SAX_LV_EPICARDIAL	2	1.0	3
-6.93750	43.12258	-70.47995	SAX_LV_EPICARDIAL	2	1.0	3
-3.64757	45.33212	-70.14142	SAX_LV_EPICARDIAL	2	1.0	3
-0.88876	46.43689	-69.11373	SAX_LV_EPICARDIAL	2	1.0	3
2.40117	48.64643	-68.77520	SAX_LV_EPICARDIAL	2	1.0	3
5.15998	49.75120	-67.74751	SAX_LV_EPICARDIAL	2	1.0	3
7.91879	50.85597	-66.71982	SAX_LV_EPICARDIAL	2	1.0	3
10.14647	50.85598	-65.00298	SAX_LV_EPICARDIAL	2	1.0	3
12.90528	51.96075	-63.97529	SAX_LV_EPICARDIAL	2	1.0	3
15.13297	51.96075	-62.25844	SAX_LV_EPICARDIAL	2	1.0	3
17.89178	53.06552	-61.23075	SAX_LV_EPICARDIAL	2	1.0	3
20.11947	53.06552	-59.51391	SAX_LV_EPICARDIAL	2	1.0	3
22.34716	53.06552	-57.79706	SAX_LV_EPICARDIAL	2	1.0	3
24.57485	53.06552	-56.08022	SAX_LV_EPICARDIAL	2	1.0	3
26.27141	51.96076	-53.67421	SAX_LV_EPICARDIAL	2	1.0	3
28.49910	51.96076	-51.95737	SAX_LV_EPICARDIAL	2	1.0	3
30.19567	50.85599	-49.55137	SAX_LV_EPICARDIAL	2	1.0	3
31.89224	49.75123	-47.14536	SAX_LV_EPICARDIAL	2	1.0	3
33.58881	48.64646	-44.73936	SAX_LV_EPICARDIAL	2	1.0	3
35.28537	47.54170	-42.33336	SAX_LV_EPICARDIAL	2	1.0	3
36.45082	45.33216	-39.23820	SAX_LV_EPICARDIAL	2	1.0	3
37.61627	43.12263	-36.14304	SAX_LV_EPICARDIAL	2	1.0	3
37.66787	40.91309	-33.90630	SAX_LV_EPICARDIAL	2	1.0	3
37.71947	38.70356	-31.66957	SAX_LV_EPICARDIAL	2	1.0	3
37.77107	36.49402	-29.43283	SAX_LV_EPICARDIAL	2	1.0	3
37.82268	34.28449	-27.19610	SAX_LV_EPICARDIAL	2	1.0	3
36.76043	32.07495	-25.81778	SAX_LV_EPICARDIAL	2	1.0	3
35.69819	29.86541	-24.43947	SAX_LV_EPICARDIAL	2	1.0	3
35.74979	27.65588	-22.20273	SAX_LV_EPICARDIAL	2	1.0	3
34.68755	25.44634	-20.82442	SAX_LV_EPICARDIAL	2	1.0	3
32.51147	23.23680	-20.30453	SAX_LV_EPICARDIAL	2	1.0	3
31.44922	21.02727	-18.92622	SAX_LV_EPICARDIAL	2	1.0	3
29.27314	18.81773	-18.40632	SAX_LV_EPICARDIAL	2	1.0	3
28.21090	16.60819	-17.02801	SAX_LV_EPICARDIAL	2	1.0	3
26.03481	14.39865	-16.50812	SAX_LV_EPICARDIAL	2	1.0	3
23.85872	12.18912	-15.98823	SAX_LV_EPICARDIAL	2	1.0	3
21.68264	9.97958	-15.46834	SAX_LV_EPICARDIAL	2	1.0	3
18.39271	7.77004	-15.80687	SAX_LV_EPICARDIAL	2	1.0	3
15.10278	5.56050	-16.14540	SAX_LV_EPICARDIAL	2	1.0	3
12.34397	4.45573	-17.17309	SAX_LV_EPICARDIAL	2	1.0	3
9.05404	2.24619	-17.51162	SAX_LV_EPICARDIAL	2	1.0	3
-12.16060	4.45571	-36.05839	SAX_LV_ENDOCARDIAL	2	1.0	3
-13.85717	5.56047	-38.46440	SAX_LV_ENDOCARDIAL	2	1.0	3
-15.55374	6.66524	-40.87040	SAX_LV_ENDOCARDIAL	2	1.0	3
-16.71919	8.87477	-43.96556	SAX_LV_ENDOCARDIAL	2	1.0	3
-17.88463	11.08431	-47.06072	SAX_LV_ENDOCARDIAL	2	1.0	3
-17.93624	13.29384	-49.29745	SAX_LV_ENDOCARDIAL	2	1.0	3
-17.98784	15.50338	-51.53419	SAX_LV_ENDOCARDIAL	2	1.0	3
-18.03944	17.71291	-53.77093	SAX_LV_ENDOCARDIAL	2	1.0	3
-16.97720	19.92245	-55.14924	SAX_LV_ENDOCARDIAL	2	1.0	3
-17.02880	22.13199	-57.38598	SAX_LV_ENDOCARDIAL	2	1.0	3
-15.96656	24.34152	-58.76429	SAX_LV_ENDOCARDIAL	2	1.0	3
-14.90432	26.55106	-60.14260	SAX_LV_ENDOCARDIAL	2	1.0	3
-13.84207	28.76060	-61.52092	SAX_LV_ENDOCARDIAL	2	1.0	3
-11.66599	30.97013	-62.04081	SAX_LV_ENDOCARDIAL	2	1.0	3
-9.48990	33.17967	-62.56070	SAX_LV_ENDOCARDIAL	2	1.0	3
-7.31382	35.38921	-63.08059	SAX_LV_ENDOCARDIAL	2	1.0	3
-5.13773	37.59875	-63.60048	SAX_LV_ENDOCARDIAL	2	1.0	3
-1.84780	39.80829	-63.26195	SAX_LV_ENDOCARDIAL	2	1.0	3
0.91101	40.91306	-62.23426	SAX_LV_ENDOCARDIAL	2	1.0	3
3.66982	42.01783	-61.20657	SAX_LV_ENDOCARDIAL	2	1.0	3
6.95975	44.22737	-60.86804	SAX_LV_ENDOCARDIAL	2	1.0	3
9.71856	45.33214	-59.84035	SAX_LV_ENDOCARDIAL	2	1.0	3
11.94625	45.33214	-58.12350	SAX_LV_ENDOCARDIAL	2	1.0	3
14.70506	46.43691	-57.09581	SAX_LV_ENDOCARDIAL	2	1.0	3
16.93274	46.43691	-55.37897	SAX_LV_ENDOCARDIAL	2	1.0	3
19.16043	46.43691	-53.66212	SAX_LV_ENDOCARDIAL	2	1.0	3
21.38812	46.43692	-51.94528	SAX_LV_ENDOCARDIAL	2	1.0	3
23.61581	46.43692	-50.22843	SAX_LV_ENDOCARDIAL	2	1.0	3
25.31238	45.33215	-47.82243	SAX_LV_ENDOCARDIAL	2	1.0	3
27.00895	44.22739	-45.41643	SAX_LV_ENDOCARDIAL	2	1.0	3
28.70551	43.12262	-43.01042	SAX_LV_ENDOCARDIAL	2	1.0	3
29.87096	40.91308	-39.91526	SAX_LV_ENDOCARDIAL	2	1.0	3
29.92256	38.70355	-37.67853	SAX_LV_ENDOCARDIAL	2	1.0	3
29.97416	36.49401	-35.44179	SAX_LV_ENDOCARDIAL	2	1.0	3
30.02577	34.28448	-33.20506	SAX_LV_ENDOCARDIAL	2	1.0	3
30.07737	32.07494	-30.96832	SAX_LV_ENDOCARDIAL	2	1.0	3
29.01513	29.86541	-29.59001	SAX_LV_ENDOCARDIAL	2	1.0	3
27.95288	27.65587	-28.21169	SAX_LV_ENDOCARDIAL	2	1.0	3
28.00449	25.44633	-25.97496	SAX_LV_ENDOCARDIAL	2	1.0	3
26.94225	23.23680	-24.59664	SAX_LV_ENDOCARDIAL	2	1.0	3
24.76616	21.02726	-24.07675	SAX_LV_ENDOCARDIAL	2	1.0	3
22.59007	18.81772	-23.55686	SAX_LV_ENDOCARDIAL	2	1.0	3
20.41399	16.60818	-23.03697	SAX_LV_ENDOCARDIAL	2	1.0	3
17.12406	14.39865	-23.37550	SAX_LV_ENDOCARDIAL	2	1.0	3
13.83413	12.18911	-23.71404	SAX_LV_ENDOCARDIAL	2	1.0	3
11.07532	11.08434	-24.74172	SAX_LV_ENDOCARDIAL	2	1.0	3
8.31651	9.97957	-25.76941	SAX_LV_ENDOCARDIAL	2	1.0	3
5.55770	8.87480	-26.79710	SAX_LV_ENDOCARDIAL	2	1.0	3
2.79889	7.77003	-27.82479	SAX_LV_ENDOCARDIAL	2	1.0	3
0.04008	6.66525	-28.85248	SAX_LV_ENDOCARDIAL	2	1.0	3
-2.71873	5.56048	-29.88017	SAX_LV_ENDOCARDIAL	2	1.0	3
-4.94642	5.56048	-31.59701	SAX_LV_ENDOCARDIAL	2	1.0	3
-7.70523	4.45571	-32.62470	SAX_LV_ENDOCARDIAL	2	1.0	3
-9.93292	4.45571	-34.34155	SAX_LV_ENDOCARDIAL	2	1.0	3
5.81571	-2.17288	-15.61342	RV_INSERT	2	1.0	3
-24.34619	25.44628	-66.32083	RV_INSERT	2	1.0	3
-42.14013	-28.59119	-54.74983	SAX_RV_FREEWALL	3	1.0	3
-43.83670	-27.48642	-57.15583	SAX_RV_FREEWALL	3	1.0	3
-46.06438	-27.48642	-58.87268	SAX_RV_FREEWALL	3	1.0	3
-47.76095	-26.38166	-61.27868	SAX_RV_FREEWALL	3	1.0	3
-49.98864	-26.38166	-62.99553	SAX_RV_FREEWALL	3	1.0	3
-51.68521	-25.27689	-65.40153	SAX_RV_FREEWALL	3	1.0	3
-52.85065	-23.06736	-68.49669	SAX_RV_FREEWALL	3	1.0	3
-54.01610	-20.85782	-71.59185	SAX_RV_FREEWALL	3	1.0	3
-55.18155	-18.64829	-74.68701	SAX_RV_FREEWALL	3	1.0	3
-55.23315	-16.43875	-76.92374	SAX_RV_FREEWALL	3	1.0	3
-55.28475	-14.22922	-79.16048	SAX_RV_FREEWALL	3	1.0	3
-54.22251	-12.01968	-80.53879	SAX_RV_FREEWALL	3	1.0	3
-53.16027	-9.81015	-81.91711	SAX_RV_FREEWALL	3	1.0	3
-52.09803	-7.60061	-83.29542	SAX_RV_FREEWALL	3	1.0	3
-51.03579	-5.39107	-84.67373	SAX_RV_FREEWALL	3	1.0	3
-48.85970	-3.18153	-85.19362	SAX_RV_FREEWALL	3	1.0	3
-46.68361	-0.97200	-85.71351	SAX_RV_FREEWALL	3	1.0	3
-44.50753	1.23754	-86.23340	SAX_RV_FREEWALL	3	1.0	3
-41.21760	3.44708	-85.89487	SAX_RV_FREEWALL	3	1.0	3
-39.04151	5.65662	-86.41476	SAX_RV_FREEWALL	3	1.0	3
-35.75158	7.86616	-86.07623	SAX_RV_FREEWALL	3	1.0	3
-32.46165	10.07569	-85.73770	SAX_RV_FREEWALL	3	1.0	3
-29.17172	12.28523	-85.39917	SAX_RV_FREEWALL	3	1.0	3
-26.41291	13.39000	-84.37148	SAX_RV_FREEWALL	3	1.0	3
-23.65410	14.49477	-83.34379	SAX_RV_FREEWALL	3	1.0	3
-20.89529	15.59955	-82.31610	SAX_RV_FREEWALL	3	1.0	3
-18.13648	16.70432	-81.28841	SAX_RV_FREEWALL	3	1.0	3
-15.37767	17.80909	-80.26072	SAX_RV_FREEWALL	3	1.0	3
-13.14998	17.80909	-78.54388	SAX_RV_FREEWALL	3	1.0	3
4.38332	-17.54346	-29.87975	SAX_RV_FREEWALL	3	1.0	3
2.20723	-19.75300	-29.35986	SAX_RV_FREEWALL	3	1.0	3
-0.55158	-20.85777	-30.38755	SAX_RV_FREEWALL	3	1.0	3
-2.77927	-20.85777	-32.10440	SAX_RV_FREEWALL	3	1.0	3
-5.53808	-21.96254	-33.13209	SAX_RV_FREEWALL	3	1.0	3
-8.29689	-23.06731	-34.15978	SAX_RV_FREEWALL	3	1.0	3
-11.05570	-24.17208	-35.18746	SAX_RV_FREEWALL	3	1.0	3
-13.81450	-25.27685	-36.21515	SAX_RV_FREEWALL	3	1.0	3
-16.57331	-26.38163	-37.24284	SAX_RV_FREEWALL	3	1.0	3
-19.33212	-27.48640	-38.27053	SAX_RV_FREEWALL	3	1.0	3
-21.55981	-27.48640	-39.98738	SAX_RV_FREEWALL	3	1.0	3
-24.31862	-28.59117	-41.01507	SAX_RV_FREEWALL	3	1.0	3
-26.54631	-28.59117	-42.73191	SAX_RV_FREEWALL	3	1.0	3
-28.77400	-28.59117	-44.44876	SAX_RV_FREEWALL	3	1.0	3
-31.00169	-28.59117	-46.16560	SAX_RV_FREEWALL	3	1.0	3
-33.22938	-28.59118	-47.88245	SAX_RV_FREEWALL	3	1.0	3
-35.45706	-28.59118	-49.59929	SAX_RV_FREEWALL	3	1.0	3
-37.68475	-28.59118	-51.31614	SAX_RV_FREEWALL	3	1.0	3
-39.91244	-28.59118	-53.03298	SAX_RV_FREEWALL	3	1.0	3
-43.73349	-31.90549	-52.68236	SAX_RV_EPICARDIAL	3	1.0	3
-45.43006	-30.80072	-55.08836	SAX_RV_EPICARDIAL	3	1.0	3
-47.65775	-30.80073	-56.80521	SAX_RV_EPICARDIAL	3	1.0	3
-49.88544	-30.80073	-58.52205	SAX_RV_EPICARDIAL	3	1.0	3
-51.58200	-29.69596	-60.92806	SAX_RV_EPICARDIAL	3	1.0	3
-53.27857	-28.59120	-63.33406	SAX_RV_EPICARDIAL	3	1.0	3
-54.97514	-27.48643	-65.74006	SAX_RV_EPICARDIAL	3	1.0	3
-56.14059	-25.27690	-68.83522	SAX_RV_EPICARDIAL	3	1.0	3
-57.30603	-23.06736	-71.93038	SAX_RV_EPICARDIAL	3	1.0	3
-58.47148	-20.85783	-75.02554	SAX_RV_EPICARDIAL	3	1.0	3
-58.52308	-18.64829	-77.26227	SAX_RV_EPICARDIAL	3	1.0	3
-57.46084	-16.43876	-78.64059	SAX_RV_EPICARDIAL	3	1.0	3
-57.51244	-14.22922	-80.87732	SAX_RV_EPICARDIAL	3	1.0	3
-56.45020	-12.01968	-82.25564	SAX_RV_EPICARDIAL	3	1.0	3
-55.38796	-9.81015	-83.63395	SAX_RV_EPICARDIAL	3	1.0	3
-54.32572	-7.60061	-85.01226	SAX_RV_EPICARDIAL	3	1.0	3
-53.26347	-5.39107	-86.39058	SAX_RV_EPICARDIAL	3	1.0	3
-52.20123	-3.18154	-87.76889	SAX_RV_EPICARDIAL	3	1.0	3
-50.02515	-0.97200	-88.28878	SAX_RV_EPICARDIAL	3	1.0	3
-47.84906	1.23754	-88.80867	SAX_RV_EPICARDIAL	3	1.0	3
-44.55913	3.44708	-88.47014	SAX_RV_EPICARDIAL	3	1.0	3
-42.38304	5.65661	-88.99003	SAX_RV_EPICARDIAL	3	1.0	3
-40.20696	7.86615	-89.50992	SAX_RV_EPICARDIAL	3	1.0	3
-36.91703	10.07569	-89.17139	SAX_RV_EPICARDIAL	3	1.0	3
-34.15822	11.18046	-88.14370	SAX_RV_EPICARDIAL	3	1.0	3
-30.86829	13.39000	-87.80517	SAX_RV_EPICARDIAL	3	1.0	3
-28.10948	14.49477	-86.77748	SAX_RV_EPICARDIAL	3	1.0	3
-24.81955	16.70431	-86.43895	SAX_RV_EPICARDIAL	3	1.0	3
-22.06074	17.80908	-85.41126	SAX_RV_EPICARDIAL	3	1.0	3
-18.77081	20.01862	-85.07273	SAX_RV_EPICARDIAL	3	1.0	3
-16.01200	21.12339	-84.04504	SAX_RV_EPICARDIAL	3	1.0	3
-13.25319	22.22816	-83.01735	SAX_RV_EPICARDIAL	3	1.0	3
-11.02550	22.22816	-81.30050	SAX_RV_EPICARDIAL	3	1.0	3
-10.92230	17.80909	-76.82703	SAX_RV_EPICARDIAL	3	1.0	3
7.67325	-15.33392	-29.54122	SAX_RV_EPICARDIAL	3	1.0	3
7.72485	-17.54346	-27.30449	SAX_RV_EPICARDIAL	3	1.0	3
5.54876	-19.75300	-26.78459	SAX_RV_EPICARDIAL	3	1.0	3
3.37268	-21.96253	-26.26470	SAX_RV_EPICARDIAL	3	1.0	3
0.61387	-23.06730	-27.29239	SAX_RV_EPICARDIAL	3	1.0	3
-2.14494	-24.17208	-28.32008	SAX_RV_EPICARDIAL	3	1.0	3
-4.90375	-25.27685	-29.34777	SAX_RV_EPICARDIAL	3	1.0	3
-7.66256	-26.38162	-30.37546	SAX_RV_EPICARDIAL	3	1.0	3
-10.42137	-27.48639	-31.40315	SAX_RV_EPICARDIAL	3	1.0	3
-13.18018	-28.59116	-32.43084	SAX_RV_EPICARDIAL	3	1.0	3
-15.93899	-29.69593	-33.45853	SAX_RV_EPICARDIAL	3	1.0	3
-18.16668	-29.69593	-35.17537	SAX_RV_EPICARDIAL	3	1.0	3
-20.92549	-30.80070	-36.20306	SAX_RV_EPICARDIAL	3	1.0	3
-23.15317	-30.80070	-37.91991	SAX_RV_EPICARDIAL	3	1.0	3
-25.91198	-31.90547	-38.94760	SAX_RV_EPICARDIAL	3	1.0	3
-28.13967	-31.90548	-40.66444	SAX_RV_EPICARDIAL	3	1.0	3
-30.36736	-31.90548	-42.38129	SAX_RV_EPICARDIAL	3	1.0	3
-32.59505	-31.90548	-44.09813	SAX_RV_EPICARDIAL	3	1.0	3
-34.82274	-31.90548	-45.81498	SAX_RV_EPICARDIAL	3	1.0	3
-37.05043	-31.90548	-47.53182	SAX_RV_EPICARDIAL	3	1.0	3
-39.27811	-31.90549	-49.24867	SAX_RV_EPICARDIAL	3	1.0	3
-41.50580	-31.90549	-50.96551	SAX_RV_EPICARDIAL	3	1.0	3
-11.45342	16.70432	-76.13787	SAX_RV_SEPTUM	3	1.0	3
-12.51566	14.49479	-74.75956	SAX_RV_SEPTUM	3	1.0	3
-12.46406	12.28525	-72.52282	SAX_RV_SEPTUM	3	1.0	3
-13.52630	10.07571	-71.14451	SAX_RV_SEPTUM	3	1.0	3
-13.47470	7.86618	-68.90777	SAX_RV_SEPTUM	3	1.0	3
-13.42309	5.65664	-66.67104	SAX_RV_SEPTUM	3	1.0	3
-14.48534	3.44711	-65.29272	SAX_RV_SEPTUM	3	1.0	3
-14.43373	1.23757	-63.05599	SAX_RV_SEPTUM	3	1.0	3
-14.38213	-0.97196	-60.81925	SAX_RV_SEPTUM	3	1.0	3
-13.21668	-3.18150	-57.72409	SAX_RV_SEPTUM	3	1.0	3
-13.16508	-5.39103	-55.48736	SAX_RV_SEPTUM	3	1.0	3
-11.99964	-7.60057	-52.39220	SAX_RV_SEPTUM	3	1.0	3
-10.83419	-9.81010	-49.29704	SAX_RV_SEPTUM	3	1.0	3
-9.13762	-10.91487	-46.89104	SAX_RV_SEPTUM	3	1.0	3
-7.44105	-12.01964	-44.48503	SAX_RV_SEPTUM	3	1.0	3
-5.74449	-13.12440	-42.07903	SAX_RV_SEPTUM	3	1.0	3
-4.04792	-14.22917	-39.67303	SAX_RV_SEPTUM	3	1.0	3
-1.82023	-14.22917	-37.95618	SAX_RV_SEPTUM	3	1.0	3
0.40746	-14.22916	-36.23934	SAX_RV_SEPTUM	3	1.0	3
2.10403	-15.33393	-33.83334	SAX_RV_SEPTUM	3	1.0	3
4.33171	-15.33393	-32.11649	SAX_RV_SEPTUM	3	1.0	3
6.55940	-15.33392	-30.39964	SAX_RV_SEPTUM	3	1.0	3
-8.74621	20.01863	-77.34692	SAX_LV_EPICARDIAL	3	1.0	3
-7.68397	22.22816	-78.72523	SAX_LV_EPICARDIAL	3	1.0	3
-5.50788	24.43770	-79.24512	SAX_LV_EPICARDIAL	3	1.0	3
-3.33180	26.64724	-79.76502	SAX_LV_EPICARDIAL	3	1.0	3
-1.15571	28.85678	-80.28491	SAX_LV_EPICARDIAL	3	1.0	3
2.13422	31.06632	-79.94637	SAX_LV_EPICARDIAL	3	1.0	3
5.42415	33.27586	-79.60784	SAX_LV_EPICARDIAL	3	1.0	3
8.71408	35.48539	-79.26931	SAX_LV_EPICARDIAL	3	1.0	3
11.47289	36.59016	-78.24162	SAX_LV_EPICARDIAL	3	1.0	3
14.76282	38.79970	-77.90309	SAX_LV_EPICARDIAL	3	1.0	3
17.52163	39.90447	-76.87540	SAX_LV_EPICARDIAL	3	1.0	3
19.74932	39.90448	-75.15855	SAX_LV_EPICARDIAL	3	1.0	3
22.50813	41.00925	-74.13087	SAX_LV_EPICARDIAL	3	1.0	3
25.26694	42.11402	-73.10318	SAX_LV_EPICARDIAL	3	1.0	3
27.49463	42.11402	-71.38633	SAX_LV_EPICARDIAL	3	1.0	3
29.72231	42.11402	-69.66948	SAX_LV_EPICARDIAL	3	1.0	3
31.95000	42.11402	-67.95264	SAX_LV_EPICARDIAL	3	1.0	3
34.17769	42.11403	-66.23579	SAX_LV_EPICARDIAL	3	1.0	3
36.40538	42.11403	-64.51895	SAX_LV_EPICARDIAL	3	1.0	3
38.63307	42.11403	-62.80210	SAX_LV_EPICARDIAL	3	1.0	3
40.32964	41.00926	-60.39610	SAX_LV_EPICARDIAL	3	1.0	3
42.55732	41.00927	-58.67925	SAX_LV_EPICARDIAL	3	1.0	3
44.25389	39.90450	-56.27325	SAX_LV_EPICARDIAL	3	1.0	3
45.41934	37.69497	-53.17809	SAX_LV_EPICARDIAL	3	1.0	3
47.11591	36.59020	-50.77209	SAX_LV_EPICARDIAL	3	1.0	3
48.28135	34.38067	-47.67693	SAX_LV_EPICARDIAL	3	1.0	3
48.33295	32.17113	-45.44020	SAX_LV_EPICARDIAL	3	1.0	3
49.49840	29.96160	-42.34504	SAX_LV_EPICARDIAL	3	1.0	3
49.55000	27.75206	-40.10830	SAX_LV_EPICARDIAL	3	1.0	3
49.60161	25.54253	-37.87156	SAX_LV_EPICARDIAL	3	1.0	3
48.53936	23.33299	-36.49325	SAX_LV_EPICARDIAL	3	1.0	3
48.59097	21.12345	-34.25651	SAX_LV_EPICARDIAL	3	1.0	3
47.52872	18.91392	-32.87820	SAX_LV_EPICARDIAL	3	1.0	3
46.46648	16.70438	-31.49989	SAX_LV_EPICARDIAL	3	1.0	3
45.40424	14.49484	-30.12157	SAX_LV_EPICARDIAL	3	1.0	3
44.34200	12.28531	-28.74326	SAX_LV_EPICARDIAL	3	1.0	3
43.27976	10.07577	-27.36495	SAX_LV_EPICARDIAL	3	1.0	3
42.21752	7.86623	-25.98663	SAX_LV_EPICARDIAL	3	1.0	3
40.04143	5.65670	-25.46674	SAX_LV_EPICARDIAL	3	1.0	3
38.97919	3.44716	-24.08843	SAX_LV_EPICARDIAL	3	1.0	3
36.80310	1.23762	-23.56854	SAX_LV_EPICARDIAL	3	1.0	3
34.62702	-0.97192	-23.04865	SAX_LV_EPICARDIAL	3	1.0	3
32.45093	-3.18145	-22.52876	SAX_LV_EPICARDIAL	3	1.0	3
30.27484	-5.39099	-22.00887	SAX_LV_EPICARDIAL	3	1.0	3
26.98491	-7.60053	-22.34740	SAX_LV_EPICARDIAL	3	1.0	3
23.69498	-9.81007	-22.68593	SAX_LV_EPICARDIAL	3	1.0	3
20.93617	-10.91484	-23.71362	SAX_LV_EPICARDIAL	3	1.0	3
18.17736	-12.01961	-24.74131	SAX_LV_EPICARDIAL	3	1.0	3
15.41855	-13.12438	-25.76900	SAX_LV_EPICARDIAL	3	1.0	3
12.65974	-14.22915	-26.79669	SAX_LV_EPICARDIAL	3	1.0	3
10.43206	-14.22915	-28.51353	SAX_LV_EPICARDIAL	3	1.0	3
6.35299	-6.49578	-39.34659	SAX_LV_ENDOCARDIAL	3	1.0	3
4.65643	-5.39102	-41.75259	SAX_LV_ENDOCARDIAL	3	1.0	3
2.42874	-5.39102	-43.46944	SAX_LV_ENDOCARDIAL	3	1.0	3
0.73217	-4.28625	-45.87544	SAX_LV_ENDOCARDIAL	3	1.0	3
-0.43328	-2.07672	-48.97060	SAX_LV_ENDOCARDIAL	3	1.0	3
-2.12984	-0.97195	-51.37660	SAX_LV_ENDOCARDIAL	3	1.0	3
-2.18145	1.23758	-53.61334	SAX_LV_ENDOCARDIAL	3	1.0	3
-3.34689	3.44712	-56.70850	SAX_LV_ENDOCARDIAL	3	1.0	3
-3.39850	5.65665	-58.94523	SAX_LV_ENDOCARDIAL	3	1.0	3
-4.56394	7.86619	-62.04039	SAX_LV_ENDOCARDIAL	3	1.0	3
-3.50170	10.07572	-63.41871	SAX_LV_ENDOCARDIAL	3	1.0	3
-3.55330	12.28526	-65.65544	SAX_LV_ENDOCARDIAL	3	1.0	3
-3.60490	14.49479	-67.89218	SAX_LV_ENDOCARDIAL	3	1.0	3
-2.54266	16.70433	-69.27049	SAX_LV_ENDOCARDIAL	3	1.0	3
-1.48042	18.91387	-70.64880	SAX_LV_ENDOCARDIAL	3	1.0	3
0.69567	21.12341	-71.16870	SAX_LV_ENDOCARDIAL	3	1.0	3
1.75791	23.33294	-72.54701	SAX_LV_ENDOCARDIAL	3	1.0	3
3.93399	25.54248	-73.06690	SAX_LV_ENDOCARDIAL	3	1.0	3
7.22392	27.75202	-72.72837	SAX_LV_ENDOCARDIAL	3	1.0	3
9.40001	29.96156	-73.24826	SAX_LV_ENDOCARDIAL	3	1.0	3
12.68994	32.17109	-72.90973	SAX_LV_ENDOCARDIAL	3	1.0	3
15.44875	33.27587	-71.88204	SAX_LV_ENDOCARDIAL	3	1.0	3
18.20756	34.38064	-70.85435	SAX_LV_ENDOCARDIAL	3	1.0	3
20.96637	35.48541	-69.82666	SAX_LV_ENDOCARDIAL	3	1.0	3
23.19406	35.48541	-68.10981	SAX_LV_ENDOCARDIAL	3	1.0	3
25.95287	36.59018	-67.08212	SAX_LV_ENDOCARDIAL	3	1.0	3
28.18055	36.59018	-65.36528	SAX_LV_ENDOCARDIAL	3	1.0	3
30.40824	36.59018	-63.64843	SAX_LV_ENDOCARDIAL	3	1.0	3
32.63593	36.59019	-61.93159	SAX_LV_ENDOCARDIAL	3	1.0	3
34.86362	36.59019	-60.21474	SAX_LV_ENDOCARDIAL	3	1.0	3
37.09131	36.59019	-58.49790	SAX_LV_ENDOCARDIAL	3	1.0	3
38.78788	35.48542	-56.09189	SAX_LV_ENDOCARDIAL	3	1.0	3
40.48444	34.38066	-53.68589	SAX_LV_ENDOCARDIAL	3	1.0	3
41.64989	32.17112	-50.59073	SAX_LV_ENDOCARDIAL	3	1.0	3
42.81534	29.96159	-47.49557	SAX_LV_ENDOCARDIAL	3	1.0	3
42.86694	27.75205	-45.25884	SAX_LV_ENDOCARDIAL	3	1.0	3
42.91854	25.54252	-43.02210	SAX_LV_ENDOCARDIAL	3	1.0	3
42.97014	23.33298	-40.78536	SAX_LV_ENDOCARDIAL	3	1.0	3
43.02175	21.12345	-38.54863	SAX_LV_ENDOCARDIAL	3	1.0	3
41.95950	18.91391	-37.17031	SAX_LV_ENDOCARDIAL	3	1.0	3
42.01111	16.70438	-34.93358	SAX_LV_ENDOCARDIAL	3	1.0	3
40.94886	14.49484	-33.55527	SAX_LV_ENDOCARDIAL	3	1.0	3
39.88662	12.28530	-32.17695	SAX_LV_ENDOCARDIAL	3	1.0	3
37.71054	10.07576	-31.65706	SAX_LV_ENDOCARDIAL	3	1.0	3
36.64829	7.86623	-30.27875	SAX_LV_ENDOCARDIAL	3	1.0	3
34.47221	5.65669	-29.75886	SAX_LV_ENDOCARDIAL	3	1.0	3
32.29612	3.44715	-29.23897	SAX_LV_ENDOCARDIAL	3	1.0	3
30.12004	1.23762	-28.71908	SAX_LV_ENDOCARDIAL	3	1.0	3
27.94395	-0.97192	-28.19919	SAX_LV_ENDOCARDIAL	3	1.0	3
25.76786	-3.18146	-27.67929	SAX_LV_ENDOCARDIAL	3	1.0	3
23.00905	-4.28623	-28.70698	SAX_LV_ENDOCARDIAL	3	1.0	3
20.25024	-5.39100	-29.73467	SAX_LV_ENDOCARDIAL	3	1.0	3
17.49144	-6.49577	-30.76236	SAX_LV_ENDOCARDIAL	3	1.0	3
15.26375	-6.49577	-32.47921	SAX_LV_ENDOCARDIAL	3	1.0	3
13.03606	-6.49578	-34.19605	SAX_LV_ENDOCARDIAL	3	1.0	3
10.80837	-6.49578	-35.91290	SAX_LV_ENDOCARDIAL	3	1.0	3
8.58068	-6.49578	-37.62974	SAX_LV_ENDOCARDIAL	3	1.0	3
4.38332	-17.54346	-29.87975	RV_INSERT	3	1.0	3
-13.14998	17.80909	-78.54388	RV_INSERT	3	1.0	3
-33.80694	-32.91358	-72.47354	SAX_RV_FREEWALL	4	1.0	3
-35.50350	-31.80881	-74.87954	SAX_RV_FREEWALL	4	1.0	3
-37.20007	-30.70405	-77.28554	SAX_RV_FREEWALL	4	1.0	3
-38.89664	-29.59928	-79.69155	SAX_RV_FREEWALL	4	1.0	3
-40.59321	-28.49452	-82.09755	SAX_RV_FREEWALL	4	1.0	3
-40.64481	-26.28498	-84.33428	SAX_RV_FREEWALL	4	1.0	3
-41.81025	-24.07545	-87.42944	SAX_RV_FREEWALL	4	1.0	3
-41.86186	-21.86591	-89.66618	SAX_RV_FREEWALL	4	1.0	3
-40.79962	-19.65637	-91.04449	SAX_RV_FREEWALL	4	1.0	3
-40.85122	-17.44684	-93.28123	SAX_RV_FREEWALL	4	1.0	3
-38.67513	-15.23730	-93.80112	SAX_RV_FREEWALL	4	1.0	3
-36.49905	-13.02776	-94.32101	SAX_RV_FREEWALL	4	1.0	3
-34.32296	-10.81823	-94.84090	SAX_RV_FREEWALL	4	1.0	3
-31.03303	-8.60869	-94.50237	SAX_RV_FREEWALL	4	1.0	3
-28.85694	-6.39915	-95.02226	SAX_RV_FREEWALL	4	1.0	3
-25.56701	-4.18961	-94.68373	SAX_RV_FREEWALL	4	1.0	3
-22.80820	-3.08484	-93.65604	SAX_RV_FREEWALL	4	1.0	3
-19.51827	-0.87530	-93.31751	SAX_RV_FREEWALL	4	1.0	3
-16.22834	1.33424	-92.97897	SAX_RV_FREEWALL	4	1.0	3
-13.46953	2.43901	-91.95129	SAX_RV_FREEWALL	4	1.0	3
-10.17960	4.64855	-91.61275	SAX_RV_FREEWALL	4	1.0	3
-7.42079	5.75332	-90.58506	SAX_RV_FREEWALL	4	1.0	3
-4.66198	6.85809	-89.55738	SAX_RV_FREEWALL	4	1.0	3
-2.43430	6.85809	-87.84053	SAX_RV_FREEWALL	4	1.0	3
3.85736	-24.07540	-52.23411	SAX_RV_FREEWALL	4	1.0	3
1.09855	-25.18017	-53.26180	SAX_RV_FREEWALL	4	1.0	3
-1.66026	-26.28494	-54.28949	SAX_RV_FREEWALL	4	1.0	3
-4.41907	-27.38971	-55.31718	SAX_RV_FREEWALL	4	1.0	3
-6.64676	-27.38971	-57.03402	SAX_RV_FREEWALL	4	1.0	3
-9.40557	-28.49448	-58.06171	SAX_RV_FREEWALL	4	1.0	3
-11.63326	-28.49449	-59.77856	SAX_RV_FREEWALL	4	1.0	3
-14.39207	-29.59926	-60.80624	SAX_RV_FREEWALL	4	1.0	3
-17.15088	-30.70403	-61.83393	SAX_RV_FREEWALL	4	1.0	3
-19.37856	-30.70403	-63.55078	SAX_RV_FREEWALL	4	1.0	3
-22.13737	-31.80880	-64.57847	SAX_RV_FREEWALL	4	1.0	3
-24.36506	-31.80880	-66.29531	SAX_RV_FREEWALL	4	1.0	3
-27.12387	-32.91357	-67.32300	SAX_RV_FREEWALL	4	1.0	3
-29.35156	-32.91358	-69.03985	SAX_RV_FREEWALL	4	1.0	3
-31.57925	-32.91358	-70.75669	SAX_RV_FREEWALL	4	1.0	3
-38.21071	-35.12312	-73.67049	SAX_RV_EPICARDIAL	4	1.0	3
-39.90728	-34.01835	-76.07650	SAX_RV_EPICARDIAL	4	1.0	3
-41.60385	-32.91359	-78.48250	SAX_RV_EPICARDIAL	4	1.0	3
-43.30041	-31.80882	-80.88850	SAX_RV_EPICARDIAL	4	1.0	3
-44.46586	-29.59929	-83.98366	SAX_RV_EPICARDIAL	4	1.0	3
-44.51746	-27.38975	-86.22040	SAX_RV_EPICARDIAL	4	1.0	3
-44.56906	-25.18022	-88.45713	SAX_RV_EPICARDIAL	4	1.0	3
-44.62067	-22.97068	-90.69387	SAX_RV_EPICARDIAL	4	1.0	3
-44.67227	-20.76115	-92.93061	SAX_RV_EPICARDIAL	4	1.0	3
-43.61003	-18.55161	-94.30892	SAX_RV_EPICARDIAL	4	1.0	3
-42.54779	-16.34207	-95.68723	SAX_RV_EPICARDIAL	4	1.0	3
-41.48554	-14.13254	-97.06555	SAX_RV_EPICARDIAL	4	1.0	3
-38.19561	-11.92300	-96.72701	SAX_RV_EPICARDIAL	4	1.0	3
-36.01953	-9.71346	-97.24690	SAX_RV_EPICARDIAL	4	1.0	3
-32.72960	-7.50392	-96.90837	SAX_RV_EPICARDIAL	4	1.0	3
-30.55351	-5.29438	-97.42826	SAX_RV_EPICARDIAL	4	1.0	3
-28.37742	-3.08484	-97.94815	SAX_RV_EPICARDIAL	4	1.0	3
-25.08749	-0.87531	-97.60962	SAX_RV_EPICARDIAL	4	1.0	3
-21.79756	1.33423	-97.27109	SAX_RV_EPICARDIAL	4	1.0	3
-19.03875	2.43900	-96.24340	SAX_RV_EPICARDIAL	4	1.0	3
-16.27994	3.54377	-95.21571	SAX_RV_EPICARDIAL	4	1.0	3
-12.99001	5.75331	-94.87718	SAX_RV_EPICARDIAL	4	1.0	3
-10.23121	6.85808	-93.84949	SAX_RV_EPICARDIAL	4	1.0	3
-7.47240	7.96285	-92.82180	SAX_RV_EPICARDIAL	4	1.0	3
-4.71359	9.06762	-91.79411	SAX_RV_EPICARDIAL	4	1.0	3
-1.95478	10.17239	-90.76642	SAX_RV_EPICARDIAL	4	1.0	3
0.80403	11.27716	-89.73873	SAX_RV_EPICARDIAL	4	1.0	3
3.03172	11.27717	-88.02189	SAX_RV_EPICARDIAL	4	1.0	3
1.96948	9.06763	-86.64358	SAX_RV_EPICARDIAL	4	1.0	3
7.73001	-22.97063	-50.34800	SAX_RV_EPICARDIAL	4	1.0	3
6.66777	-25.18017	-48.96968	SAX_RV_EPICARDIAL	4	1.0	3
3.90896	-26.28494	-49.99737	SAX_RV_EPICARDIAL	4	1.0	3
1.15015	-27.38971	-51.02506	SAX_RV_EPICARDIAL	4	1.0	3
-1.60866	-28.49448	-52.05275	SAX_RV_EPICARDIAL	4	1.0	3
-4.36747	-29.59925	-53.08044	SAX_RV_EPICARDIAL	4	1.0	3
-6.59516	-29.59925	-54.79728	SAX_RV_EPICARDIAL	4	1.0	3
-9.35397	-30.70402	-55.82497	SAX_RV_EPICARDIAL	4	1.0	3
-12.11277	-31.80879	-56.85266	SAX_RV_EPICARDIAL	4	1.0	3
-14.34046	-31.80879	-58.56951	SAX_RV_EPICARDIAL	4	1.0	3
-17.09927	-32.91356	-59.59720	SAX_RV_EPICARDIAL	4	1.0	3
-19.85808	-34.01833	-60.62489	SAX_RV_EPICARDIAL	4	1.0	3
-22.08577	-34.01834	-62.34173	SAX_RV_EPICARDIAL	4	1.0	3
-24.84458	-35.12311	-63.36942	SAX_RV_EPICARDIAL	4	1.0	3
-27.07227	-35.12311	-65.08627	SAX_RV_EPICARDIAL	4	1.0	3
-29.29996	-35.12311	-66.80311	SAX_RV_EPICARDIAL	4	1.0	3
-31.52765	-35.12311	-68.51996	SAX_RV_EPICARDIAL	4	1.0	3
-33.75533	-35.12312	-70.23680	SAX_RV_EPICARDIAL	4	1.0	3
-35.98302	-35.12312	-71.95365	SAX_RV_EPICARDIAL	4	1.0	3
0.32451	7.96286	-86.81284	SAX_RV_SEPTUM	4	1.0	3
0.37612	5.75333	-84.57611	SAX_RV_SEPTUM	4	1.0	3
-0.68613	3.54379	-83.19779	SAX_RV_SEPTUM	4	1.0	3
-1.74837	1.33425	-81.81948	SAX_RV_SEPTUM	4	1.0	3
-2.81061	-0.87528	-80.44116	SAX_RV_SEPTUM	4	1.0	3
-3.87285	-3.08482	-79.06285	SAX_RV_SEPTUM	4	1.0	3
-3.82125	-5.29436	-76.82612	SAX_RV_SEPTUM	4	1.0	3
-3.76965	-7.50389	-74.58938	SAX_RV_SEPTUM	4	1.0	3
-3.71804	-9.71343	-72.35264	SAX_RV_SEPTUM	4	1.0	3
-3.66644	-11.92296	-70.11591	SAX_RV_SEPTUM	4	1.0	3
-2.50100	-14.13250	-67.02075	SAX_RV_SEPTUM	4	1.0	3
-1.33555	-16.34203	-63.92559	SAX_RV_SEPTUM	4	1.0	3
-0.17010	-18.55157	-60.83043	SAX_RV_SEPTUM	4	1.0	3
1.52647	-19.65633	-58.42443	SAX_RV_SEPTUM	4	1.0	3
3.22303	-20.76110	-56.01842	SAX_RV_SEPTUM	4	1.0	3
4.91960	-21.86586	-53.61242	SAX_RV_SEPTUM	4	1.0	3
6.61617	-22.97063	-51.20642	SAX_RV_SEPTUM	4	1.0	3
9.95770	-22.97063	-48.63115	SAX_LV_EPICARDIAL	4	1.0	3
5.79053	12.38194	-86.99420	SAX_LV_EPICARDIAL	4	1.0	3
7.96662	14.59148	-87.51409	SAX_LV_EPICARDIAL	4	1.0	3
10.14270	16.80101	-88.03398	SAX_LV_EPICARDIAL	4	1.0	3
12.31879	19.01055	-88.55387	SAX_LV_EPICARDIAL	4	1.0	3
15.60872	21.22009	-88.21534	SAX_LV_EPICARDIAL	4	1.0	3
18.89865	23.42963	-87.87681	SAX_LV_EPICARDIAL	4	1.0	3
22.18858	25.63917	-87.53828	SAX_LV_EPICARDIAL	4	1.0	3
24.94739	26.74394	-86.51059	SAX_LV_EPICARDIAL	4	1.0	3
27.70620	27.84871	-85.48290	SAX_LV_EPICARDIAL	4	1.0	3
30.46501	28.95348	-84.45521	SAX_LV_EPICARDIAL	4	1.0	3
32.69270	28.95348	-82.73836	SAX_LV_EPICARDIAL	4	1.0	3
34.92038	28.95348	-81.02152	SAX_LV_EPICARDIAL	4	1.0	3
37.14807	28.95349	-79.30467	SAX_LV_EPICARDIAL	4	1.0	3
39.37576	28.95349	-77.58783	SAX_LV_EPICARDIAL	4	1.0	3
41.60345	28.95349	-75.87098	SAX_LV_EPICARDIAL	4	1.0	3
43.83114	28.95349	-74.15413	SAX_LV_EPICARDIAL	4	1.0	3
45.52771	27.84873	-71.74813	SAX_LV_EPICARDIAL	4	1.0	3
47.22427	26.74396	-69.34213	SAX_LV_EPICARDIAL	4	1.0	3
48.92084	25.63919	-66.93613	SAX_LV_EPICARDIAL	4	1.0	3
50.61741	24.53443	-64.53013	SAX_LV_EPICARDIAL	4	1.0	3
51.78285	22.32489	-61.43497	SAX_LV_EPICARDIAL	4	1.0	3
52.36558	21.22013	-59.88739	SAX_LV_EPICARDIAL	4	1.0	3
53.53102	19.01059	-56.79223	SAX_LV_EPICARDIAL	4	1.0	3
53.58263	16.80106	-54.55549	SAX_LV_EPICARDIAL	4	1.0	3
53.63423	14.59152	-52.31876	SAX_LV_EPICARDIAL	4	1.0	3
53.68583	12.38199	-50.08202	SAX_LV_EPICARDIAL	4	1.0	3
52.62359	10.17245	-48.70371	SAX_LV_EPICARDIAL	4	1.0	3
52.67519	7.96291	-46.46697	SAX_LV_EPICARDIAL	4	1.0	3
51.61295	5.75338	-45.08866	SAX_LV_EPICARDIAL	4	1.0	3
50.55071	3.54384	-43.71034	SAX_LV_EPICARDIAL	4	1.0	3
49.48847	1.33430	-42.33203	SAX_LV_EPICARDIAL	4	1.0	3
48.42622	-0.87523	-40.95372	SAX_LV_EPICARDIAL	4	1.0	3
46.25014	-3.08477	-40.43382	SAX_LV_EPICARDIAL	4	1.0	3
45.18790	-5.29431	-39.05551	SAX_LV_EPICARDIAL	4	1.0	3
43.01181	-7.50385	-38.53562	SAX_LV_EPICARDIAL	4	1.0	3
40.83572	-9.71338	-38.01573	SAX_LV_EPICARDIAL	4	1.0	3
38.65964	-11.92292	-37.49584	SAX_LV_EPICARDIAL	4	1.0	3
35.36971	-14.13246	-37.83437	SAX_LV_EPICARDIAL	4	1.0	3
32.07978	-16.34200	-38.17290	SAX_LV_EPICARDIAL	4	1.0	3
28.78985	-18.55154	-38.51144	SAX_LV_EPICARDIAL	4	1.0	3
26.03104	-19.65631	-39.53912	SAX_LV_EPICARDIAL	4	1.0	3
23.27223	-20.76108	-40.56681	SAX_LV_EPICARDIAL	4	1.0	3
20.51342	-21.86585	-41.59450	SAX_LV_EPICARDIAL	4	1.0	3
18.28573	-21.86585	-43.31135	SAX_LV_EPICARDIAL	4	1.0	3
15.52692	-22.97062	-44.33904	SAX_LV_EPICARDIAL	4	1.0	3
13.29923	-22.97062	-46.05588	SAX_LV_EPICARDIAL	4	1.0	3
11.07154	-22.97063	-47.77273	SAX_LV_EPICARDIAL	4	1.0	3
13.67555	-15.23725	-53.45525	SAX_LV_ENDOCARDIAL	4	1.0	3
11.97898	-14.13248	-55.86125	SAX_LV_ENDOCARDIAL	4	1.0	3
10.28241	-13.02772	-58.26725	SAX_LV_ENDOCARDIAL	4	1.0	3
8.58584	-11.92295	-60.67326	SAX_LV_ENDOCARDIAL	4	1.0	3
6.88928	-10.81818	-63.07926	SAX_LV_ENDOCARDIAL	4	1.0	3
5.72383	-8.60865	-66.17442	SAX_LV_ENDOCARDIAL	4	1.0	3
4.55838	-6.39912	-69.26958	SAX_LV_ENDOCARDIAL	4	1.0	3
4.50678	-4.18958	-71.50631	SAX_LV_ENDOCARDIAL	4	1.0	3
4.45518	-1.98004	-73.74305	SAX_LV_ENDOCARDIAL	4	1.0	3
5.51742	0.22949	-75.12136	SAX_LV_ENDOCARDIAL	4	1.0	3
5.46582	2.43903	-77.35810	SAX_LV_ENDOCARDIAL	4	1.0	3
6.52806	4.64856	-78.73641	SAX_LV_ENDOCARDIAL	4	1.0	3
8.70415	6.85810	-79.25630	SAX_LV_ENDOCARDIAL	4	1.0	3
9.76639	9.06764	-80.63462	SAX_LV_ENDOCARDIAL	4	1.0	3
10.82863	11.27717	-82.01293	SAX_LV_ENDOCARDIAL	4	1.0	3
13.00472	13.48671	-82.53282	SAX_LV_ENDOCARDIAL	4	1.0	3
15.18080	15.69625	-83.05271	SAX_LV_ENDOCARDIAL	4	1.0	3
18.47073	17.90579	-82.71418	SAX_LV_ENDOCARDIAL	4	1.0	3
20.64682	20.11533	-83.23407	SAX_LV_ENDOCARDIAL	4	1.0	3
23.40563	21.22010	-82.20638	SAX_LV_ENDOCARDIAL	4	1.0	3
26.16444	22.32487	-81.17869	SAX_LV_ENDOCARDIAL	4	1.0	3
28.39213	22.32487	-79.46185	SAX_LV_ENDOCARDIAL	4	1.0	3
31.15094	23.42964	-78.43416	SAX_LV_ENDOCARDIAL	4	1.0	3
33.37862	23.42964	-76.71731	SAX_LV_ENDOCARDIAL	4	1.0	3
35.60631	23.42964	-75.00047	SAX_LV_ENDOCARDIAL	4	1.0	3
37.83400	23.42965	-73.28362	SAX_LV_ENDOCARDIAL	4	1.0	3
40.06169	23.42965	-71.56677	SAX_LV_ENDOCARDIAL	4	1.0	3
41.75826	22.32488	-69.16077	SAX_LV_ENDOCARDIAL	4	1.0	3
43.45482	21.22012	-66.75477	SAX_LV_ENDOCARDIAL	4	1.0	3
45.15139	20.11535	-64.34877	SAX_LV_ENDOCARDIAL	4	1.0	3
46.84796	19.01058	-61.94276	SAX_LV_ENDOCARDIAL	4	1.0	3
46.89956	16.80105	-59.70603	SAX_LV_ENDOCARDIAL	4	1.0	3
48.06501	14.59152	-56.61087	SAX_LV_ENDOCARDIAL	4	1.0	3
48.11661	12.38198	-54.37413	SAX_LV_ENDOCARDIAL	4	1.0	3
47.05437	10.17244	-52.99582	SAX_LV_ENDOCARDIAL	4	1.0	3
47.10597	7.96291	-50.75908	SAX_LV_ENDOCARDIAL	4	1.0	3
46.04373	5.75337	-49.38077	SAX_LV_ENDOCARDIAL	4	1.0	3
44.98149	3.54383	-48.00246	SAX_LV_ENDOCARDIAL	4	1.0	3
43.91925	1.33430	-46.62414	SAX_LV_ENDOCARDIAL	4	1.0	3
41.74316	-0.87524	-46.10425	SAX_LV_ENDOCARDIAL	4	1.0	3
39.56707	-3.08478	-45.58436	SAX_LV_ENDOCARDIAL	4	1.0	3
37.39099	-5.29432	-45.06447	SAX_LV_ENDOCARDIAL	4	1.0	3
35.21490	-7.50385	-44.54458	SAX_LV_ENDOCARDIAL	4	1.0	3
33.03881	-9.71339	-44.02469	SAX_LV_ENDOCARDIAL	4	1.0	3
29.74888	-11.92293	-44.36322	SAX_LV_ENDOCARDIAL	4	1.0	3
26.99008	-13.02770	-45.39091	SAX_LV_ENDOCARDIAL	4	1.0	3
24.23127	-14.13247	-46.41860	SAX_LV_ENDOCARDIAL	4	1.0	3
21.47246	-15.23724	-47.44629	SAX_LV_ENDOCARDIAL	4	1.0	3
19.24477	-15.23724	-49.16313	SAX_LV_ENDOCARDIAL	4	1.0	3
17.01708	-15.23725	-50.87998	SAX_LV_ENDOCARDIAL	4	1.0	3
14.78939	-15.23725	-52.59683	SAX_LV_ENDOCARDIAL	4	1.0	3
0.32451	7.96286	-86.81284	RV_INSERT	4	1.0	3
6.61617	-22.97063	-51.20642	RV_INSERT	4	1.0	3
-13.95899	-29.50259	-89.01289	SAX_RV_FREEWALL	5	1.0	3
-15.65555	-28.39782	-91.41889	SAX_RV_FREEWALL	5	1.0	3
-17.35212	-27.29306	-93.82489	SAX_RV_FREEWALL	5	1.0	3
-17.93485	-26.18829	-95.37247	SAX_RV_FREEWALL	5	1.0	3
-16.87260	-23.97875	-96.75078	SAX_RV_FREEWALL	5	1.0	3
-15.81036	-21.76922	-98.12910	SAX_RV_FREEWALL	5	1.0	3
-13.63428	-19.55968	-98.64899	SAX_RV_FREEWALL	5	1.0	3
-11.45819	-17.35014	-99.16888	SAX_RV_FREEWALL	5	1.0	3
-8.16826	-15.14060	-98.83035	SAX_RV_FREEWALL	5	1.0	3
-5.99217	-12.93106	-99.35024	SAX_RV_FREEWALL	5	1.0	3
-2.70224	-10.72152	-99.01170	SAX_RV_FREEWALL	5	1.0	3
0.05657	-9.61675	-97.98402	SAX_RV_FREEWALL	5	1.0	3
3.34650	-7.40722	-97.64548	SAX_RV_FREEWALL	5	1.0	3
6.63643	-5.19768	-97.30695	SAX_RV_FREEWALL	5	1.0	3
9.39524	-4.09291	-96.27926	SAX_RV_FREEWALL	5	1.0	3
11.62293	-4.09290	-94.56242	SAX_RV_FREEWALL	5	1.0	3
9.85966	-23.97873	-76.14864	SAX_RV_FREEWALL	5	1.0	3
7.63197	-23.97873	-77.86548	SAX_RV_FREEWALL	5	1.0	3
4.87316	-25.08350	-78.89317	SAX_RV_FREEWALL	5	1.0	3
2.64547	-25.08350	-80.61002	SAX_RV_FREEWALL	5	1.0	3
-0.11334	-26.18827	-81.63770	SAX_RV_FREEWALL	5	1.0	3
-2.87215	-27.29304	-82.66539	SAX_RV_FREEWALL	5	1.0	3
-5.09984	-27.29304	-84.38224	SAX_RV_FREEWALL	5	1.0	3
-7.85864	-28.39781	-85.40993	SAX_RV_FREEWALL	5	1.0	3
-10.61745	-29.50258	-86.43762	SAX_RV_FREEWALL	5	1.0	3
-12.84514	-29.50259	-88.15446	SAX_RV_FREEWALL	5	1.0	3
-17.78004	-32.81689	-88.66226	SAX_RV_EPICARDIAL	5	1.0	3
-19.47661	-31.71213	-91.06826	SAX_RV_EPICARDIAL	5	1.0	3
-21.17317	-30.60736	-93.47427	SAX_RV_EPICARDIAL	5	1.0	3
-21.75590	-29.50260	-95.02185	SAX_RV_EPICARDIAL	5	1.0	3
-21.80750	-27.29306	-97.25858	SAX_RV_EPICARDIAL	5	1.0	3
-20.74526	-25.08352	-98.63689	SAX_RV_EPICARDIAL	5	1.0	3
-19.68301	-22.87399	-100.01521	SAX_RV_EPICARDIAL	5	1.0	3
-17.50693	-20.66445	-100.53510	SAX_RV_EPICARDIAL	5	1.0	3
-15.33084	-18.45491	-101.05499	SAX_RV_EPICARDIAL	5	1.0	3
-13.15476	-16.24537	-101.57488	SAX_RV_EPICARDIAL	5	1.0	3
-10.97867	-14.03584	-102.09477	SAX_RV_EPICARDIAL	5	1.0	3
-7.68874	-11.82630	-101.75624	SAX_RV_EPICARDIAL	5	1.0	3
-4.39881	-9.61676	-101.41771	SAX_RV_EPICARDIAL	5	1.0	3
-1.10888	-7.40722	-101.07917	SAX_RV_EPICARDIAL	5	1.0	3
2.18105	-5.19768	-100.74064	SAX_RV_EPICARDIAL	5	1.0	3
4.93986	-4.09291	-99.71295	SAX_RV_EPICARDIAL	5	1.0	3
7.69867	-2.98814	-98.68526	SAX_RV_EPICARDIAL	5	1.0	3
10.98860	-0.77860	-98.34673	SAX_RV_EPICARDIAL	5	1.0	3
13.21629	-0.77860	-96.62989	SAX_RV_EPICARDIAL	5	1.0	3
15.44398	-0.77860	-94.91304	SAX_RV_EPICARDIAL	5	1.0	3
15.49558	-2.98813	-92.67630	SAX_RV_EPICARDIAL	5	1.0	3
13.73231	-22.87395	-74.26252	SAX_RV_EPICARDIAL	5	1.0	3
14.89776	-25.08349	-71.16736	SAX_RV_EPICARDIAL	5	1.0	3
13.25279	-26.18826	-71.33663	SAX_RV_EPICARDIAL	5	1.0	3
10.49398	-27.29303	-72.36432	SAX_RV_EPICARDIAL	5	1.0	3
8.26630	-27.29303	-74.08117	SAX_RV_EPICARDIAL	5	1.0	3
6.03861	-27.29303	-75.79801	SAX_RV_EPICARDIAL	5	1.0	3
3.81092	-27.29303	-77.51486	SAX_RV_EPICARDIAL	5	1.0	3
1.05211	-28.39780	-78.54255	SAX_RV_EPICARDIAL	5	1.0	3
-1.70670	-29.50258	-79.57023	SAX_RV_EPICARDIAL	5	1.0	3
-4.46551	-30.60735	-80.59792	SAX_RV_EPICARDIAL	5	1.0	3
-7.22432	-31.71212	-81.62561	SAX_RV_EPICARDIAL	5	1.0	3
-9.45201	-31.71212	-83.34246	SAX_RV_EPICARDIAL	5	1.0	3
-11.67970	-31.71212	-85.05930	SAX_RV_EPICARDIAL	5	1.0	3
-14.43851	-32.81689	-86.08699	SAX_RV_EPICARDIAL	5	1.0	3
-16.66619	-32.81689	-87.80384	SAX_RV_EPICARDIAL	5	1.0	3
13.85061	-4.09290	-92.84557	SAX_RV_SEPTUM	5	1.0	3
14.43334	-5.19767	-91.29799	SAX_RV_SEPTUM	5	1.0	3
13.37110	-7.40721	-89.91968	SAX_RV_SEPTUM	5	1.0	3
12.30885	-9.61674	-88.54136	SAX_RV_SEPTUM	5	1.0	3
11.24661	-11.82628	-87.16305	SAX_RV_SEPTUM	5	1.0	3
11.29821	-14.03581	-84.92631	SAX_RV_SEPTUM	5	1.0	3
11.34982	-16.24535	-82.68958	SAX_RV_SEPTUM	5	1.0	3
11.40142	-18.45488	-80.45284	SAX_RV_SEPTUM	5	1.0	3
12.56686	-20.66442	-77.35768	SAX_RV_SEPTUM	5	1.0	3
13.73231	-22.87395	-74.26252	SAX_RV_SEPTUM	5	1.0	3
12.08735	-23.97872	-74.43179	SAX_RV_SEPTUM	5	1.0	3
18.82201	-26.18825	-67.04452	SAX_LV_EPICARDIAL	5	1.0	3
17.12545	-25.08349	-69.45052	SAX_LV_EPICARDIAL	5	1.0	3
18.25439	-1.88336	-91.64862	SAX_LV_EPICARDIAL	5	1.0	3
19.31663	0.32617	-93.02693	SAX_LV_EPICARDIAL	5	1.0	3
22.60656	2.53571	-92.68840	SAX_LV_EPICARDIAL	5	1.0	3
24.78265	4.74525	-93.20829	SAX_LV_EPICARDIAL	5	1.0	3
28.07258	6.95479	-92.86976	SAX_LV_EPICARDIAL	5	1.0	3
30.83139	8.05956	-91.84207	SAX_LV_EPICARDIAL	5	1.0	3
33.59020	9.16433	-90.81438	SAX_LV_EPICARDIAL	5	1.0	3
36.34900	10.26910	-89.78669	SAX_LV_EPICARDIAL	5	1.0	3
39.10781	11.37387	-88.75900	SAX_LV_EPICARDIAL	5	1.0	3
41.33550	11.37387	-87.04215	SAX_LV_EPICARDIAL	5	1.0	3
43.56319	11.37388	-85.32531	SAX_LV_EPICARDIAL	5	1.0	3
45.79088	11.37388	-83.60846	SAX_LV_EPICARDIAL	5	1.0	3
47.48745	10.26911	-81.20246	SAX_LV_EPICARDIAL	5	1.0	3
49.71514	10.26911	-79.48561	SAX_LV_EPICARDIAL	5	1.0	3
51.41170	9.16435	-77.07961	SAX_LV_EPICARDIAL	5	1.0	3
53.10827	8.05958	-74.67361	SAX_LV_EPICARDIAL	5	1.0	3
54.27372	5.85005	-71.57845	SAX_LV_EPICARDIAL	5	1.0	3
54.32532	3.64051	-69.34171	SAX_LV_EPICARDIAL	5	1.0	3
55.49077	1.43098	-66.24656	SAX_LV_EPICARDIAL	5	1.0	3
54.42852	-0.77856	-64.86824	SAX_LV_EPICARDIAL	5	1.0	3
54.48013	-2.98809	-62.63151	SAX_LV_EPICARDIAL	5	1.0	3
53.41788	-5.19763	-61.25319	SAX_LV_EPICARDIAL	5	1.0	3
52.35564	-7.40717	-59.87488	SAX_LV_EPICARDIAL	5	1.0	3
51.29340	-9.61670	-58.49657	SAX_LV_EPICARDIAL	5	1.0	3
50.23116	-11.82624	-57.11825	SAX_LV_EPICARDIAL	5	1.0	3
48.05507	-14.03578	-56.59836	SAX_LV_EPICARDIAL	5	1.0	3
45.87899	-16.24532	-56.07847	SAX_LV_EPICARDIAL	5	1.0	3
43.70290	-18.45485	-55.55858	SAX_LV_EPICARDIAL	5	1.0	3
40.41297	-20.66439	-55.89711	SAX_LV_EPICARDIAL	5	1.0	3
37.12304	-22.87393	-56.23564	SAX_LV_EPICARDIAL	5	1.0	3
34.36423	-23.97870	-57.26333	SAX_LV_EPICARDIAL	5	1.0	3
31.60542	-25.08347	-58.29102	SAX_LV_EPICARDIAL	5	1.0	3
29.37773	-25.08347	-60.00787	SAX_LV_EPICARDIAL	5	1.0	3
26.61892	-26.18824	-61.03556	SAX_LV_EPICARDIAL	5	1.0	3
24.39124	-26.18825	-62.75240	SAX_LV_EPICARDIAL	5	1.0	3
22.16355	-26.18825	-64.46925	SAX_LV_EPICARDIAL	5	1.0	3
19.93586	-26.18825	-66.18609	SAX_LV_EPICARDIAL	5	1.0	3
23.12258	-19.55964	-70.32103	SAX_LV_ENDOCARDIAL	5	1.0	3
21.42602	-18.45487	-72.72704	SAX_LV_ENDOCARDIAL	5	1.0	3
20.26057	-16.24534	-75.82220	SAX_LV_ENDOCARDIAL	5	1.0	3
19.09512	-14.03581	-78.91735	SAX_LV_ENDOCARDIAL	5	1.0	3
19.04352	-11.82627	-81.15409	SAX_LV_ENDOCARDIAL	5	1.0	3
18.99192	-9.61674	-83.39083	SAX_LV_ENDOCARDIAL	5	1.0	3
20.05416	-7.40720	-84.76914	SAX_LV_ENDOCARDIAL	5	1.0	3
21.11640	-5.19766	-86.14745	SAX_LV_ENDOCARDIAL	5	1.0	3
22.17864	-2.98813	-87.52577	SAX_LV_ENDOCARDIAL	5	1.0	3
24.35473	-0.77859	-88.04566	SAX_LV_ENDOCARDIAL	5	1.0	3
27.64466	1.43095	-87.70713	SAX_LV_ENDOCARDIAL	5	1.0	3
30.93459	3.64049	-87.36859	SAX_LV_ENDOCARDIAL	5	1.0	3
33.16228	3.64049	-85.65175	SAX_LV_ENDOCARDIAL	5	1.0	3
35.92109	4.74526	-84.62406	SAX_LV_ENDOCARDIAL	5	1.0	3
38.67990	5.85003	-83.59637	SAX_LV_ENDOCARDIAL	5	1.0	3
40.37647	4.74527	-81.19037	SAX_LV_ENDOCARDIAL	5	1.0	3
42.60415	4.74527	-79.47352	SAX_LV_ENDOCARDIAL	5	1.0	3
44.83184	4.74527	-77.75668	SAX_LV_ENDOCARDIAL	5	1.0	3
46.52841	3.64051	-75.35067	SAX_LV_ENDOCARDIAL	5	1.0	3
47.69386	1.43097	-72.25552	SAX_LV_ENDOCARDIAL	5	1.0	3
47.74546	-0.77856	-70.01878	SAX_LV_ENDOCARDIAL	5	1.0	3
47.79706	-2.98810	-67.78204	SAX_LV_ENDOCARDIAL	5	1.0	3
46.73482	-5.19764	-66.40373	SAX_LV_ENDOCARDIAL	5	1.0	3
45.67258	-7.40717	-65.02542	SAX_LV_ENDOCARDIAL	5	1.0	3
44.61034	-9.61671	-63.64710	SAX_LV_ENDOCARDIAL	5	1.0	3
42.43425	-11.82625	-63.12721	SAX_LV_ENDOCARDIAL	5	1.0	3
40.25816	-14.03579	-62.60732	SAX_LV_ENDOCARDIAL	5	1.0	3
38.08208	-16.24532	-62.08743	SAX_LV_ENDOCARDIAL	5	1.0	3
35.32327	-17.35009	-63.11512	SAX_LV_ENDOCARDIAL	5	1.0	3
32.56446	-18.45486	-64.14281	SAX_LV_ENDOCARDIAL	5	1.0	3
29.80565	-19.55963	-65.17050	SAX_LV_ENDOCARDIAL	5	1.0	3
27.57796	-19.55964	-66.88734	SAX_LV_ENDOCARDIAL	5	1.0	3
25.35027	-19.55964	-68.60419	SAX_LV_ENDOCARDIAL	5	1.0	3
13.85061	-4.09290	-92.84557	RV_INSERT	5	1.0	3
12.08735	-23.97872	-74.43179	RV_INSERT	5	1.0	3
12.04191	-27.19736	-99.71254	SAX_RV_FREEWALL	6	1.0	3
10.34534	-26.09259	-102.11854	SAX_RV_FREEWALL	6	1.0	3
9.17989	-23.88306	-105.21370	SAX_RV_FREEWALL	6	1.0	3
10.24213	-21.67352	-106.59201	SAX_RV_FREEWALL	6	1.0	3
11.30438	-19.46398	-107.97033	SAX_RV_FREEWALL	6	1.0	3
14.59431	-17.25444	-107.63179	SAX_RV_FREEWALL	6	1.0	3
17.35312	-16.14967	-106.60411	SAX_RV_FREEWALL	6	1.0	3
19.58080	-16.14967	-104.88726	SAX_RV_FREEWALL	6	1.0	3
21.80849	-16.14967	-103.17041	SAX_RV_FREEWALL	6	1.0	3
19.25609	-26.09258	-95.25116	SAX_RV_FREEWALL	6	1.0	3
16.49728	-27.19735	-96.27885	SAX_RV_FREEWALL	6	1.0	3
14.26960	-27.19735	-97.99569	SAX_RV_FREEWALL	6	1.0	3
8.75198	-29.40690	-100.05107	SAX_RV_EPICARDIAL	6	1.0	3
7.05541	-28.30213	-102.45707	SAX_RV_EPICARDIAL	6	1.0	3
5.88996	-26.09260	-105.55223	SAX_RV_EPICARDIAL	6	1.0	3
6.95220	-23.88306	-106.93054	SAX_RV_EPICARDIAL	6	1.0	3
6.90060	-21.67352	-109.16728	SAX_RV_EPICARDIAL	6	1.0	3
9.07669	-19.46399	-109.68717	SAX_RV_EPICARDIAL	6	1.0	3
11.25277	-17.25445	-110.20706	SAX_RV_EPICARDIAL	6	1.0	3
14.01158	-16.14968	-109.17937	SAX_RV_EPICARDIAL	6	1.0	3
17.30151	-13.94014	-108.84084	SAX_RV_EPICARDIAL	6	1.0	3
19.52920	-13.94014	-107.12400	SAX_RV_EPICARDIAL	6	1.0	3
21.75689	-13.94013	-105.40715	SAX_RV_EPICARDIAL	6	1.0	3
24.51570	-12.83536	-104.37946	SAX_RV_EPICARDIAL	6	1.0	3
24.56730	-15.04490	-102.14272	SAX_RV_EPICARDIAL	6	1.0	3
22.59763	-26.09258	-92.67589	SAX_RV_EPICARDIAL	6	1.0	3
21.53538	-28.30212	-91.29758	SAX_RV_EPICARDIAL	6	1.0	3
19.30770	-28.30212	-93.01442	SAX_RV_EPICARDIAL	6	1.0	3
16.54889	-29.40689	-94.04211	SAX_RV_EPICARDIAL	6	1.0	3
14.32120	-29.40689	-95.75896	SAX_RV_EPICARDIAL	6	1.0	3
12.09351	-29.40689	-97.47580	SAX_RV_EPICARDIAL	6	1.0	3
9.86582	-29.40689	-99.19265	SAX_RV_EPICARDIAL	6	1.0	3
24.03618	-16.14967	-101.45357	SAX_RV_SEPTUM	6	1.0	3
22.97394	-18.35920	-100.07525	SAX_RV_SEPTUM	6	1.0	3
21.91170	-20.56874	-98.69694	SAX_RV_SEPTUM	6	1.0	3
21.96330	-22.77828	-96.46021	SAX_RV_SEPTUM	6	1.0	3
22.01490	-24.98781	-94.22347	SAX_RV_SEPTUM	6	1.0	3
29.38390	-30.51164	-83.05188	SAX_LV_EPICARDIAL	6	1.0	3
27.68733	-29.40688	-85.45788	SAX_LV_EPICARDIAL	6	1.0	3
25.45964	-29.40688	-87.17473	SAX_LV_EPICARDIAL	6	1.0	3
23.76307	-28.30211	-89.58073	SAX_LV_EPICARDIAL	6	1.0	3
27.85723	-12.83536	-101.80419	SAX_LV_EPICARDIAL	6	1.0	3
30.03332	-10.62582	-102.32408	SAX_LV_EPICARDIAL	6	1.0	3
33.32325	-8.41628	-101.98555	SAX_LV_EPICARDIAL	6	1.0	3
36.08206	-7.31151	-100.95786	SAX_LV_EPICARDIAL	6	1.0	3
38.84087	-6.20674	-99.93017	SAX_LV_EPICARDIAL	6	1.0	3
41.06856	-6.20674	-98.21333	SAX_LV_EPICARDIAL	6	1.0	3
43.29624	-6.20674	-96.49648	SAX_LV_EPICARDIAL	6	1.0	3
45.52393	-6.20674	-94.77964	SAX_LV_EPICARDIAL	6	1.0	3
47.75162	-6.20673	-93.06279	SAX_LV_EPICARDIAL	6	1.0	3
49.44819	-7.31150	-90.65679	SAX_LV_EPICARDIAL	6	1.0	3
50.61364	-9.52103	-87.56163	SAX_LV_EPICARDIAL	6	1.0	3
50.66524	-11.73057	-85.32489	SAX_LV_EPICARDIAL	6	1.0	3
50.71684	-13.94011	-83.08816	SAX_LV_EPICARDIAL	6	1.0	3
49.65460	-16.14964	-81.70984	SAX_LV_EPICARDIAL	6	1.0	3
48.59236	-18.35918	-80.33153	SAX_LV_EPICARDIAL	6	1.0	3
47.53011	-20.56872	-78.95322	SAX_LV_EPICARDIAL	6	1.0	3
46.46787	-22.77825	-77.57490	SAX_LV_EPICARDIAL	6	1.0	3
44.29179	-24.98779	-77.05501	SAX_LV_EPICARDIAL	6	1.0	3
42.11570	-27.19733	-76.53512	SAX_LV_EPICARDIAL	6	1.0	3
39.35689	-28.30210	-77.56281	SAX_LV_EPICARDIAL	6	1.0	3
36.59808	-29.40687	-78.59050	SAX_LV_EPICARDIAL	6	1.0	3
34.37039	-29.40687	-80.30735	SAX_LV_EPICARDIAL	6	1.0	3
31.61158	-30.51164	-81.33503	SAX_LV_EPICARDIAL	6	1.0	3
32.62222	-26.09257	-84.95008	SAX_LV_ENDOCARDIAL	6	1.0	3
30.92566	-24.98780	-87.35609	SAX_LV_ENDOCARDIAL	6	1.0	3
29.22909	-23.88304	-89.76209	SAX_LV_ENDOCARDIAL	6	1.0	3
28.06364	-21.67350	-92.85725	SAX_LV_ENDOCARDIAL	6	1.0	3
28.01204	-19.46397	-95.09398	SAX_LV_ENDOCARDIAL	6	1.0	3
29.07428	-17.25443	-96.47230	SAX_LV_ENDOCARDIAL	6	1.0	3
30.13652	-15.04489	-97.85061	SAX_LV_ENDOCARDIAL	6	1.0	3
32.31261	-12.83536	-98.37050	SAX_LV_ENDOCARDIAL	6	1.0	3
34.48870	-10.62582	-98.89039	SAX_LV_ENDOCARDIAL	6	1.0	3
37.24750	-9.52105	-97.86270	SAX_LV_ENDOCARDIAL	6	1.0	3
39.47519	-9.52105	-96.14586	SAX_LV_ENDOCARDIAL	6	1.0	3
41.70288	-9.52104	-94.42901	SAX_LV_ENDOCARDIAL	6	1.0	3
43.39945	-10.62581	-92.02301	SAX_LV_ENDOCARDIAL	6	1.0	3
44.56490	-12.83534	-88.92785	SAX_LV_ENDOCARDIAL	6	1.0	3
44.61650	-15.04488	-86.69111	SAX_LV_ENDOCARDIAL	6	1.0	3
43.55426	-17.25442	-85.31280	SAX_LV_ENDOCARDIAL	6	1.0	3
42.49201	-19.46395	-83.93449	SAX_LV_ENDOCARDIAL	6	1.0	3
41.42977	-21.67349	-82.55617	SAX_LV_ENDOCARDIAL	6	1.0	3
39.25369	-23.88303	-82.03628	SAX_LV_ENDOCARDIAL	6	1.0	3
36.49488	-24.98780	-83.06397	SAX_LV_ENDOCARDIAL	6	1.0	3
33.73607	-26.09257	-84.09166	SAX_LV_ENDOCARDIAL	6	1.0	3
21.80849	-16.14967	-103.17041	RV_INSERT	6	1.0	3
22.01490	-24.98781	-94.22347	RV_INSERT	6	1.0	3
6.80742	21.52609	-22.73920	LAX_LV_ENDOCARDIAL	9	1.0	3
8.61021	19.35775	-24.13059	LAX_LV_ENDOCARDIAL	9	1.0	3
10.41300	17.18942	-25.52197	LAX_LV_ENDOCARDIAL	9	1.0	3
12.16074	14.98593	-25.50863	LAX_LV_ENDOCARDIAL	9	1.0	3
13.96354	12.81759	-26.90001	LAX_LV_ENDOCARDIAL	9	1.0	3
15.71128	10.61411	-26.88667	LAX_LV_ENDOCARDIAL	9	1.0	3
17.51407	8.44577	-28.27805	LAX_LV_ENDOCARDIAL	9	1.0	3
19.26182	6.24229	-28.26471	LAX_LV_ENDOCARDIAL	9	1.0	3
21.00957	4.03880	-28.25136	LAX_LV_ENDOCARDIAL	9	1.0	3
22.75731	1.83531	-28.23802	LAX_LV_ENDOCARDIAL	9	1.0	3
24.56010	-0.33302	-29.62940	LAX_LV_ENDOCARDIAL	9	1.0	3
26.41794	-2.46621	-32.42552	LAX_LV_ENDOCARDIAL	9	1.0	3
28.22073	-4.63454	-33.81691	LAX_LV_ENDOCARDIAL	9	1.0	3
29.20469	-5.66598	-36.61970	LAX_LV_ENDOCARDIAL	9	1.0	3
30.18866	-6.69742	-39.42250	LAX_LV_ENDOCARDIAL	9	1.0	3
31.17262	-7.72886	-42.22529	LAX_LV_ENDOCARDIAL	9	1.0	3
32.15658	-8.76030	-45.02808	LAX_LV_ENDOCARDIAL	9	1.0	3
33.14054	-9.79174	-47.83087	LAX_LV_ENDOCARDIAL	9	1.0	3
34.12451	-10.82318	-50.63366	LAX_LV_ENDOCARDIAL	9	1.0	3
35.10847	-11.85462	-53.43646	LAX_LV_ENDOCARDIAL	9	1.0	3
36.09243	-12.88606	-56.23925	LAX_LV_ENDOCARDIAL	9	1.0	3
37.07639	-13.91750	-59.04204	LAX_LV_ENDOCARDIAL	9	1.0	3
38.06035	-14.94894	-61.84483	LAX_LV_ENDOCARDIAL	9	1.0	3
39.04432	-15.98038	-64.64763	LAX_LV_ENDOCARDIAL	9	1.0	3
39.15441	-15.91007	-67.45709	LAX_LV_ENDOCARDIAL	9	1.0	3
40.13837	-16.94151	-70.25988	LAX_LV_ENDOCARDIAL	9	1.0	3
41.12233	-17.97295	-73.06268	LAX_LV_ENDOCARDIAL	9	1.0	3
42.10629	-19.00439	-75.86547	LAX_LV_ENDOCARDIAL	9	1.0	3
42.21638	-18.93409	-78.67493	LAX_LV_ENDOCARDIAL	9	1.0	3
42.32647	-18.86378	-81.48440	LAX_LV_ENDOCARDIAL	9	1.0	3
43.31043	-19.89522	-84.28719	LAX_LV_ENDOCARDIAL	9	1.0	3
42.54665	-18.72318	-87.10333	LAX_LV_ENDOCARDIAL	9	1.0	3
42.65674	-18.65287	-89.91280	LAX_LV_ENDOCARDIAL	9	1.0	3
42.76683	-18.58257	-92.72226	LAX_LV_ENDOCARDIAL	9	1.0	3
42.00304	-17.41052	-95.53840	LAX_LV_ENDOCARDIAL	9	1.0	3
40.36539	-15.13673	-98.36121	LAX_LV_ENDOCARDIAL	9	1.0	3
38.61764	-12.93324	-98.37456	LAX_LV_ENDOCARDIAL	9	1.0	3
36.86989	-10.72976	-98.38790	LAX_LV_ENDOCARDIAL	9	1.0	3
35.06710	-8.56142	-96.99652	LAX_LV_ENDOCARDIAL	9	1.0	3
33.26431	-6.39309	-95.60513	LAX_LV_ENDOCARDIAL	9	1.0	3
31.46152	-4.22475	-94.21374	LAX_LV_ENDOCARDIAL	9	1.0	3
29.65873	-2.05642	-92.82235	LAX_LV_ENDOCARDIAL	9	1.0	3
27.85594	0.11192	-91.43097	LAX_LV_ENDOCARDIAL	9	1.0	3
26.05315	2.28025	-90.03958	LAX_LV_ENDOCARDIAL	9	1.0	3
24.25036	4.44859	-88.64819	LAX_LV_ENDOCARDIAL	9	1.0	3
22.44756	6.61692	-87.25681	LAX_LV_ENDOCARDIAL	9	1.0	3
20.64477	8.78526	-85.86542	LAX_LV_ENDOCARDIAL	9	1.0	3
18.89703	10.98874	-85.87877	LAX_LV_ENDOCARDIAL	9	1.0	3
17.09424	13.15708	-84.48738	LAX_LV_ENDOCARDIAL	9	1.0	3
15.34649	15.36057	-84.50073	LAX_LV_ENDOCARDIAL	9	1.0	3
13.54370	17.52890	-83.10934	LAX_LV_ENDOCARDIAL	9	1.0	3
11.74091	19.69724	-81.71795	LAX_LV_ENDOCARDIAL	9	1.0	3
9.88307	21.83042	-78.92183	LAX_LV_ENDOCARDIAL	9	1.0	3
8.08028	23.99875	-77.53045	LAX_LV_ENDOCARDIAL	9	1.0	3
6.27749	26.16709	-76.13906	LAX_LV_ENDOCARDIAL	9	1.0	3
4.47470	28.33542	-74.74767	LAX_LV_ENDOCARDIAL	9	1.0	3
2.67191	30.50376	-73.35628	LAX_LV_ENDOCARDIAL	9	1.0	3
0.81407	32.63694	-70.56017	LAX_LV_ENDOCARDIAL	9	1.0	3
-1.04376	34.77012	-67.76405	LAX_LV_ENDOCARDIAL	9	1.0	3
-2.90160	36.90331	-64.96793	LAX_LV_ENDOCARDIAL	9	1.0	3
-3.88556	37.93475	-62.16513	LAX_LV_ENDOCARDIAL	9	1.0	3
5.05967	23.72957	-22.75254	LAX_LV_ENDOCARDIAL	9	1.0	3
15.32597	10.36804	-17.05354	LAX_LV_EPICARDIAL	9	1.0	3
17.12876	8.19971	-18.44493	LAX_LV_EPICARDIAL	9	1.0	3
18.93155	6.03137	-19.83631	LAX_LV_EPICARDIAL	9	1.0	3
20.67930	3.82789	-19.82297	LAX_LV_EPICARDIAL	9	1.0	3
22.48209	1.65955	-21.21435	LAX_LV_EPICARDIAL	9	1.0	3
24.28488	-0.50878	-22.60574	LAX_LV_EPICARDIAL	9	1.0	3
26.03263	-2.71227	-22.59239	LAX_LV_EPICARDIAL	9	1.0	3
27.89046	-4.84545	-25.38851	LAX_LV_EPICARDIAL	9	1.0	3
29.74830	-6.97864	-28.18463	LAX_LV_EPICARDIAL	9	1.0	3
31.60613	-9.11182	-30.98075	LAX_LV_EPICARDIAL	9	1.0	3
33.46397	-11.24500	-33.77687	LAX_LV_EPICARDIAL	9	1.0	3
34.44793	-12.27644	-36.57967	LAX_LV_EPICARDIAL	9	1.0	3
36.30577	-14.40962	-39.37578	LAX_LV_EPICARDIAL	9	1.0	3
37.28973	-15.44106	-42.17858	LAX_LV_EPICARDIAL	9	1.0	3
38.27369	-16.47250	-44.98137	LAX_LV_EPICARDIAL	9	1.0	3
39.25766	-17.50394	-47.78416	LAX_LV_EPICARDIAL	9	1.0	3
40.24162	-18.53538	-50.58695	LAX_LV_EPICARDIAL	9	1.0	3
41.22558	-19.56682	-53.38975	LAX_LV_EPICARDIAL	9	1.0	3
41.33567	-19.49652	-56.19921	LAX_LV_EPICARDIAL	9	1.0	3
42.31963	-20.52796	-59.00200	LAX_LV_EPICARDIAL	9	1.0	3
43.30359	-21.55940	-61.80480	LAX_LV_EPICARDIAL	9	1.0	3
43.41368	-21.48909	-64.61426	LAX_LV_EPICARDIAL	9	1.0	3
44.39765	-22.52053	-67.41705	LAX_LV_EPICARDIAL	9	1.0	3
44.50774	-22.45023	-70.22652	LAX_LV_EPICARDIAL	9	1.0	3
45.49170	-23.48167	-73.02931	LAX_LV_EPICARDIAL	9	1.0	3
45.60179	-23.41137	-75.83878	LAX_LV_EPICARDIAL	9	1.0	3
45.71188	-23.34106	-78.64824	LAX_LV_EPICARDIAL	9	1.0	3
45.82196	-23.27076	-81.45771	LAX_LV_EPICARDIAL	9	1.0	3
45.93205	-23.20045	-84.26717	LAX_LV_EPICARDIAL	9	1.0	3
46.04214	-23.13015	-87.07664	LAX_LV_EPICARDIAL	9	1.0	3
46.15223	-23.05985	-89.88610	LAX_LV_EPICARDIAL	9	1.0	3
45.38845	-21.88780	-92.70224	LAX_LV_EPICARDIAL	9	1.0	3
45.49854	-21.81750	-95.51171	LAX_LV_EPICARDIAL	9	1.0	3
44.73475	-20.64545	-98.32785	LAX_LV_EPICARDIAL	9	1.0	3
43.97097	-19.47340	-101.14398	LAX_LV_EPICARDIAL	9	1.0	3
42.33331	-17.19961	-103.96680	LAX_LV_EPICARDIAL	9	1.0	3
40.58556	-14.99612	-103.98014	LAX_LV_EPICARDIAL	9	1.0	3
38.83782	-12.79264	-103.99349	LAX_LV_EPICARDIAL	9	1.0	3
37.09007	-10.58915	-104.00683	LAX_LV_EPICARDIAL	9	1.0	3
35.34233	-8.38566	-104.02018	LAX_LV_EPICARDIAL	9	1.0	3
33.53953	-6.21733	-102.62879	LAX_LV_EPICARDIAL	9	1.0	3
31.73674	-4.04899	-101.23741	LAX_LV_EPICARDIAL	9	1.0	3
29.93395	-1.88066	-99.84602	LAX_LV_EPICARDIAL	9	1.0	3
28.18621	0.32283	-99.85936	LAX_LV_EPICARDIAL	9	1.0	3
26.38341	2.49116	-98.46798	LAX_LV_EPICARDIAL	9	1.0	3
24.58062	4.65950	-97.07659	LAX_LV_EPICARDIAL	9	1.0	3
22.77783	6.82783	-95.68520	LAX_LV_EPICARDIAL	9	1.0	3
21.03009	9.03132	-95.69855	LAX_LV_EPICARDIAL	9	1.0	3
19.22729	11.19966	-94.30716	LAX_LV_EPICARDIAL	9	1.0	3
17.42450	13.36799	-92.91578	LAX_LV_EPICARDIAL	9	1.0	3
15.62171	15.53633	-91.52439	LAX_LV_EPICARDIAL	9	1.0	3
13.87397	17.73981	-91.53773	LAX_LV_EPICARDIAL	9	1.0	3
12.07117	19.90815	-90.14635	LAX_LV_EPICARDIAL	9	1.0	3
10.26838	22.07648	-88.75496	LAX_LV_EPICARDIAL	9	1.0	3
8.46559	24.24482	-87.36357	LAX_LV_EPICARDIAL	9	1.0	3
6.71785	26.44830	-87.37692	LAX_LV_EPICARDIAL	9	1.0	3
4.91505	28.61664	-85.98553	LAX_LV_EPICARDIAL	9	1.0	3
3.11226	30.78497	-84.59415	LAX_LV_EPICARDIAL	9	1.0	3
1.30947	32.95331	-83.20276	LAX_LV_EPICARDIAL	9	1.0	3
-0.49332	35.12164	-81.81137	LAX_LV_EPICARDIAL	9	1.0	3
-2.35115	37.25483	-79.01525	LAX_LV_EPICARDIAL	9	1.0	3
-4.15395	39.42316	-77.62387	LAX_LV_EPICARDIAL	9	1.0	3
-6.01178	41.55635	-74.82775	LAX_LV_EPICARDIAL	9	1.0	3
-6.99574	42.58778	-72.02495	LAX_LV_EPICARDIAL	9	1.0	3
-7.97971	43.61922	-69.22216	LAX_LV_EPICARDIAL	9	1.0	3
-8.96367	44.65066	-66.41937	LAX_LV_EPICARDIAL	9	1.0	3
-8.19988	43.47862	-63.60323	LAX_LV_EPICARDIAL	9	1.0	3
-8.30997	43.40831	-60.79377	LAX_LV_EPICARDIAL	9	1.0	3
4.94958	23.65927	-19.94308	LAX_LV_EPICARDIAL	9	1.0	3
6.64228	21.42063	-18.52500	LAX_LV_EPICARDIAL	9	1.0	3
8.33498	19.18199	-17.10692	LAX_LV_EPICARDIAL	9	1.0	3
10.08273	16.97851	-17.09358	LAX_LV_EPICARDIAL	9	1.0	3
11.83048	14.77502	-17.08023	LAX_LV_EPICARDIAL	9	1.0	3
13.57822	12.57153	-17.06688	LAX_LV_EPICARDIAL	9	1.0	3
-6.67232	41.13452	-57.97095	MITRAL_VALVE	9	1.0	3
3.36697	25.96821	-24.17062	MITRAL_VALVE	9	1.0	3
-30.48200	-7.80505	-1.58846	LAX_RV_FREEWALL	8	1.0	1.0
-30.13788	-10.52195	-3.13369	LAX_RV_FREEWALL	8	1.0	1.0
-29.79377	-13.23885	-4.67893	LAX_RV_FREEWALL	8	1.0	1.0
-28.54771	-15.95575	-7.30307	LAX_RV_FREEWALL	8	1.0	1.0
-27.02274	-17.31420	-9.69405	LAX_RV_FREEWALL	8	1.0	1.0
-25.49778	-18.67265	-12.08503	LAX_RV_FREEWALL	8	1.0	1.0
-23.97281	-20.03110	-14.47601	LAX_RV_FREEWALL	8	1.0	1.0
-22.44784	-21.38955	-16.86699	LAX_RV_FREEWALL	8	1.0	1.0
-20.64396	-21.38955	-19.02480	LAX_RV_FREEWALL	8	1.0	1.0
-19.11899	-22.74800	-21.41578	LAX_RV_FREEWALL	8	1.0	1.0
-17.31511	-22.74800	-23.57360	LAX_RV_FREEWALL	8	1.0	1.0
-15.79014	-24.10646	-25.96458	LAX_RV_FREEWALL	8	1.0	1.0
-13.98626	-24.10646	-28.12240	LAX_RV_FREEWALL	8	1.0	1.0
-12.18238	-24.10646	-30.28021	LAX_RV_FREEWALL	8	1.0	1.0
-10.37850	-24.10646	-32.43803	LAX_RV_FREEWALL	8	1.0	1.0
-8.29570	-22.74801	-34.36269	LAX_RV_FREEWALL	8	1.0	1.0
-6.49182	-22.74802	-36.52050	LAX_RV_FREEWALL	8	1.0	1.0
-4.68794	-22.74802	-38.67832	LAX_RV_FREEWALL	8	1.0	1.0
-2.88406	-22.74802	-40.83614	LAX_RV_FREEWALL	8	1.0	1.0
-1.08018	-22.74802	-42.99396	LAX_RV_FREEWALL	8	1.0	1.0
0.72370	-22.74802	-45.15178	LAX_RV_FREEWALL	8	1.0	1.0
2.24867	-24.10647	-47.54275	LAX_RV_FREEWALL	8	1.0	1.0
4.05255	-24.10647	-49.70057	LAX_RV_FREEWALL	8	1.0	1.0
5.85644	-24.10648	-51.85839	LAX_RV_FREEWALL	8	1.0	1.0
-13.75444	-1.01282	-18.76410	LAX_RV_FREEWALL	8	1.0	1.0
-15.27941	0.34563	-16.37312	LAX_RV_FREEWALL	8	1.0	1.0
-17.08329	0.34563	-14.21530	LAX_RV_FREEWALL	8	1.0	1.0
-18.88717	0.34563	-12.05749	LAX_RV_FREEWALL	8	1.0	1.0
-20.41214	1.70408	-9.66651	LAX_RV_FREEWALL	8	1.0	1.0
-21.93711	3.06253	-7.27553	LAX_RV_FREEWALL	8	1.0	1.0
-23.74099	3.06253	-5.11771	LAX_RV_FREEWALL	8	1.0	1.0
-25.82379	1.70409	-3.19306	LAX_RV_FREEWALL	8	1.0	1.0
-28.18549	-1.01281	-1.50156	LAX_RV_FREEWALL	8	1.0	1.0
-28.74332	-3.72971	-1.96789	LAX_RV_FREEWALL	8	1.0	1.0
-30.20309	-6.44660	-1.35530	LAX_RV_FREEWALL	8	1.0	1.0
-32.49959	-13.23885	-1.44220	LAX_RV_EPICARDIAL	8	1.0	1.0
-31.25353	-15.95575	-4.06634	LAX_RV_EPICARDIAL	8	1.0	1.0
-30.00748	-18.67265	-6.69048	LAX_RV_EPICARDIAL	8	1.0	1.0
-28.76142	-21.38954	-9.31462	LAX_RV_EPICARDIAL	8	1.0	1.0
-27.23645	-22.74800	-11.70560	LAX_RV_EPICARDIAL	8	1.0	1.0
-25.71149	-24.10645	-14.09658	LAX_RV_EPICARDIAL	8	1.0	1.0
-23.90760	-24.10645	-16.25440	LAX_RV_EPICARDIAL	8	1.0	1.0
-22.38264	-25.46490	-18.64538	LAX_RV_EPICARDIAL	8	1.0	1.0
-20.85767	-26.82335	-21.03636	LAX_RV_EPICARDIAL	8	1.0	1.0
-19.05379	-26.82335	-23.19418	LAX_RV_EPICARDIAL	8	1.0	1.0
-17.24991	-26.82335	-25.35199	LAX_RV_EPICARDIAL	8	1.0	1.0
-15.72494	-28.18180	-27.74297	LAX_RV_EPICARDIAL	8	1.0	1.0
-13.92106	-28.18180	-29.90079	LAX_RV_EPICARDIAL	8	1.0	1.0
-11.83826	-26.82336	-31.82545	LAX_RV_EPICARDIAL	8	1.0	1.0
-10.03438	-26.82336	-33.98326	LAX_RV_EPICARDIAL	8	1.0	1.0
-8.23050	-26.82336	-36.14108	LAX_RV_EPICARDIAL	8	1.0	1.0
-6.14771	-25.46491	-38.06574	LAX_RV_EPICARDIAL	8	1.0	1.0
-4.06491	-24.10647	-39.99039	LAX_RV_EPICARDIAL	8	1.0	1.0
-2.53994	-25.46492	-42.38137	LAX_RV_EPICARDIAL	8	1.0	1.0
-0.73606	-25.46492	-44.53919	LAX_RV_EPICARDIAL	8	1.0	1.0
1.06782	-25.46492	-46.69701	LAX_RV_EPICARDIAL	8	1.0	1.0
2.87170	-25.46492	-48.85483	LAX_RV_EPICARDIAL	8	1.0	1.0
4.67558	-25.46492	-51.01264	LAX_RV_EPICARDIAL	8	1.0	1.0
6.47946	-25.46493	-53.17046	LAX_RV_EPICARDIAL	8	1.0	1.0
-11.67165	0.34562	-20.68876	LAX_RV_EPICARDIAL	8	1.0	1.0
-12.91770	3.06252	-18.06462	LAX_RV_EPICARDIAL	8	1.0	1.0
-14.44267	4.42097	-15.67364	LAX_RV_EPICARDIAL	8	1.0	1.0
-16.24655	4.42097	-13.51582	LAX_RV_EPICARDIAL	8	1.0	1.0
-18.05044	4.42098	-11.35800	LAX_RV_EPICARDIAL	8	1.0	1.0
-19.85432	4.42098	-9.20018	LAX_RV_EPICARDIAL	8	1.0	1.0
-21.65820	4.42098	-7.04237	LAX_RV_EPICARDIAL	8	1.0	1.0
-25.54487	3.06253	-2.95989	LAX_RV_EPICARDIAL	8	1.0	1.0
-27.62767	1.70409	-1.03524	LAX_RV_EPICARDIAL	8	1.0	1.0
-29.08743	-1.01281	-0.42265	LAX_RV_EPICARDIAL	8	1.0	1.0
-29.64526	-3.72971	-0.88898	LAX_RV_EPICARDIAL	8	1.0	1.0
-31.10503	-6.44660	-0.27639	LAX_RV_EPICARDIAL	8	1.0	1.0
-31.66285	-9.16350	-0.74272	LAX_RV_EPICARDIAL	8	1.0	1.0
-32.22068	-11.88040	-1.20904	LAX_RV_EPICARDIAL	8	1.0	1.0
5.51232	-21.38958	-50.31316	LAX_RV_SEPTUM	8	1.0	1.0
3.98735	-20.03113	-47.92218	LAX_RV_SEPTUM	8	1.0	1.0
2.46238	-18.67268	-45.53120	LAX_RV_SEPTUM	8	1.0	1.0
0.93742	-17.31423	-43.14022	LAX_RV_SEPTUM	8	1.0	1.0
-0.30864	-14.59733	-40.51608	LAX_RV_SEPTUM	8	1.0	1.0
-1.83361	-13.23888	-38.12510	LAX_RV_SEPTUM	8	1.0	1.0
-3.07966	-10.52198	-35.50096	LAX_RV_SEPTUM	8	1.0	1.0
-4.60463	-9.16353	-33.10998	LAX_RV_SEPTUM	8	1.0	1.0
-6.12960	-7.80508	-30.71900	LAX_RV_SEPTUM	8	1.0	1.0
-7.37566	-5.08818	-28.09486	LAX_RV_SEPTUM	8	1.0	1.0
-8.90063	-3.72973	-25.70388	LAX_RV_SEPTUM	8	1.0	1.0
-10.14668	-1.01283	-23.07974	LAX_RV_SEPTUM	8	1.0	1.0
-11.95056	-1.01283	-20.92192	LAX_RV_SEPTUM	8	1.0	1.0
7.93923	-22.74803	-53.78304	LAX_LV_EPICARDIAL	8	1.0	1.0
9.46420	-24.10648	-56.17402	LAX_LV_EPICARDIAL	8	1.0	1.0
11.26808	-24.10648	-58.33184	LAX_LV_EPICARDIAL	8	1.0	1.0
12.79305	-25.46493	-60.72282	LAX_LV_EPICARDIAL	8	1.0	1.0
14.59693	-25.46493	-62.88064	LAX_LV_EPICARDIAL	8	1.0	1.0
16.12190	-26.82338	-65.27162	LAX_LV_EPICARDIAL	8	1.0	1.0
17.92578	-26.82339	-67.42944	LAX_LV_EPICARDIAL	8	1.0	1.0
19.45075	-28.18184	-69.82042	LAX_LV_EPICARDIAL	8	1.0	1.0
21.25463	-28.18184	-71.97823	LAX_LV_EPICARDIAL	8	1.0	1.0
23.05851	-28.18184	-74.13605	LAX_LV_EPICARDIAL	8	1.0	1.0
24.86239	-28.18184	-76.29387	LAX_LV_EPICARDIAL	8	1.0	1.0
26.38736	-29.54029	-78.68485	LAX_LV_EPICARDIAL	8	1.0	1.0
28.19124	-29.54029	-80.84266	LAX_LV_EPICARDIAL	8	1.0	1.0
29.99512	-29.54030	-83.00048	LAX_LV_EPICARDIAL	8	1.0	1.0
32.07792	-28.18185	-84.92514	LAX_LV_EPICARDIAL	8	1.0	1.0
33.88180	-28.18185	-87.08296	LAX_LV_EPICARDIAL	8	1.0	1.0
35.68568	-28.18185	-89.24077	LAX_LV_EPICARDIAL	8	1.0	1.0
37.76847	-26.82340	-91.16543	LAX_LV_EPICARDIAL	8	1.0	1.0
39.85127	-25.46496	-93.09008	LAX_LV_EPICARDIAL	8	1.0	1.0
41.93406	-24.10651	-95.01474	LAX_LV_EPICARDIAL	8	1.0	1.0
43.39383	-21.38961	-95.62732	LAX_LV_EPICARDIAL	8	1.0	1.0
44.85359	-18.67272	-96.23991	LAX_LV_EPICARDIAL	8	1.0	1.0
46.31336	-15.95582	-96.85249	LAX_LV_EPICARDIAL	8	1.0	1.0
46.87119	-13.23892	-96.38617	LAX_LV_EPICARDIAL	8	1.0	1.0
47.42901	-10.52203	-95.91985	LAX_LV_EPICARDIAL	8	1.0	1.0
47.98684	-7.80513	-95.45352	LAX_LV_EPICARDIAL	8	1.0	1.0
47.64272	-5.08823	-93.90829	LAX_LV_EPICARDIAL	8	1.0	1.0
47.29861	-2.37133	-92.36306	LAX_LV_EPICARDIAL	8	1.0	1.0
46.95449	0.34557	-90.81783	LAX_LV_EPICARDIAL	8	1.0	1.0
46.61038	3.06247	-89.27259	LAX_LV_EPICARDIAL	8	1.0	1.0
46.26626	5.77936	-87.72736	LAX_LV_EPICARDIAL	8	1.0	1.0
45.92215	8.49626	-86.18213	LAX_LV_EPICARDIAL	8	1.0	1.0
45.57803	11.21316	-84.63690	LAX_LV_EPICARDIAL	8	1.0	1.0
45.23392	13.93006	-83.09166	LAX_LV_EPICARDIAL	8	1.0	1.0
44.88980	16.64696	-81.54643	LAX_LV_EPICARDIAL	8	1.0	1.0
44.54569	19.36386	-80.00120	LAX_LV_EPICARDIAL	8	1.0	1.0
43.29963	22.08075	-77.37706	LAX_LV_EPICARDIAL	8	1.0	1.0
42.95552	24.79765	-75.83182	LAX_LV_EPICARDIAL	8	1.0	1.0
42.61140	27.51455	-74.28659	LAX_LV_EPICARDIAL	8	1.0	1.0
42.26729	30.23145	-72.74136	LAX_LV_EPICARDIAL	8	1.0	1.0
41.02123	32.94835	-70.11722	LAX_LV_EPICARDIAL	8	1.0	1.0
40.67712	35.66525	-68.57199	LAX_LV_EPICARDIAL	8	1.0	1.0
39.43106	38.38215	-65.94784	LAX_LV_EPICARDIAL	8	1.0	1.0
39.08694	41.09904	-64.40261	LAX_LV_EPICARDIAL	8	1.0	1.0
37.84089	43.81594	-61.77847	LAX_LV_EPICARDIAL	8	1.0	1.0
36.31592	45.17439	-59.38749	LAX_LV_EPICARDIAL	8	1.0	1.0
35.06986	47.89129	-56.76335	LAX_LV_EPICARDIAL	8	1.0	1.0
33.54490	49.24974	-54.37237	LAX_LV_EPICARDIAL	8	1.0	1.0
32.01993	50.60819	-51.98139	LAX_LV_EPICARDIAL	8	1.0	1.0
30.49496	51.96665	-49.59041	LAX_LV_EPICARDIAL	8	1.0	1.0
28.69108	51.96665	-47.43259	LAX_LV_EPICARDIAL	8	1.0	1.0
27.16611	53.32510	-45.04162	LAX_LV_EPICARDIAL	8	1.0	1.0
25.36223	53.32510	-42.88380	LAX_LV_EPICARDIAL	8	1.0	1.0
23.55835	53.32510	-40.72598	LAX_LV_EPICARDIAL	8	1.0	1.0
21.75447	53.32510	-38.56816	LAX_LV_EPICARDIAL	8	1.0	1.0
19.95058	53.32510	-36.41035	LAX_LV_EPICARDIAL	8	1.0	1.0
17.58888	50.60821	-34.71885	LAX_LV_EPICARDIAL	8	1.0	1.0
16.12911	47.89131	-34.10627	LAX_LV_EPICARDIAL	8	1.0	1.0
-0.05872	26.15614	-23.81104	LAX_LV_EPICARDIAL	8	1.0	1.0
-2.42043	23.43925	-22.11955	LAX_LV_EPICARDIAL	8	1.0	1.0
-4.22431	23.43925	-19.96173	LAX_LV_EPICARDIAL	8	1.0	1.0
-6.02819	23.43925	-17.80391	LAX_LV_EPICARDIAL	8	1.0	1.0
-9.93297	4.42097	-21.06818	LAX_LV_ENDOCARDIAL	8	1.0	1.0
-7.85018	5.77942	-22.99284	LAX_LV_ENDOCARDIAL	8	1.0	1.0
-5.76738	7.13786	-24.91749	LAX_LV_ENDOCARDIAL	8	1.0	1.0
-3.96350	7.13786	-27.07531	LAX_LV_ENDOCARDIAL	8	1.0	1.0
-2.15962	7.13786	-29.23313	LAX_LV_ENDOCARDIAL	8	1.0	1.0
-0.35574	7.13786	-31.39094	LAX_LV_ENDOCARDIAL	8	1.0	1.0
1.16923	5.77941	-33.78192	LAX_LV_ENDOCARDIAL	8	1.0	1.0
2.69420	4.42096	-36.17290	LAX_LV_ENDOCARDIAL	8	1.0	1.0
3.94025	1.70406	-38.79704	LAX_LV_ENDOCARDIAL	8	1.0	1.0
4.28437	-1.01284	-40.34228	LAX_LV_ENDOCARDIAL	8	1.0	1.0
5.53042	-3.72974	-42.96642	LAX_LV_ENDOCARDIAL	8	1.0	1.0
6.77648	-6.44664	-45.59056	LAX_LV_ENDOCARDIAL	8	1.0	1.0
8.30145	-7.80509	-47.98154	LAX_LV_ENDOCARDIAL	8	1.0	1.0
9.54750	-10.52199	-50.60568	LAX_LV_ENDOCARDIAL	8	1.0	1.0
11.07247	-11.88044	-52.99666	LAX_LV_ENDOCARDIAL	8	1.0	1.0
12.59744	-13.23889	-55.38764	LAX_LV_ENDOCARDIAL	8	1.0	1.0
14.12241	-14.59734	-57.77862	LAX_LV_ENDOCARDIAL	8	1.0	1.0
15.64738	-15.95579	-60.16960	LAX_LV_ENDOCARDIAL	8	1.0	1.0
17.45126	-15.95579	-62.32741	LAX_LV_ENDOCARDIAL	8	1.0	1.0
18.97623	-17.31424	-64.71839	LAX_LV_ENDOCARDIAL	8	1.0	1.0
20.50120	-18.67269	-67.10937	LAX_LV_ENDOCARDIAL	8	1.0	1.0
22.30508	-18.67270	-69.26719	LAX_LV_ENDOCARDIAL	8	1.0	1.0
23.83005	-20.03115	-71.65817	LAX_LV_ENDOCARDIAL	8	1.0	1.0
25.35501	-21.38960	-74.04915	LAX_LV_ENDOCARDIAL	8	1.0	1.0
27.15890	-21.38960	-76.20697	LAX_LV_ENDOCARDIAL	8	1.0	1.0
28.96278	-21.38960	-78.36478	LAX_LV_ENDOCARDIAL	8	1.0	1.0
30.48775	-22.74805	-80.75576	LAX_LV_ENDOCARDIAL	8	1.0	1.0
32.29163	-22.74805	-82.91358	LAX_LV_ENDOCARDIAL	8	1.0	1.0
34.37442	-21.38961	-84.83824	LAX_LV_ENDOCARDIAL	8	1.0	1.0
35.89939	-22.74806	-87.22922	LAX_LV_ENDOCARDIAL	8	1.0	1.0
37.70327	-22.74806	-89.38703	LAX_LV_ENDOCARDIAL	8	1.0	1.0
39.78606	-21.38961	-91.31169	LAX_LV_ENDOCARDIAL	8	1.0	1.0
41.86886	-20.03116	-93.23634	LAX_LV_ENDOCARDIAL	8	1.0	1.0
43.32862	-17.31427	-93.84893	LAX_LV_ENDOCARDIAL	8	1.0	1.0
43.88645	-14.59737	-93.38261	LAX_LV_ENDOCARDIAL	8	1.0	1.0
43.54234	-11.88047	-91.83737	LAX_LV_ENDOCARDIAL	8	1.0	1.0
43.19822	-9.16357	-90.29214	LAX_LV_ENDOCARDIAL	8	1.0	1.0
42.85411	-6.44667	-88.74691	LAX_LV_ENDOCARDIAL	8	1.0	1.0
42.50999	-3.72978	-87.20168	LAX_LV_ENDOCARDIAL	8	1.0	1.0
42.16588	-1.01288	-85.65644	LAX_LV_ENDOCARDIAL	8	1.0	1.0
40.91982	1.70402	-83.03230	LAX_LV_ENDOCARDIAL	8	1.0	1.0
41.47765	4.42092	-82.56598	LAX_LV_ENDOCARDIAL	8	1.0	1.0
41.13353	7.13782	-81.02075	LAX_LV_ENDOCARDIAL	8	1.0	1.0
39.88747	9.85472	-78.39661	LAX_LV_ENDOCARDIAL	8	1.0	1.0
39.54336	12.57162	-76.85137	LAX_LV_ENDOCARDIAL	8	1.0	1.0
39.19924	15.28851	-75.30614	LAX_LV_ENDOCARDIAL	8	1.0	1.0
38.85513	18.00541	-73.76091	LAX_LV_ENDOCARDIAL	8	1.0	1.0
38.51101	20.72231	-72.21568	LAX_LV_ENDOCARDIAL	8	1.0	1.0
37.26496	23.43921	-69.59153	LAX_LV_ENDOCARDIAL	8	1.0	1.0
36.92084	26.15611	-68.04630	LAX_LV_ENDOCARDIAL	8	1.0	1.0
36.57673	28.87301	-66.50107	LAX_LV_ENDOCARDIAL	8	1.0	1.0
35.33067	31.58991	-63.87693	LAX_LV_ENDOCARDIAL	8	1.0	1.0
34.08462	34.30680	-61.25279	LAX_LV_ENDOCARDIAL	8	1.0	1.0
32.55965	35.66526	-58.86181	LAX_LV_ENDOCARDIAL	8	1.0	1.0
31.31359	38.38215	-56.23767	LAX_LV_ENDOCARDIAL	8	1.0	1.0
29.78863	39.74060	-53.84669	LAX_LV_ENDOCARDIAL	8	1.0	1.0
28.54257	42.45750	-51.22254	LAX_LV_ENDOCARDIAL	8	1.0	1.0
27.01760	43.81595	-48.83157	LAX_LV_ENDOCARDIAL	8	1.0	1.0
25.49263	45.17441	-46.44059	LAX_LV_ENDOCARDIAL	8	1.0	1.0
23.96766	46.53286	-44.04961	LAX_LV_ENDOCARDIAL	8	1.0	1.0
22.16378	46.53286	-41.89179	LAX_LV_ENDOCARDIAL	8	1.0	1.0
20.08099	45.17441	-39.96713	LAX_LV_ENDOCARDIAL	8	1.0	1.0
18.27711	45.17441	-37.80932	LAX_LV_ENDOCARDIAL	8	1.0	1.0
-0.05872	26.15614	-23.81104	LAX_LV_ENDOCARDIAL	8	1.0	1.0
-2.42043	23.43925	-22.11955	LAX_LV_ENDOCARDIAL	8	1.0	1.0
-4.22431	23.43925	-19.96173	LAX_LV_ENDOCARDIAL	8	1.0	1.0
-6.02819	23.43925	-17.80391	LAX_LV_ENDOCARDIAL	8	1.0	1.0
-32.49959	-13.23885	-1.44220	LAX_RV_EPICARDIAL	8	1.0	1.0
-31.25353	-15.95575	-4.06634	LAX_RV_EPICARDIAL	8	1.0	1.0
-30.00748	-18.67265	-6.69048	LAX_RV_EPICARDIAL	8	1.0	1.0
-28.76142	-21.38954	-9.31462	LAX_RV_EPICARDIAL	8	1.0	1.0
-27.23645	-22.74800	-11.70560	LAX_RV_EPICARDIAL	8	1.0	1.0
-25.71149	-24.10645	-14.09658	LAX_RV_EPICARDIAL	8	1.0	1.0
-23.90760	-24.10645	-16.25440	LAX_RV_EPICARDIAL	8	1.0	1.0
-22.38264	-25.46490	-18.64538	LAX_RV_EPICARDIAL	8	1.0	1.0
-20.85767	-26.82335	-21.03636	LAX_RV_EPICARDIAL	8	1.0	1.0
-19.05379	-26.82335	-23.19418	LAX_RV_EPICARDIAL	8	1.0	1.0
-17.24991	-26.82335	-25.35199	LAX_RV_EPICARDIAL	8	1.0	1.0
-15.72494	-28.18180	-27.74297	LAX_RV_EPICARDIAL	8	1.0	1.0
-13.92106	-28.18180	-29.90079	LAX_RV_EPICARDIAL	8	1.0	1.0
-11.83826	-26.82336	-31.82545	LAX_RV_EPICARDIAL	8	1.0	1.0
-10.03438	-26.82336	-33.98326	LAX_RV_EPICARDIAL	8	1.0	1.0
-8.23050	-26.82336	-36.14108	LAX_RV_EPICARDIAL	8	1.0	1.0
-6.14771	-25.46491	-38.06574	LAX_RV_EPICARDIAL	8	1.0	1.0
-4.06491	-24.10647	-39.99039	LAX_RV_EPICARDIAL	8	1.0	1.0
-2.53994	-25.46492	-42.38137	LAX_RV_EPICARDIAL	8	1.0	1.0
-0.73606	-25.46492	-44.53919	LAX_RV_EPICARDIAL	8	1.0	1.0
1.06782	-25.46492	-46.69701	LAX_RV_EPICARDIAL	8	1.0	1.0
2.87170	-25.46492	-48.85483	LAX_RV_EPICARDIAL	8	1.0	1.0
4.67558	-25.46492	-51.01264	LAX_RV_EPICARDIAL	8	1.0	1.0
6.47946	-25.46493	-53.17046	LAX_RV_EPICARDIAL	8	1.0	1.0
-11.67165	0.34562	-20.68876	LAX_RV_EPICARDIAL	8	1.0	1.0
-12.91770	3.06252	-18.06462	LAX_RV_EPICARDIAL	8	1.0	1.0
-14.44267	4.42097	-15.67364	LAX_RV_EPICARDIAL	8	1.0	1.0
-16.24655	4.42097	-13.51582	LAX_RV_EPICARDIAL	8	1.0	1.0
-18.05044	4.42098	-11.35800	LAX_RV_EPICARDIAL	8	1.0	1.0
-19.85432	4.42098	-9.20018	LAX_RV_EPICARDIAL	8	1.0	1.0
-21.65820	4.42098	-7.04237	LAX_RV_EPICARDIAL	8	1.0	1.0
-25.54487	3.06253	-2.95989	LAX_RV_EPICARDIAL	8	1.0	1.0
-27.62767	1.70409	-1.03524	LAX_RV_EPICARDIAL	8	1.0	1.0
-29.08743	-1.01281	-0.42265	LAX_RV_EPICARDIAL	8	1.0	1.0
-29.64526	-3.72971	-0.88898	LAX_RV_EPICARDIAL	8	1.0	1.0
-31.10503	-6.44660	-0.27639	LAX_RV_EPICARDIAL	8	1.0	1.0
-31.66285	-9.16350	-0.74272	LAX_RV_EPICARDIAL	8	1.0	1.0
-32.22068	-11.88040	-1.20904	LAX_RV_EPICARDIAL	8	1.0	1.0
1.40104	28.87304	-24.42363	MITRAL_VALVE	8	1.0	1.0
16.19431	43.81596	-35.88466	MITRAL_VALVE	8	1.0	1.0
-7.83207	23.43925	-15.64610	AORTA_VALVE	8	1.0	1.0
-11.73685	4.42097	-18.91036	AORTA_VALVE	8	1.0	1.0
-66.00437	5.49023	-71.70886	LAX_RV_FREEWALL	7	1.0	3
-64.38308	3.88894	-73.87565	LAX_RV_FREEWALL	7	1.0	3
-62.76178	2.28765	-76.04243	LAX_RV_FREEWALL	7	1.0	3
-62.54027	0.68636	-78.34394	LAX_RV_FREEWALL	7	1.0	3
-60.91898	-0.91494	-80.51073	LAX_RV_FREEWALL	7	1.0	3
-59.29768	-2.51623	-82.67752	LAX_RV_FREEWALL	7	1.0	3
-57.67639	-4.11752	-84.84430	LAX_RV_FREEWALL	7	1.0	3
-54.65531	-5.71881	-86.87636	LAX_RV_FREEWALL	7	1.0	3
-53.03402	-7.32010	-89.04315	LAX_RV_FREEWALL	7	1.0	3
-51.41272	-8.92139	-91.20994	LAX_RV_FREEWALL	7	1.0	3
-48.39165	-10.52269	-93.24200	LAX_RV_FREEWALL	7	1.0	3
-46.77035	-12.12398	-95.40878	LAX_RV_FREEWALL	7	1.0	3
-43.74928	-13.72527	-97.44085	LAX_RV_FREEWALL	7	1.0	3
-40.83896	-14.52592	-98.32215	LAX_RV_FREEWALL	7	1.0	3
-37.92864	-15.32656	-99.20346	LAX_RV_FREEWALL	7	1.0	3
-35.01832	-16.12721	-100.08476	LAX_RV_FREEWALL	7	1.0	3
-32.10800	-16.92786	-100.96607	LAX_RV_FREEWALL	7	1.0	3
-29.19768	-17.72850	-101.84738	LAX_RV_FREEWALL	7	1.0	3
-26.28736	-18.52915	-102.72868	LAX_RV_FREEWALL	7	1.0	3
-23.48780	-18.52915	-102.45923	LAX_RV_FREEWALL	7	1.0	3
-20.57748	-19.32980	-103.34054	LAX_RV_FREEWALL	7	1.0	3
-17.77792	-19.32980	-103.07109	LAX_RV_FREEWALL	7	1.0	3
-14.86760	-20.13044	-103.95240	LAX_RV_FREEWALL	7	1.0	3
-11.95728	-20.93109	-104.83370	LAX_RV_FREEWALL	7	1.0	3
-9.15772	-20.93109	-104.56425	LAX_RV_FREEWALL	7	1.0	3
-6.35816	-20.93109	-104.29480	LAX_RV_FREEWALL	7	1.0	3
-3.55860	-20.93109	-104.02535	LAX_RV_FREEWALL	7	1.0	3
-0.64828	-21.73174	-104.90666	LAX_RV_FREEWALL	7	1.0	3
2.15129	-21.73174	-104.63721	LAX_RV_FREEWALL	7	1.0	3
4.95085	-21.73174	-104.36776	LAX_RV_FREEWALL	7	1.0	3
7.86117	-22.53239	-105.24907	LAX_RV_FREEWALL	7	1.0	3
10.66073	-22.53239	-104.97962	LAX_RV_FREEWALL	7	1.0	3
13.57105	-23.33303	-105.86093	LAX_RV_FREEWALL	7	1.0	3
16.37061	-23.33303	-105.59148	LAX_RV_FREEWALL	7	1.0	3
19.17017	-23.33304	-105.32203	LAX_RV_FREEWALL	7	1.0	3
21.85898	-22.53239	-103.90182	LAX_RV_FREEWALL	7	1.0	3
24.43703	-20.93110	-101.33086	LAX_RV_FREEWALL	7	1.0	3
-67.51491	6.29088	-70.69283	LAX_RV_EPICARDIAL	7	1.0	3
-68.80394	5.49023	-71.97831	LAX_RV_EPICARDIAL	7	1.0	3
-68.58242	3.88894	-74.27982	LAX_RV_EPICARDIAL	7	1.0	3
-66.96113	2.28765	-76.44661	LAX_RV_EPICARDIAL	7	1.0	3
-66.73962	0.68636	-78.74812	LAX_RV_EPICARDIAL	7	1.0	3
-65.11832	-0.91493	-80.91490	LAX_RV_EPICARDIAL	7	1.0	3
-63.49703	-2.51623	-83.08169	LAX_RV_EPICARDIAL	7	1.0	3
-61.87573	-4.11752	-85.24848	LAX_RV_EPICARDIAL	7	1.0	3
-60.25444	-5.71881	-87.41526	LAX_RV_EPICARDIAL	7	1.0	3
-58.63314	-7.32010	-89.58205	LAX_RV_EPICARDIAL	7	1.0	3
-57.01185	-8.92139	-91.74883	LAX_RV_EPICARDIAL	7	1.0	3
-53.99077	-10.52269	-93.78090	LAX_RV_EPICARDIAL	7	1.0	3
-52.36948	-12.12398	-95.94768	LAX_RV_EPICARDIAL	7	1.0	3
-50.74819	-13.72527	-98.11447	LAX_RV_EPICARDIAL	7	1.0	3
-47.72711	-15.32656	-100.14653	LAX_RV_EPICARDIAL	7	1.0	3
-44.81679	-16.12721	-101.02784	LAX_RV_EPICARDIAL	7	1.0	3
-41.90647	-16.92785	-101.90914	LAX_RV_EPICARDIAL	7	1.0	3
-38.99615	-17.72850	-102.79045	LAX_RV_EPICARDIAL	7	1.0	3
-36.08583	-18.52915	-103.67176	LAX_RV_EPICARDIAL	7	1.0	3
-33.17551	-19.32979	-104.55306	LAX_RV_EPICARDIAL	7	1.0	3
-30.26520	-20.13044	-105.43437	LAX_RV_EPICARDIAL	7	1.0	3
-27.46563	-20.13044	-105.16492	LAX_RV_EPICARDIAL	7	1.0	3
-24.55531	-20.93109	-106.04622	LAX_RV_EPICARDIAL	7	1.0	3
-21.64500	-21.73173	-106.92753	LAX_RV_EPICARDIAL	7	1.0	3
-18.84543	-21.73173	-106.65808	LAX_RV_EPICARDIAL	7	1.0	3
-15.93511	-22.53238	-107.53939	LAX_RV_EPICARDIAL	7	1.0	3
-13.13555	-22.53238	-107.26994	LAX_RV_EPICARDIAL	7	1.0	3
-10.22523	-23.33303	-108.15124	LAX_RV_EPICARDIAL	7	1.0	3
-7.42567	-23.33303	-107.88179	LAX_RV_EPICARDIAL	7	1.0	3
-4.62611	-23.33303	-107.61235	LAX_RV_EPICARDIAL	7	1.0	3
-1.82654	-23.33303	-107.34290	LAX_RV_EPICARDIAL	7	1.0	3
0.97302	-23.33303	-107.07345	LAX_RV_EPICARDIAL	7	1.0	3
3.77258	-23.33303	-106.80400	LAX_RV_EPICARDIAL	7	1.0	3
6.68290	-24.13368	-107.68530	LAX_RV_EPICARDIAL	7	1.0	3
9.48246	-24.13368	-107.41585	LAX_RV_EPICARDIAL	7	1.0	3
12.39278	-24.93432	-108.29716	LAX_RV_EPICARDIAL	7	1.0	3
15.19234	-24.93433	-108.02771	LAX_RV_EPICARDIAL	7	1.0	3
17.99191	-24.93433	-107.75826	LAX_RV_EPICARDIAL	7	1.0	3
20.79147	-24.93433	-107.48881	LAX_RV_EPICARDIAL	7	1.0	3
23.48027	-24.13368	-106.06861	LAX_RV_EPICARDIAL	7	1.0	3
26.27984	-24.13368	-105.79916	LAX_RV_EPICARDIAL	7	1.0	3
27.45811	-22.53239	-103.36292	LAX_RV_EPICARDIAL	7	1.0	3
24.32627	-20.13045	-100.18011	LAX_RV_EPICARDIAL	7	1.0	3
22.92649	-20.13045	-100.31483	LAX_RV_SEPTUM	7	1.0	3
19.90542	-18.52916	-98.28277	LAX_RV_SEPTUM	7	1.0	3
16.99510	-17.72852	-97.40146	LAX_RV_SEPTUM	7	1.0	3
13.97402	-16.12722	-95.36940	LAX_RV_SEPTUM	7	1.0	3
10.95295	-14.52593	-93.33734	LAX_RV_SEPTUM	7	1.0	3
9.33165	-12.92464	-91.17055	LAX_RV_SEPTUM	7	1.0	3
6.31058	-11.32335	-89.13849	LAX_RV_SEPTUM	7	1.0	3
3.28950	-9.72206	-87.10643	LAX_RV_SEPTUM	7	1.0	3
0.26843	-8.12076	-85.07437	LAX_RV_SEPTUM	7	1.0	3
-2.75265	-6.51947	-83.04231	LAX_RV_SEPTUM	7	1.0	3
-4.37394	-4.91818	-80.87552	LAX_RV_SEPTUM	7	1.0	3
-5.99524	-3.31689	-78.70873	LAX_RV_SEPTUM	7	1.0	3
-9.01631	-1.71560	-76.67667	LAX_RV_SEPTUM	7	1.0	3
-10.63761	-0.11430	-74.50989	LAX_RV_SEPTUM	7	1.0	3
-12.25890	1.48699	-72.34310	LAX_RV_SEPTUM	7	1.0	3
-13.88020	3.08828	-70.17631	LAX_RV_SEPTUM	7	1.0	3
-15.50149	4.68957	-68.00953	LAX_RV_SEPTUM	7	1.0	3
-17.12279	6.29086	-65.84274	LAX_RV_SEPTUM	7	1.0	3
-18.74408	7.89215	-63.67595	LAX_RV_SEPTUM	7	1.0	3
-20.36537	9.49345	-61.50917	LAX_RV_SEPTUM	7	1.0	3
-21.98667	11.09474	-59.34238	LAX_RV_SEPTUM	7	1.0	3
-23.60796	12.69603	-57.17560	LAX_RV_SEPTUM	7	1.0	3
-23.53726	22.30378	-43.23181	LAX_LV_EPICARDIAL	7	1.0	3
-23.31575	20.70248	-45.53332	LAX_LV_EPICARDIAL	7	1.0	3
-23.09423	19.10119	-47.83483	LAX_LV_EPICARDIAL	7	1.0	3
-24.27250	17.49990	-50.27106	LAX_LV_EPICARDIAL	7	1.0	3
-24.05099	15.89861	-52.57257	LAX_LV_EPICARDIAL	7	1.0	3
-23.82948	14.29732	-54.87409	LAX_LV_EPICARDIAL	7	1.0	3
27.12584	-20.13046	-99.91066	LAX_LV_EPICARDIAL	7	1.0	3
30.14691	-21.73175	-101.94272	LAX_LV_EPICARDIAL	7	1.0	3
32.94647	-21.73175	-101.67327	LAX_LV_EPICARDIAL	7	1.0	3
35.74604	-21.73175	-101.40382	LAX_LV_EPICARDIAL	7	1.0	3
38.54560	-21.73175	-101.13437	LAX_LV_EPICARDIAL	7	1.0	3
41.23440	-20.93110	-99.71417	LAX_LV_EPICARDIAL	7	1.0	3
43.92321	-20.13046	-98.29396	LAX_LV_EPICARDIAL	7	1.0	3
46.50126	-18.52917	-95.72300	LAX_LV_EPICARDIAL	7	1.0	3
47.67953	-16.92788	-93.28676	LAX_LV_EPICARDIAL	7	1.0	3
48.85780	-15.32659	-90.85053	LAX_LV_EPICARDIAL	7	1.0	3
50.03606	-13.72530	-88.41429	LAX_LV_EPICARDIAL	7	1.0	3
51.21433	-12.12401	-85.97806	LAX_LV_EPICARDIAL	7	1.0	3
52.39260	-10.52272	-83.54182	LAX_LV_EPICARDIAL	7	1.0	3
53.57087	-8.92142	-81.10559	LAX_LV_EPICARDIAL	7	1.0	3
53.34936	-7.32013	-78.80408	LAX_LV_EPICARDIAL	7	1.0	3
54.52762	-5.71884	-76.36784	LAX_LV_EPICARDIAL	7	1.0	3
54.30611	-4.11755	-74.06633	LAX_LV_EPICARDIAL	7	1.0	3
55.48438	-2.51626	-71.63009	LAX_LV_EPICARDIAL	7	1.0	3
55.26287	-0.91497	-69.32858	LAX_LV_EPICARDIAL	7	1.0	3
56.44113	0.68632	-66.89235	LAX_LV_EPICARDIAL	7	1.0	3
56.21962	2.28761	-64.59084	LAX_LV_EPICARDIAL	7	1.0	3
55.99811	3.88890	-62.28933	LAX_LV_EPICARDIAL	7	1.0	3
54.37681	5.49020	-60.12254	LAX_LV_EPICARDIAL	7	1.0	3
54.15530	7.09149	-57.82103	LAX_LV_EPICARDIAL	7	1.0	3
53.93379	8.69278	-55.51952	LAX_LV_EPICARDIAL	7	1.0	3
52.31249	10.29407	-53.35273	LAX_LV_EPICARDIAL	7	1.0	3
52.09098	11.89536	-51.05122	LAX_LV_EPICARDIAL	7	1.0	3
51.86947	13.49665	-48.74971	LAX_LV_EPICARDIAL	7	1.0	3
51.64795	15.09794	-46.44820	LAX_LV_EPICARDIAL	7	1.0	3
50.02666	16.69924	-44.28141	LAX_LV_EPICARDIAL	7	1.0	3
49.80515	18.30053	-41.97990	LAX_LV_EPICARDIAL	7	1.0	3
48.18385	19.90182	-39.81311	LAX_LV_EPICARDIAL	7	1.0	3
47.96234	21.50311	-37.51160	LAX_LV_EPICARDIAL	7	1.0	3
46.34105	23.10440	-35.34482	LAX_LV_EPICARDIAL	7	1.0	3
44.71975	24.70569	-33.17803	LAX_LV_EPICARDIAL	7	1.0	3
43.09846	26.30698	-31.01124	LAX_LV_EPICARDIAL	7	1.0	3
41.47716	27.90828	-28.84446	LAX_LV_EPICARDIAL	7	1.0	3
38.45609	29.50957	-26.81240	LAX_LV_EPICARDIAL	7	1.0	3
36.83479	31.11086	-24.64561	LAX_LV_EPICARDIAL	7	1.0	3
33.81372	32.71215	-22.61355	LAX_LV_EPICARDIAL	7	1.0	3
30.79264	34.31344	-20.58149	LAX_LV_EPICARDIAL	7	1.0	3
27.88232	35.11409	-19.70018	LAX_LV_EPICARDIAL	7	1.0	3
24.97200	35.91474	-18.81888	LAX_LV_EPICARDIAL	7	1.0	3
22.17244	35.91474	-19.08832	LAX_LV_EPICARDIAL	7	1.0	3
19.37288	35.91474	-19.35777	LAX_LV_EPICARDIAL	7	1.0	3
-20.62694	21.50313	-44.11311	LAX_LV_ENDOCARDIAL	7	1.0	3
-20.40543	19.90184	-46.41462	LAX_LV_ENDOCARDIAL	7	1.0	3
-18.78413	18.30055	-48.58141	LAX_LV_ENDOCARDIAL	7	1.0	3
-18.56262	16.69925	-50.88292	LAX_LV_ENDOCARDIAL	7	1.0	3
-16.94133	15.09796	-53.04971	LAX_LV_ENDOCARDIAL	7	1.0	3
-15.32003	13.49667	-55.21649	LAX_LV_ENDOCARDIAL	7	1.0	3
-13.69874	11.89538	-57.38328	LAX_LV_ENDOCARDIAL	7	1.0	3
-10.67766	10.29409	-59.41534	LAX_LV_ENDOCARDIAL	7	1.0	3
-7.65659	8.69280	-61.44740	LAX_LV_ENDOCARDIAL	7	1.0	3
-4.63551	7.09150	-63.47946	LAX_LV_ENDOCARDIAL	7	1.0	3
-3.01422	5.49021	-65.64625	LAX_LV_ENDOCARDIAL	7	1.0	3
-1.39292	3.88892	-67.81304	LAX_LV_ENDOCARDIAL	7	1.0	3
0.22837	2.28763	-69.97982	LAX_LV_ENDOCARDIAL	7	1.0	3
1.84967	0.68634	-72.14661	LAX_LV_ENDOCARDIAL	7	1.0	3
3.47096	-0.91495	-74.31340	LAX_LV_ENDOCARDIAL	7	1.0	3
5.09225	-2.51625	-76.48018	LAX_LV_ENDOCARDIAL	7	1.0	3
8.11333	-4.11754	-78.51224	LAX_LV_ENDOCARDIAL	7	1.0	3
9.73462	-5.71883	-80.67903	LAX_LV_ENDOCARDIAL	7	1.0	3
12.75570	-7.32012	-82.71109	LAX_LV_ENDOCARDIAL	7	1.0	3
14.37699	-8.92141	-84.87788	LAX_LV_ENDOCARDIAL	7	1.0	3
17.39807	-10.52271	-86.90994	LAX_LV_ENDOCARDIAL	7	1.0	3
20.41915	-12.12400	-88.94200	LAX_LV_ENDOCARDIAL	7	1.0	3
22.04044	-13.72529	-91.10879	LAX_LV_ENDOCARDIAL	7	1.0	3
25.06152	-15.32658	-93.14085	LAX_LV_ENDOCARDIAL	7	1.0	3
27.97183	-16.12723	-94.02215	LAX_LV_ENDOCARDIAL	7	1.0	3
30.99291	-17.72852	-96.05422	LAX_LV_ENDOCARDIAL	7	1.0	3
33.90323	-18.52917	-96.93552	LAX_LV_ENDOCARDIAL	7	1.0	3
36.81355	-19.32981	-97.81683	LAX_LV_ENDOCARDIAL	7	1.0	3
39.50235	-18.52917	-96.39662	LAX_LV_ENDOCARDIAL	7	1.0	3
42.19116	-17.72852	-94.97642	LAX_LV_ENDOCARDIAL	7	1.0	3
43.36943	-16.12723	-92.54018	LAX_LV_ENDOCARDIAL	7	1.0	3
44.54770	-14.52594	-90.10395	LAX_LV_ENDOCARDIAL	7	1.0	3
44.32618	-12.92465	-87.80244	LAX_LV_ENDOCARDIAL	7	1.0	3
45.50445	-11.32336	-85.36620	LAX_LV_ENDOCARDIAL	7	1.0	3
45.28294	-9.72207	-83.06469	LAX_LV_ENDOCARDIAL	7	1.0	3
45.06143	-8.12078	-80.76318	LAX_LV_ENDOCARDIAL	7	1.0	3
46.23969	-6.51949	-78.32694	LAX_LV_ENDOCARDIAL	7	1.0	3
46.01818	-4.91819	-76.02543	LAX_LV_ENDOCARDIAL	7	1.0	3
47.19645	-3.31690	-73.58920	LAX_LV_ENDOCARDIAL	7	1.0	3
46.97494	-1.71561	-71.28769	LAX_LV_ENDOCARDIAL	7	1.0	3
46.75342	-0.11432	-68.98618	LAX_LV_ENDOCARDIAL	7	1.0	3
47.93169	1.48697	-66.54994	LAX_LV_ENDOCARDIAL	7	1.0	3
47.71018	3.08826	-64.24843	LAX_LV_ENDOCARDIAL	7	1.0	3
47.48866	4.68955	-61.94692	LAX_LV_ENDOCARDIAL	7	1.0	3
47.26715	6.29084	-59.64541	LAX_LV_ENDOCARDIAL	7	1.0	3
45.64586	7.89214	-57.47862	LAX_LV_ENDOCARDIAL	7	1.0	3
45.42434	9.49343	-55.17711	LAX_LV_ENDOCARDIAL	7	1.0	3
45.20283	11.09472	-52.87560	LAX_LV_ENDOCARDIAL	7	1.0	3
43.58154	12.69601	-50.70881	LAX_LV_ENDOCARDIAL	7	1.0	3
43.36002	14.29730	-48.40730	LAX_LV_ENDOCARDIAL	7	1.0	3
43.13851	15.89859	-46.10579	LAX_LV_ENDOCARDIAL	7	1.0	3
41.51722	17.49988	-43.93900	LAX_LV_ENDOCARDIAL	7	1.0	3
41.29570	19.10117	-41.63749	LAX_LV_ENDOCARDIAL	7	1.0	3
39.67441	20.70247	-39.47071	LAX_LV_ENDOCARDIAL	7	1.0	3
38.05311	22.30376	-37.30392	LAX_LV_ENDOCARDIAL	7	1.0	3
35.03204	23.90505	-35.27186	LAX_LV_ENDOCARDIAL	7	1.0	3
33.41074	25.50634	-33.10507	LAX_LV_ENDOCARDIAL	7	1.0	3
30.38967	27.10763	-31.07301	LAX_LV_ENDOCARDIAL	7	1.0	3
28.76837	28.70893	-28.90623	LAX_LV_ENDOCARDIAL	7	1.0	3
27.14708	30.31022	-26.73944	LAX_LV_ENDOCARDIAL	7	1.0	3
24.23676	31.11086	-25.85813	LAX_LV_ENDOCARDIAL	7	1.0	3
21.32644	31.91151	-24.97683	LAX_LV_ENDOCARDIAL	7	1.0	3
18.30537	33.51280	-22.94476	LAX_LV_ENDOCARDIAL	7	1.0	3
-67.51491	6.29088	-70.69283	LAX_RV_EPICARDIAL	7	1.0	3
-68.80394	5.49023	-71.97831	LAX_RV_EPICARDIAL	7	1.0	3
-68.58242	3.88894	-74.27982	LAX_RV_EPICARDIAL	7	1.0	3
-66.96113	2.28765	-76.44661	LAX_RV_EPICARDIAL	7	1.0	3
-66.73962	0.68636	-78.74812	LAX_RV_EPICARDIAL	7	1.0	3
-65.11832	-0.91493	-80.91490	LAX_RV_EPICARDIAL	7	1.0	3
-63.49703	-2.51623	-83.08169	LAX_RV_EPICARDIAL	7	1.0	3
-61.87573	-4.11752	-85.24848	LAX_RV_EPICARDIAL	7	1.0	3
-60.25444	-5.71881	-87.41526	LAX_RV_EPICARDIAL	7	1.0	3
-58.63314	-7.32010	-89.58205	LAX_RV_EPICARDIAL	7	1.0	3
-57.01185	-8.92139	-91.74883	LAX_RV_EPICARDIAL	7	1.0	3
-53.99077	-10.52269	-93.78090	LAX_RV_EPICARDIAL	7	1.0	3
-52.36948	-12.12398	-95.94768	LAX_RV_EPICARDIAL	7	1.0	3
-50.74819	-13.72527	-98.11447	LAX_RV_EPICARDIAL	7	1.0	3
-47.72711	-15.32656	-100.14653	LAX_RV_EPICARDIAL	7	1.0	3
-44.81679	-16.12721	-101.02784	LAX_RV_EPICARDIAL	7	1.0	3
-41.90647	-16.92785	-101.90914	LAX_RV_EPICARDIAL	7	1.0	3
-38.99615	-17.72850	-102.79045	LAX_RV_EPICARDIAL	7	1.0	3
-36.08583	-18.52915	-103.67176	LAX_RV_EPICARDIAL	7	1.0	3
-33.17551	-19.32979	-104.55306	LAX_RV_EPICARDIAL	7	1.0	3
-30.26520	-20.13044	-105.43437	LAX_RV_EPICARDIAL	7	1.0	3
-27.46563	-20.13044	-105.16492	LAX_RV_EPICARDIAL	7	1.0	3
-24.55531	-20.93109	-106.04622	LAX_RV_EPICARDIAL	7	1.0	3
-21.64500	-21.73173	-106.92753	LAX_RV_EPICARDIAL	7	1.0	3
-18.84543	-21.73173	-106.65808	LAX_RV_EPICARDIAL	7	1.0	3
-15.93511	-22.53238	-107.53939	LAX_RV_EPICARDIAL	7	1.0	3
-13.13555	-22.53238	-107.26994	LAX_RV_EPICARDIAL	7	1.0	3
-10.22523	-23.33303	-108.15124	LAX_RV_EPICARDIAL	7	1.0	3
-7.42567	-23.33303	-107.88179	LAX_RV_EPICARDIAL	7	1.0	3
-4.62611	-23.33303	-107.61235	LAX_RV_EPICARDIAL	7	1.0	3
-1.82654	-23.33303	-107.34290	LAX_RV_EPICARDIAL	7	1.0	3
0.97302	-23.33303	-107.07345	LAX_RV_EPICARDIAL	7	1.0	3
3.77258	-23.33303	-106.80400	LAX_RV_EPICARDIAL	7	1.0	3
6.68290	-24.13368	-107.68530	LAX_RV_EPICARDIAL	7	1.0	3
9.48246	-24.13368	-107.41585	LAX_RV_EPICARDIAL	7	1.0	3
12.39278	-24.93432	-108.29716	LAX_RV_EPICARDIAL	7	1.0	3
15.19234	-24.93433	-108.02771	LAX_RV_EPICARDIAL	7	1.0	3
17.99191	-24.93433	-107.75826	LAX_RV_EPICARDIAL	7	1.0	3
20.79147	-24.93433	-107.48881	LAX_RV_EPICARDIAL	7	1.0	3
23.48027	-24.13368	-106.06861	LAX_RV_EPICARDIAL	7	1.0	3
26.27984	-24.13368	-105.79916	LAX_RV_EPICARDIAL	7	1.0	3
27.45811	-22.53239	-103.36292	LAX_RV_EPICARDIAL	7	1.0	3
24.32627	-20.13045	-100.18011	LAX_RV_EPICARDIAL	7	1.0	3
-20.95921	23.90507	-40.66085	MITRAL_VALVE	7	1.0	3
15.28429	35.11409	-20.91270	MITRAL_VALVE	7	1.0	3
-64.93686	7.89217	-68.12187	TRICUSPID_VALVE	7	1.0	3
-26.62904	14.29732	-55.14353	TRICUSPID_VALVE	7	1.0	3
38.54560	-21.73175	-101.13437	APEX_POINT	7	1.0	3
-10.69615	-17.18623	-3.95481	LAX_RV_FREEWALL	11	1.0	3
-10.23242	-18.57999	-6.73512	LAX_RV_FREEWALL	11	1.0	3
-9.76869	-19.97375	-9.51542	LAX_RV_FREEWALL	11	1.0	3
-9.39038	-19.96387	-12.30234	LAX_RV_FREEWALL	11	1.0	3
-8.92665	-21.35763	-15.08265	LAX_RV_FREEWALL	11	1.0	3
-8.54834	-21.34775	-17.86957	LAX_RV_FREEWALL	11	1.0	3
-8.08461	-22.74151	-20.64987	LAX_RV_FREEWALL	11	1.0	3
-7.70630	-22.73163	-23.43680	LAX_RV_FREEWALL	11	1.0	3
-7.24257	-24.12539	-26.21710	LAX_RV_FREEWALL	11	1.0	3
-6.86426	-24.11551	-29.00402	LAX_RV_FREEWALL	11	1.0	3
-6.48595	-24.10563	-31.79095	LAX_RV_FREEWALL	11	1.0	3
-6.10764	-24.09576	-34.57787	LAX_RV_FREEWALL	11	1.0	3
-5.72932	-24.08588	-37.36479	LAX_RV_FREEWALL	11	1.0	3
-5.35101	-24.07600	-40.15172	LAX_RV_FREEWALL	11	1.0	3
-4.97270	-24.06612	-42.93864	LAX_RV_FREEWALL	11	1.0	3
-4.50897	-25.45988	-45.71894	LAX_RV_FREEWALL	11	1.0	3
-4.13066	-25.45000	-48.50587	LAX_RV_FREEWALL	11	1.0	3
-3.66693	-26.84376	-51.28617	LAX_RV_FREEWALL	11	1.0	3
-3.28862	-26.83388	-54.07309	LAX_RV_FREEWALL	11	1.0	3
-2.91031	-26.82400	-56.86002	LAX_RV_FREEWALL	11	1.0	3
-2.44658	-28.21776	-59.64032	LAX_RV_FREEWALL	11	1.0	3
-2.15368	-26.80425	-62.43386	LAX_RV_FREEWALL	11	1.0	3
-1.68995	-28.19801	-65.21417	LAX_RV_FREEWALL	11	1.0	3
-1.31164	-28.18813	-68.00109	LAX_RV_FREEWALL	11	1.0	3
-0.93333	-28.17825	-70.78801	LAX_RV_FREEWALL	11	1.0	3
-0.55502	-28.16837	-73.57494	LAX_RV_FREEWALL	11	1.0	3
-0.26212	-26.75485	-76.36848	LAX_RV_FREEWALL	11	1.0	3
0.11619	-26.74497	-79.15540	LAX_RV_FREEWALL	11	1.0	3
0.49450	-26.73509	-81.94232	LAX_RV_FREEWALL	11	1.0	3
0.87281	-26.72521	-84.72925	LAX_RV_FREEWALL	11	1.0	3
1.16571	-25.31170	-87.52279	LAX_RV_FREEWALL	11	1.0	3
1.54402	-25.30182	-90.30971	LAX_RV_FREEWALL	11	1.0	3
2.00775	-26.69558	-93.09002	LAX_RV_FREEWALL	11	1.0	3
2.38606	-26.68570	-95.87694	LAX_RV_FREEWALL	11	1.0	3
2.76438	-26.67582	-98.66386	LAX_RV_FREEWALL	11	1.0	3
3.05727	-25.26230	-101.45741	LAX_RV_FREEWALL	11	1.0	3
3.35017	-23.84879	-104.25095	LAX_RV_FREEWALL	11	1.0	3
3.55765	-21.03163	-107.05111	LAX_RV_FREEWALL	11	1.0	3
3.57597	-18.21941	-108.45781	LAX_RV_FREEWALL	11	1.0	3
3.40514	-15.41214	-108.47105	LAX_RV_FREEWALL	11	1.0	3
3.04515	-12.60980	-107.09083	LAX_RV_FREEWALL	11	1.0	3
2.68517	-9.80746	-105.71060	LAX_RV_FREEWALL	11	1.0	3
2.32518	-7.00512	-104.33038	LAX_RV_FREEWALL	11	1.0	3
1.96519	-4.20279	-102.95016	LAX_RV_FREEWALL	11	1.0	3
1.60520	-1.40045	-101.56993	LAX_RV_FREEWALL	11	1.0	3
1.05606	1.39695	-98.79625	LAX_RV_FREEWALL	11	1.0	3
0.50691	4.19435	-96.02257	LAX_RV_FREEWALL	11	1.0	3
-0.04223	6.99175	-93.24888	LAX_RV_FREEWALL	11	1.0	3
-0.59137	9.78915	-90.47520	LAX_RV_FREEWALL	11	1.0	3
-0.78053	9.78421	-89.08174	LAX_RV_FREEWALL	11	1.0	3
-0.79886	6.97199	-87.67504	LAX_RV_SEPTUM	11	1.0	3
-0.62802	4.16471	-87.66180	LAX_RV_SEPTUM	11	1.0	3
-0.45719	1.35744	-87.64856	LAX_RV_SEPTUM	11	1.0	3
-0.47552	-1.45478	-86.24186	LAX_RV_SEPTUM	11	1.0	3
-0.49384	-4.26700	-84.83516	LAX_RV_SEPTUM	11	1.0	3
-0.70132	-7.08415	-82.03500	LAX_RV_SEPTUM	11	1.0	3
-0.71964	-9.89637	-80.62829	LAX_RV_SEPTUM	11	1.0	3
-1.01254	-11.30989	-77.83475	LAX_RV_SEPTUM	11	1.0	3
-1.30544	-12.72340	-75.04121	LAX_RV_SEPTUM	11	1.0	3
-1.68375	-12.73328	-72.25429	LAX_RV_SEPTUM	11	1.0	3
-1.97665	-14.14680	-69.46074	LAX_RV_SEPTUM	11	1.0	3
-2.35496	-14.15668	-66.67382	LAX_RV_SEPTUM	11	1.0	3
-2.73327	-14.16656	-63.88690	LAX_RV_SEPTUM	11	1.0	3
-3.02617	-15.58008	-61.09336	LAX_RV_SEPTUM	11	1.0	3
-3.40448	-15.58995	-58.30643	LAX_RV_SEPTUM	11	1.0	3
-3.86821	-14.19619	-55.52613	LAX_RV_SEPTUM	11	1.0	3
-4.24652	-14.20607	-52.73921	LAX_RV_SEPTUM	11	1.0	3
-4.62483	-14.21595	-49.95228	LAX_RV_SEPTUM	11	1.0	3
-5.00314	-14.22583	-47.16536	LAX_RV_SEPTUM	11	1.0	3
-5.46687	-12.83207	-44.38506	LAX_RV_SEPTUM	11	1.0	3
-5.93060	-11.43831	-41.60475	LAX_RV_SEPTUM	11	1.0	3
-6.39433	-10.04455	-38.82445	LAX_RV_SEPTUM	11	1.0	3
-6.85806	-8.65079	-36.04414	LAX_RV_SEPTUM	11	1.0	3
-7.23637	-8.66067	-33.25722	LAX_RV_SEPTUM	11	1.0	3
-7.70010	-7.26691	-30.47692	LAX_RV_SEPTUM	11	1.0	3
-8.16382	-5.87315	-27.69661	LAX_RV_SEPTUM	11	1.0	3
-8.62755	-4.47939	-24.91631	LAX_RV_SEPTUM	11	1.0	3
-9.17670	-1.68199	-22.14263	LAX_RV_SEPTUM	11	1.0	3
-9.64042	-0.28823	-19.36232	LAX_RV_SEPTUM	11	1.0	3
-10.10415	1.10553	-16.58202	LAX_RV_SEPTUM	11	1.0	3
-10.71447	-19.99845	-2.54811	LAX_RV_EPICARDIAL	11	1.0	3
-10.25075	-21.39221	-5.32842	LAX_RV_EPICARDIAL	11	1.0	3
-9.87243	-21.38233	-8.11534	LAX_RV_EPICARDIAL	11	1.0	3
-9.40871	-22.77609	-10.89564	LAX_RV_EPICARDIAL	11	1.0	3
-8.94498	-24.16985	-13.67595	LAX_RV_EPICARDIAL	11	1.0	3
-8.48125	-25.56361	-16.45625	LAX_RV_EPICARDIAL	11	1.0	3
-8.10294	-25.55373	-19.24317	LAX_RV_EPICARDIAL	11	1.0	3
-7.63921	-26.94749	-22.02348	LAX_RV_EPICARDIAL	11	1.0	3
-7.26090	-26.93761	-24.81040	LAX_RV_EPICARDIAL	11	1.0	3
-6.88259	-26.92773	-27.59732	LAX_RV_EPICARDIAL	11	1.0	3
-6.50427	-26.91785	-30.38425	LAX_RV_EPICARDIAL	11	1.0	3
-6.12596	-26.90797	-33.17117	LAX_RV_EPICARDIAL	11	1.0	3
-5.74765	-26.89809	-35.95809	LAX_RV_EPICARDIAL	11	1.0	3
-5.45475	-25.48458	-38.75163	LAX_RV_EPICARDIAL	11	1.0	3
-4.99102	-26.87834	-41.53194	LAX_RV_EPICARDIAL	11	1.0	3
-4.61271	-26.86846	-44.31886	LAX_RV_EPICARDIAL	11	1.0	3
-4.14898	-28.26222	-47.09917	LAX_RV_EPICARDIAL	11	1.0	3
-3.68526	-29.65598	-49.87947	LAX_RV_EPICARDIAL	11	1.0	3
-3.30694	-29.64610	-52.66639	LAX_RV_EPICARDIAL	11	1.0	3
-2.84322	-31.03986	-55.44670	LAX_RV_EPICARDIAL	11	1.0	3
-2.46490	-31.02998	-58.23362	LAX_RV_EPICARDIAL	11	1.0	3
-2.08659	-31.02010	-61.02054	LAX_RV_EPICARDIAL	11	1.0	3
-1.70828	-31.01022	-63.80747	LAX_RV_EPICARDIAL	11	1.0	3
-1.32997	-31.00034	-66.59439	LAX_RV_EPICARDIAL	11	1.0	3
-0.95165	-30.99046	-69.38131	LAX_RV_EPICARDIAL	11	1.0	3
-0.57334	-30.98059	-72.16823	LAX_RV_EPICARDIAL	11	1.0	3
-0.19503	-30.97071	-74.95516	LAX_RV_EPICARDIAL	11	1.0	3
0.09787	-29.55719	-77.74870	LAX_RV_EPICARDIAL	11	1.0	3
0.47618	-29.54731	-80.53562	LAX_RV_EPICARDIAL	11	1.0	3
0.85449	-29.53743	-83.32255	LAX_RV_EPICARDIAL	11	1.0	3
1.23280	-29.52755	-86.10947	LAX_RV_EPICARDIAL	11	1.0	3
1.61111	-29.51767	-88.89639	LAX_RV_EPICARDIAL	11	1.0	3
1.98943	-29.50780	-91.68332	LAX_RV_EPICARDIAL	11	1.0	3
2.36774	-29.49792	-94.47024	LAX_RV_EPICARDIAL	11	1.0	3
2.74605	-29.48804	-97.25716	LAX_RV_EPICARDIAL	11	1.0	3
3.12436	-29.47816	-100.04409	LAX_RV_EPICARDIAL	11	1.0	3
3.41726	-28.06464	-102.83763	LAX_RV_EPICARDIAL	11	1.0	3
3.71016	-26.65112	-105.63117	LAX_RV_EPICARDIAL	11	1.0	3
4.00305	-25.23761	-108.42471	LAX_RV_EPICARDIAL	11	1.0	3
4.21053	-22.42045	-111.22487	LAX_RV_EPICARDIAL	11	1.0	3
4.03970	-19.61317	-111.23811	LAX_RV_EPICARDIAL	11	1.0	3
3.86887	-16.80590	-111.25135	LAX_RV_EPICARDIAL	11	1.0	3
3.69804	-13.99862	-111.26459	LAX_RV_EPICARDIAL	11	1.0	3
3.52721	-11.19134	-111.27783	LAX_RV_EPICARDIAL	11	1.0	3
3.16722	-8.38900	-109.89761	LAX_RV_EPICARDIAL	11	1.0	3
2.80723	-5.58667	-108.51738	LAX_RV_EPICARDIAL	11	1.0	3
2.44724	-2.78433	-107.13716	LAX_RV_EPICARDIAL	11	1.0	3
2.08725	0.01801	-105.75694	LAX_RV_EPICARDIAL	11	1.0	3
1.62353	1.41177	-102.97663	LAX_RV_EPICARDIAL	11	1.0	3
1.07438	4.20917	-100.20295	LAX_RV_EPICARDIAL	11	1.0	3
0.52524	7.00657	-97.42927	LAX_RV_EPICARDIAL	11	1.0	3
0.16525	9.80890	-96.04904	LAX_RV_EPICARDIAL	11	1.0	3
-0.38389	12.60630	-93.27536	LAX_RV_EPICARDIAL	11	1.0	3
-0.65847	14.00500	-91.88852	LAX_RV_EPICARDIAL	11	1.0	3
-1.12219	15.39876	-89.10821	LAX_RV_EPICARDIAL	11	1.0	3
-0.95136	12.59148	-89.09497	LAX_RV_EPICARDIAL	11	1.0	3
-10.67162	1.09071	-12.40163	PULMONARY_VALVE	11	1.0	3
-11.26362	-17.20105	0.22557	PULMONARY_VALVE	11	1.0	3
