x	y	z	contour type	frameID	weight	time frame
-36.04595	-22.05874	-28.10286	SAX_RV_FREEWALL	2	1.0	17
-37.74252	-20.95398	-30.50886	SAX_RV_FREEWALL	2	1.0	17
-39.97021	-20.95398	-32.22571	SAX_RV_FREEWALL	2	1.0	17
-42.19789	-20.95398	-33.94256	SAX_RV_FREEWALL	2	1.0	17
-44.42558	-20.95398	-35.65940	SAX_RV_FREEWALL	2	1.0	17
-46.65327	-20.95399	-37.37625	SAX_RV_FREEWALL	2	1.0	17
-48.88096	-20.95399	-39.09309	SAX_RV_FREEWALL	2	1.0	17
-51.10865	-20.95399	-40.80994	SAX_RV_FREEWALL	2	1.0	17
-52.80522	-19.84922	-43.21594	SAX_RV_FREEWALL	2	1.0	17
-55.03290	-19.84923	-44.93279	SAX_RV_FREEWALL	2	1.0	17
-57.26059	-19.84923	-46.64963	SAX_RV_FREEWALL	2	1.0	17
-58.95716	-18.74446	-49.05563	SAX_RV_FREEWALL	2	1.0	17
-60.65373	-17.63970	-51.46164	SAX_RV_FREEWALL	2	1.0	17
-62.35029	-16.53493	-53.86764	SAX_RV_FREEWALL	2	1.0	17
-64.04686	-15.43016	-56.27364	SAX_RV_FREEWALL	2	1.0	17
-65.74343	-14.32540	-58.67964	SAX_RV_FREEWALL	2	1.0	17
-66.90888	-12.11586	-61.77480	SAX_RV_FREEWALL	2	1.0	17
-68.60544	-11.01110	-64.18080	SAX_RV_FREEWALL	2	1.0	17
-68.65705	-8.80156	-66.41754	SAX_RV_FREEWALL	2	1.0	17
-67.59480	-6.59203	-67.79585	SAX_RV_FREEWALL	2	1.0	17
-67.64641	-4.38249	-70.03259	SAX_RV_FREEWALL	2	1.0	17
-66.58416	-2.17295	-71.41090	SAX_RV_FREEWALL	2	1.0	17
-64.40808	0.03658	-71.93079	SAX_RV_FREEWALL	2	1.0	17
-63.34584	2.24612	-73.30911	SAX_RV_FREEWALL	2	1.0	17
-61.16975	4.45566	-73.82900	SAX_RV_FREEWALL	2	1.0	17
-58.99366	6.66520	-74.34889	SAX_RV_FREEWALL	2	1.0	17
-56.81758	8.87473	-74.86878	SAX_RV_FREEWALL	2	1.0	17
-53.52765	11.08427	-74.53025	SAX_RV_FREEWALL	2	1.0	17
-51.35156	13.29381	-75.05014	SAX_RV_FREEWALL	2	1.0	17
-49.17548	15.50335	-75.57003	SAX_RV_FREEWALL	2	1.0	17
-46.41667	16.60812	-74.54234	SAX_RV_FREEWALL	2	1.0	17
-43.12674	18.81766	-74.20381	SAX_RV_FREEWALL	2	1.0	17
-40.36793	19.92243	-73.17612	SAX_RV_FREEWALL	2	1.0	17
-37.60912	21.02720	-72.14843	SAX_RV_FREEWALL	2	1.0	17
-34.85031	22.13197	-71.12074	SAX_RV_FREEWALL	2	1.0	17
-32.62262	22.13197	-69.40390	SAX_RV_FREEWALL	2	1.0	17
-30.39493	22.13197	-67.68705	SAX_RV_FREEWALL	2	1.0	17
-28.69836	21.02721	-65.28105	SAX_RV_FREEWALL	2	1.0	17
5.86731	-4.38242	-13.37668	SAX_RV_FREEWALL	2	1.0	17
3.10850	-5.48719	-14.40437	SAX_RV_FREEWALL	2	1.0	17
3.16011	-7.69672	-12.16764	SAX_RV_FREEWALL	2	1.0	17
0.40130	-8.80149	-13.19533	SAX_RV_FREEWALL	2	1.0	17
-1.77479	-11.01103	-12.67544	SAX_RV_FREEWALL	2	1.0	17
-0.07822	-12.11580	-10.26943	SAX_RV_FREEWALL	2	1.0	17
2.14947	-12.11579	-8.55259	SAX_RV_FREEWALL	2	1.0	17
2.73219	-13.22056	-7.00501	SAX_RV_FREEWALL	2	1.0	17
0.50450	-13.22056	-8.72185	SAX_RV_FREEWALL	2	1.0	17
-1.67159	-15.43010	-8.20196	SAX_RV_FREEWALL	2	1.0	17
-4.43040	-16.53487	-9.22965	SAX_RV_FREEWALL	2	1.0	17
-7.18920	-17.63964	-10.25734	SAX_RV_FREEWALL	2	1.0	17
-9.94801	-18.74441	-11.28503	SAX_RV_FREEWALL	2	1.0	17
-12.70682	-19.84918	-12.31272	SAX_RV_FREEWALL	2	1.0	17
-14.93451	-19.84919	-14.02956	SAX_RV_FREEWALL	2	1.0	17
-17.69332	-20.95396	-15.05725	SAX_RV_FREEWALL	2	1.0	17
-19.92101	-20.95396	-16.77410	SAX_RV_FREEWALL	2	1.0	17
-22.67982	-22.05873	-17.80179	SAX_RV_FREEWALL	2	1.0	17
-24.90751	-22.05873	-19.51863	SAX_RV_FREEWALL	2	1.0	17
-27.13520	-22.05873	-21.23548	SAX_RV_FREEWALL	2	1.0	17
-29.36288	-22.05874	-22.95232	SAX_RV_FREEWALL	2	1.0	17
-31.59057	-22.05874	-24.66917	SAX_RV_FREEWALL	2	1.0	17
-33.81826	-22.05874	-26.38602	SAX_RV_FREEWALL	2	1.0	17
-34.29778	-25.37304	-23.46012	SAX_RV_EPICARDIAL	2	1.0	17
-35.99435	-24.26828	-25.86613	SAX_RV_EPICARDIAL	2	1.0	17
-38.22204	-24.26828	-27.58297	SAX_RV_EPICARDIAL	2	1.0	17
-40.44972	-24.26828	-29.29982	SAX_RV_EPICARDIAL	2	1.0	17
-42.67741	-24.26828	-31.01666	SAX_RV_EPICARDIAL	2	1.0	17
-44.37398	-23.16352	-33.42266	SAX_RV_EPICARDIAL	2	1.0	17
-46.60167	-23.16352	-35.13951	SAX_RV_EPICARDIAL	2	1.0	17
-48.82936	-23.16352	-36.85636	SAX_RV_EPICARDIAL	2	1.0	17
-51.05705	-23.16353	-38.57320	SAX_RV_EPICARDIAL	2	1.0	17
-53.28473	-23.16353	-40.29005	SAX_RV_EPICARDIAL	2	1.0	17
-54.98130	-22.05876	-42.69605	SAX_RV_EPICARDIAL	2	1.0	17
-57.20899	-22.05876	-44.41289	SAX_RV_EPICARDIAL	2	1.0	17
-59.43668	-22.05877	-46.12974	SAX_RV_EPICARDIAL	2	1.0	17
-61.13325	-20.95400	-48.53574	SAX_RV_EPICARDIAL	2	1.0	17
-62.82981	-19.84923	-50.94175	SAX_RV_EPICARDIAL	2	1.0	17
-64.52638	-18.74447	-53.34775	SAX_RV_EPICARDIAL	2	1.0	17
-66.22295	-17.63970	-55.75375	SAX_RV_EPICARDIAL	2	1.0	17
-67.38839	-15.43017	-58.84891	SAX_RV_EPICARDIAL	2	1.0	17
-69.08496	-14.32540	-61.25491	SAX_RV_EPICARDIAL	2	1.0	17
-70.25041	-12.11587	-64.35007	SAX_RV_EPICARDIAL	2	1.0	17
-70.30201	-9.90633	-66.58681	SAX_RV_EPICARDIAL	2	1.0	17
-69.23977	-7.69679	-67.96512	SAX_RV_EPICARDIAL	2	1.0	17
-69.29137	-5.48726	-70.20186	SAX_RV_EPICARDIAL	2	1.0	17
-68.22913	-3.27772	-71.58017	SAX_RV_EPICARDIAL	2	1.0	17
-67.16689	-1.06819	-72.95848	SAX_RV_EPICARDIAL	2	1.0	17
-66.10465	1.14135	-74.33680	SAX_RV_EPICARDIAL	2	1.0	17
-63.92856	3.35089	-74.85669	SAX_RV_EPICARDIAL	2	1.0	17
-61.75247	5.56043	-75.37658	SAX_RV_EPICARDIAL	2	1.0	17
-59.57639	7.76996	-75.89647	SAX_RV_EPICARDIAL	2	1.0	17
-57.40030	9.97950	-76.41636	SAX_RV_EPICARDIAL	2	1.0	17
-55.22422	12.18904	-76.93625	SAX_RV_EPICARDIAL	2	1.0	17
-53.04813	14.39858	-77.45614	SAX_RV_EPICARDIAL	2	1.0	17
-50.87204	16.60811	-77.97603	SAX_RV_EPICARDIAL	2	1.0	17
-47.58211	18.81765	-77.63750	SAX_RV_EPICARDIAL	2	1.0	17
-44.82330	19.92242	-76.60981	SAX_RV_EPICARDIAL	2	1.0	17
-42.06449	21.02719	-75.58212	SAX_RV_EPICARDIAL	2	1.0	17
-38.77456	23.23673	-75.24359	SAX_RV_EPICARDIAL	2	1.0	17
-36.01575	24.34150	-74.21590	SAX_RV_EPICARDIAL	2	1.0	17
-33.78807	24.34151	-72.49905	SAX_RV_EPICARDIAL	2	1.0	17
-31.02926	25.44628	-71.47137	SAX_RV_EPICARDIAL	2	1.0	17
-28.80157	25.44628	-69.75452	SAX_RV_EPICARDIAL	2	1.0	17
-27.10500	24.34151	-67.34852	SAX_RV_EPICARDIAL	2	1.0	17
-24.87731	24.34151	-65.63167	SAX_RV_EPICARDIAL	2	1.0	17
-24.82571	22.13198	-63.39494	SAX_RV_EPICARDIAL	2	1.0	17
3.31491	-14.32533	-5.45743	SAX_RV_EPICARDIAL	2	1.0	17
6.07372	-13.22056	-4.42974	SAX_RV_EPICARDIAL	2	1.0	17
9.36365	-11.01102	-4.09121	SAX_RV_EPICARDIAL	2	1.0	17
11.53974	-8.80148	-4.61110	SAX_RV_EPICARDIAL	2	1.0	17
12.60198	-6.59195	-5.98941	SAX_RV_EPICARDIAL	2	1.0	17
12.60198	-6.59195	-5.98941	SAX_RV_EPICARDIAL	2	1.0	17
12.65358	-8.80148	-3.75268	SAX_RV_EPICARDIAL	2	1.0	17
10.47750	-11.01102	-3.23278	SAX_RV_EPICARDIAL	2	1.0	17
7.18757	-13.22056	-3.57132	SAX_RV_EPICARDIAL	2	1.0	17
4.42876	-14.32533	-4.59901	SAX_RV_EPICARDIAL	2	1.0	17
1.13883	-16.53487	-4.93754	SAX_RV_EPICARDIAL	2	1.0	17
-1.61998	-17.63964	-5.96523	SAX_RV_EPICARDIAL	2	1.0	17
-4.37879	-18.74441	-6.99292	SAX_RV_EPICARDIAL	2	1.0	17
-7.13760	-19.84918	-8.02060	SAX_RV_EPICARDIAL	2	1.0	17
-9.89641	-20.95395	-9.04829	SAX_RV_EPICARDIAL	2	1.0	17
-12.12410	-20.95395	-10.76514	SAX_RV_EPICARDIAL	2	1.0	17
-14.88291	-22.05872	-11.79283	SAX_RV_EPICARDIAL	2	1.0	17
-17.11060	-22.05872	-13.50967	SAX_RV_EPICARDIAL	2	1.0	17
-19.86941	-23.16349	-14.53736	SAX_RV_EPICARDIAL	2	1.0	17
-22.09710	-23.16350	-16.25421	SAX_RV_EPICARDIAL	2	1.0	17
-24.85590	-24.26827	-17.28190	SAX_RV_EPICARDIAL	2	1.0	17
-27.08359	-24.26827	-18.99874	SAX_RV_EPICARDIAL	2	1.0	17
-29.84240	-25.37304	-20.02643	SAX_RV_EPICARDIAL	2	1.0	17
-32.07009	-25.37304	-21.74328	SAX_RV_EPICARDIAL	2	1.0	17
0.02498	-16.53487	-5.79596	SAX_RV_EPICARDIAL	2	1.0	17
3.31491	-14.32533	-5.45743	SAX_RV_EPICARDIAL	2	1.0	17
-3.31655	-16.53487	-8.37123	SAX_RV_EPICARDIAL	2	1.0	17
-1.08886	-16.53487	-6.65438	SAX_RV_EPICARDIAL	2	1.0	17
-6.07536	-17.63964	-9.39892	SAX_RV_EPICARDIAL	2	1.0	17
-3.84767	-17.63964	-7.68207	SAX_RV_EPICARDIAL	2	1.0	17
-8.83417	-18.74441	-10.42661	SAX_RV_EPICARDIAL	2	1.0	17
-6.60648	-18.74441	-8.70976	SAX_RV_EPICARDIAL	2	1.0	17
-26.47068	21.02721	-63.56420	SAX_RV_SEPTUM	2	1.0	17
-25.30523	18.81767	-60.46904	SAX_RV_SEPTUM	2	1.0	17
-25.25363	16.60814	-58.23231	SAX_RV_SEPTUM	2	1.0	17
-25.20202	14.39860	-55.99557	SAX_RV_SEPTUM	2	1.0	17
-26.26427	12.18907	-54.61726	SAX_RV_SEPTUM	2	1.0	17
-26.21266	9.97953	-52.38052	SAX_RV_SEPTUM	2	1.0	17
-26.16106	7.77000	-50.14378	SAX_RV_SEPTUM	2	1.0	17
-24.99561	5.56046	-47.04863	SAX_RV_SEPTUM	2	1.0	17
-24.94401	3.35093	-44.81189	SAX_RV_SEPTUM	2	1.0	17
-23.77857	1.14139	-41.71673	SAX_RV_SEPTUM	2	1.0	17
-22.61312	-1.06814	-38.62157	SAX_RV_SEPTUM	2	1.0	17
-21.44767	-3.27768	-35.52641	SAX_RV_SEPTUM	2	1.0	17
-20.28223	-5.48721	-32.43125	SAX_RV_SEPTUM	2	1.0	17
-18.58566	-6.59198	-30.02525	SAX_RV_SEPTUM	2	1.0	17
-16.35797	-6.59197	-28.30840	SAX_RV_SEPTUM	2	1.0	17
-14.13028	-6.59197	-26.59156	SAX_RV_SEPTUM	2	1.0	17
-11.90259	-6.59197	-24.87471	SAX_RV_SEPTUM	2	1.0	17
-9.14378	-5.48720	-23.84702	SAX_RV_SEPTUM	2	1.0	17
-6.91610	-5.48720	-22.13018	SAX_RV_SEPTUM	2	1.0	17
-4.15729	-4.38243	-21.10249	SAX_RV_SEPTUM	2	1.0	17
-1.92960	-4.38242	-19.38564	SAX_RV_SEPTUM	2	1.0	17
0.82921	-3.27765	-18.35796	SAX_RV_SEPTUM	2	1.0	17
3.58802	-2.17288	-17.33027	SAX_RV_SEPTUM	2	1.0	17
5.81571	-2.17288	-15.61342	SAX_RV_SEPTUM	2	1.0	17
-22.64962	24.34152	-63.91483	SAX_LV_EPICARDIAL	2	1.0	17
-20.47354	26.55105	-64.43472	SAX_LV_EPICARDIAL	2	1.0	17
-19.41130	28.76059	-65.81303	SAX_LV_EPICARDIAL	2	1.0	17
-17.23521	30.97013	-66.33292	SAX_LV_EPICARDIAL	2	1.0	17
-15.05912	33.17967	-66.85281	SAX_LV_EPICARDIAL	2	1.0	17
-12.88304	35.38920	-67.37270	SAX_LV_EPICARDIAL	2	1.0	17
-10.70695	37.59874	-67.89259	SAX_LV_EPICARDIAL	2	1.0	17
-8.53087	39.80828	-68.41248	SAX_LV_EPICARDIAL	2	1.0	17
-5.77206	40.91305	-67.38479	SAX_LV_EPICARDIAL	2	1.0	17
-2.48213	43.12259	-67.04626	SAX_LV_EPICARDIAL	2	1.0	17
0.80780	45.33213	-66.70773	SAX_LV_EPICARDIAL	2	1.0	17
3.56661	46.43690	-65.68004	SAX_LV_EPICARDIAL	2	1.0	17
5.79430	46.43690	-63.96320	SAX_LV_EPICARDIAL	2	1.0	17
8.55311	47.54167	-62.93551	SAX_LV_EPICARDIAL	2	1.0	17
11.31192	48.64644	-61.90782	SAX_LV_EPICARDIAL	2	1.0	17
14.07073	49.75121	-60.88013	SAX_LV_EPICARDIAL	2	1.0	17
16.29842	49.75121	-59.16328	SAX_LV_EPICARDIAL	2	1.0	17
18.52611	49.75122	-57.44644	SAX_LV_EPICARDIAL	2	1.0	17
20.75380	49.75122	-55.72959	SAX_LV_EPICARDIAL	2	1.0	17
22.98148	49.75122	-54.01275	SAX_LV_EPICARDIAL	2	1.0	17
25.20917	49.75122	-52.29590	SAX_LV_EPICARDIAL	2	1.0	17
26.90574	48.64646	-49.88990	SAX_LV_EPICARDIAL	2	1.0	17
29.13343	48.64646	-48.17305	SAX_LV_EPICARDIAL	2	1.0	17
30.83000	47.54169	-45.76705	SAX_LV_EPICARDIAL	2	1.0	17
32.52656	46.43693	-43.36105	SAX_LV_EPICARDIAL	2	1.0	17
33.69201	44.22739	-40.26589	SAX_LV_EPICARDIAL	2	1.0	17
35.38858	43.12263	-37.85989	SAX_LV_EPICARDIAL	2	1.0	17
36.55402	40.91309	-34.76473	SAX_LV_EPICARDIAL	2	1.0	17
37.71947	38.70356	-31.66957	SAX_LV_EPICARDIAL	2	1.0	17
38.88492	36.49402	-28.57441	SAX_LV_EPICARDIAL	2	1.0	17
38.93652	34.28449	-26.33767	SAX_LV_EPICARDIAL	2	1.0	17
38.98812	32.07495	-24.10094	SAX_LV_EPICARDIAL	2	1.0	17
39.03972	29.86542	-21.86420	SAX_LV_EPICARDIAL	2	1.0	17
39.09133	27.65588	-19.62746	SAX_LV_EPICARDIAL	2	1.0	17
38.02908	25.44634	-18.24915	SAX_LV_EPICARDIAL	2	1.0	17
36.96684	23.23681	-16.87084	SAX_LV_EPICARDIAL	2	1.0	17
35.90460	21.02727	-15.49252	SAX_LV_EPICARDIAL	2	1.0	17
34.84236	18.81773	-14.11421	SAX_LV_EPICARDIAL	2	1.0	17
33.78012	16.60820	-12.73590	SAX_LV_EPICARDIAL	2	1.0	17
31.60403	14.39866	-12.21601	SAX_LV_EPICARDIAL	2	1.0	17
29.42795	12.18912	-11.69612	SAX_LV_EPICARDIAL	2	1.0	17
26.13801	9.97958	-12.03465	SAX_LV_EPICARDIAL	2	1.0	17
23.96193	7.77005	-11.51476	SAX_LV_EPICARDIAL	2	1.0	17
21.20312	6.66528	-12.54245	SAX_LV_EPICARDIAL	2	1.0	17
17.91319	4.45574	-12.88098	SAX_LV_EPICARDIAL	2	1.0	17
15.15438	3.35097	-13.90867	SAX_LV_EPICARDIAL	2	1.0	17
12.39557	2.24620	-14.93636	SAX_LV_EPICARDIAL	2	1.0	17
9.63676	1.14143	-15.96405	SAX_LV_EPICARDIAL	2	1.0	17
-16.56438	2.24617	-37.25535	SAX_LV_ENDOCARDIAL	2	1.0	17
-17.72983	4.45570	-40.35051	SAX_LV_ENDOCARDIAL	2	1.0	17
-17.78143	6.66524	-42.58724	SAX_LV_ENDOCARDIAL	2	1.0	17
-18.94687	8.87477	-45.68240	SAX_LV_ENDOCARDIAL	2	1.0	17
-18.99848	11.08431	-47.91914	SAX_LV_ENDOCARDIAL	2	1.0	17
-19.05008	13.29384	-50.15588	SAX_LV_ENDOCARDIAL	2	1.0	17
-19.10168	15.50338	-52.39261	SAX_LV_ENDOCARDIAL	2	1.0	17
-18.03944	17.71291	-53.77093	SAX_LV_ENDOCARDIAL	2	1.0	17
-18.09104	19.92245	-56.00766	SAX_LV_ENDOCARDIAL	2	1.0	17
-17.02880	22.13199	-57.38598	SAX_LV_ENDOCARDIAL	2	1.0	17
-15.96656	24.34152	-58.76429	SAX_LV_ENDOCARDIAL	2	1.0	17
-14.90432	26.55106	-60.14260	SAX_LV_ENDOCARDIAL	2	1.0	17
-12.72823	28.76060	-60.66249	SAX_LV_ENDOCARDIAL	2	1.0	17
-10.55214	30.97013	-61.18238	SAX_LV_ENDOCARDIAL	2	1.0	17
-8.37606	33.17967	-61.70227	SAX_LV_ENDOCARDIAL	2	1.0	17
-5.08613	35.38921	-61.36374	SAX_LV_ENDOCARDIAL	2	1.0	17
-1.79620	37.59875	-61.02521	SAX_LV_ENDOCARDIAL	2	1.0	17
0.96261	38.70352	-59.99752	SAX_LV_ENDOCARDIAL	2	1.0	17
3.72142	39.80829	-58.96983	SAX_LV_ENDOCARDIAL	2	1.0	17
6.48023	40.91306	-57.94214	SAX_LV_ENDOCARDIAL	2	1.0	17
9.23904	42.01783	-56.91445	SAX_LV_ENDOCARDIAL	2	1.0	17
11.99785	43.12260	-55.88677	SAX_LV_ENDOCARDIAL	2	1.0	17
14.22554	43.12260	-54.16992	SAX_LV_ENDOCARDIAL	2	1.0	17
16.45323	43.12261	-52.45307	SAX_LV_ENDOCARDIAL	2	1.0	17
18.68091	43.12261	-50.73623	SAX_LV_ENDOCARDIAL	2	1.0	17
20.90860	43.12261	-49.01938	SAX_LV_ENDOCARDIAL	2	1.0	17
23.13629	43.12261	-47.30254	SAX_LV_ENDOCARDIAL	2	1.0	17
24.83286	42.01785	-44.89654	SAX_LV_ENDOCARDIAL	2	1.0	17
26.52943	40.91308	-42.49053	SAX_LV_ENDOCARDIAL	2	1.0	17
28.22599	39.80832	-40.08453	SAX_LV_ENDOCARDIAL	2	1.0	17
29.39144	37.59878	-36.98937	SAX_LV_ENDOCARDIAL	2	1.0	17
30.55689	35.38925	-33.89421	SAX_LV_ENDOCARDIAL	2	1.0	17
31.72233	33.17971	-30.79905	SAX_LV_ENDOCARDIAL	2	1.0	17
32.88778	30.97018	-27.70389	SAX_LV_ENDOCARDIAL	2	1.0	17
32.93938	28.76064	-25.46716	SAX_LV_ENDOCARDIAL	2	1.0	17
32.99098	26.55111	-23.23042	SAX_LV_ENDOCARDIAL	2	1.0	17
31.92874	24.34157	-21.85211	SAX_LV_ENDOCARDIAL	2	1.0	17
31.98035	22.13204	-19.61537	SAX_LV_ENDOCARDIAL	2	1.0	17
29.80426	19.92250	-19.09548	SAX_LV_ENDOCARDIAL	2	1.0	17
27.62817	17.71296	-18.57559	SAX_LV_ENDOCARDIAL	2	1.0	17
25.45209	15.50342	-18.05570	SAX_LV_ENDOCARDIAL	2	1.0	17
22.16216	13.29388	-18.39423	SAX_LV_ENDOCARDIAL	2	1.0	17
19.40335	12.18911	-19.42192	SAX_LV_ENDOCARDIAL	2	1.0	17
16.64454	11.08434	-20.44961	SAX_LV_ENDOCARDIAL	2	1.0	17
13.88573	9.97957	-21.47730	SAX_LV_ENDOCARDIAL	2	1.0	17
11.12692	8.87480	-22.50499	SAX_LV_ENDOCARDIAL	2	1.0	17
8.36811	7.77003	-23.53268	SAX_LV_ENDOCARDIAL	2	1.0	17
5.60930	6.66526	-24.56037	SAX_LV_ENDOCARDIAL	2	1.0	17
2.85049	5.56049	-25.58805	SAX_LV_ENDOCARDIAL	2	1.0	17
0.62280	5.56049	-27.30490	SAX_LV_ENDOCARDIAL	2	1.0	17
-2.13601	4.45572	-28.33259	SAX_LV_ENDOCARDIAL	2	1.0	17
-4.89482	3.35095	-29.36028	SAX_LV_ENDOCARDIAL	2	1.0	17
-7.65363	2.24618	-30.38797	SAX_LV_ENDOCARDIAL	2	1.0	17
-9.88131	2.24617	-32.10481	SAX_LV_ENDOCARDIAL	2	1.0	17
-12.10900	2.24617	-33.82166	SAX_LV_ENDOCARDIAL	2	1.0	17
-14.33669	2.24617	-35.53850	SAX_LV_ENDOCARDIAL	2	1.0	17
5.81571	-2.17288	-15.61342	RV_INSERT	2	1.0	17
-26.47068	21.02721	-63.56420	RV_INSERT	2	1.0	17
-46.59551	-28.59119	-58.18352	SAX_RV_FREEWALL	3	1.0	17
-48.29207	-27.48642	-60.58952	SAX_RV_FREEWALL	3	1.0	17
-49.98864	-26.38166	-62.99553	SAX_RV_FREEWALL	3	1.0	17
-51.68521	-25.27689	-65.40153	SAX_RV_FREEWALL	3	1.0	17
-53.38178	-24.17213	-67.80753	SAX_RV_FREEWALL	3	1.0	17
-55.07834	-23.06736	-70.21353	SAX_RV_FREEWALL	3	1.0	17
-56.24379	-20.85783	-73.30869	SAX_RV_FREEWALL	3	1.0	17
-57.94036	-19.75306	-75.71469	SAX_RV_FREEWALL	3	1.0	17
-59.10580	-17.54353	-78.80985	SAX_RV_FREEWALL	3	1.0	17
-59.15741	-15.33399	-81.04659	SAX_RV_FREEWALL	3	1.0	17
-59.20901	-13.12445	-83.28333	SAX_RV_FREEWALL	3	1.0	17
-57.03292	-10.91492	-83.80322	SAX_RV_FREEWALL	3	1.0	17
-54.85684	-8.70538	-84.32311	SAX_RV_FREEWALL	3	1.0	17
-52.68075	-6.49584	-84.84300	SAX_RV_FREEWALL	3	1.0	17
-50.50466	-4.28630	-85.36289	SAX_RV_FREEWALL	3	1.0	17
-47.21473	-2.07677	-85.02436	SAX_RV_FREEWALL	3	1.0	17
-43.92480	0.13277	-84.68582	SAX_RV_FREEWALL	3	1.0	17
-40.63487	2.34231	-84.34729	SAX_RV_FREEWALL	3	1.0	17
-37.34494	4.55185	-84.00876	SAX_RV_FREEWALL	3	1.0	17
-34.05501	6.76139	-83.67023	SAX_RV_FREEWALL	3	1.0	17
-30.76508	8.97093	-83.33170	SAX_RV_FREEWALL	3	1.0	17
-28.00627	10.07570	-82.30401	SAX_RV_FREEWALL	3	1.0	17
-24.71634	12.28524	-81.96547	SAX_RV_FREEWALL	3	1.0	17
-21.95753	13.39001	-80.93779	SAX_RV_FREEWALL	3	1.0	17
-19.19872	14.49478	-79.91010	SAX_RV_FREEWALL	3	1.0	17
-16.97104	14.49478	-78.19325	SAX_RV_FREEWALL	3	1.0	17
6.61101	-17.54346	-28.16291	SAX_RV_FREEWALL	3	1.0	17
4.38332	-17.54346	-29.87975	SAX_RV_FREEWALL	3	1.0	17
1.62451	-18.64823	-30.90744	SAX_RV_FREEWALL	3	1.0	17
-1.13430	-19.75300	-31.93513	SAX_RV_FREEWALL	3	1.0	17
-3.89311	-20.85777	-32.96282	SAX_RV_FREEWALL	3	1.0	17
-6.65192	-21.96254	-33.99051	SAX_RV_FREEWALL	3	1.0	17
-9.94185	-24.17208	-34.32904	SAX_RV_FREEWALL	3	1.0	17
-12.70066	-25.27685	-35.35673	SAX_RV_FREEWALL	3	1.0	17
-15.45947	-26.38162	-36.38442	SAX_RV_FREEWALL	3	1.0	17
-18.21828	-27.48639	-37.41211	SAX_RV_FREEWALL	3	1.0	17
-20.97709	-28.59117	-38.43980	SAX_RV_FREEWALL	3	1.0	17
-23.20478	-28.59117	-40.15664	SAX_RV_FREEWALL	3	1.0	17
-25.43247	-28.59117	-41.87349	SAX_RV_FREEWALL	3	1.0	17
-27.66015	-28.59117	-43.59033	SAX_RV_FREEWALL	3	1.0	17
-29.88784	-28.59117	-45.30718	SAX_RV_FREEWALL	3	1.0	17
-32.11553	-28.59118	-47.02403	SAX_RV_FREEWALL	3	1.0	17
-34.34322	-28.59118	-48.74087	SAX_RV_FREEWALL	3	1.0	17
-36.57091	-28.59118	-50.45772	SAX_RV_FREEWALL	3	1.0	17
-38.79860	-28.59118	-52.17456	SAX_RV_FREEWALL	3	1.0	17
-41.02628	-28.59118	-53.89141	SAX_RV_FREEWALL	3	1.0	17
-43.25397	-28.59119	-55.60825	SAX_RV_FREEWALL	3	1.0	17
-45.48166	-28.59119	-57.32510	SAX_RV_FREEWALL	3	1.0	17
-47.07502	-31.90549	-55.25763	SAX_RV_EPICARDIAL	3	1.0	17
-48.77159	-30.80073	-57.66363	SAX_RV_EPICARDIAL	3	1.0	17
-50.99928	-30.80073	-59.38048	SAX_RV_EPICARDIAL	3	1.0	17
-52.69585	-29.69596	-61.78648	SAX_RV_EPICARDIAL	3	1.0	17
-54.39242	-28.59120	-64.19248	SAX_RV_EPICARDIAL	3	1.0	17
-56.08898	-27.48643	-66.59848	SAX_RV_EPICARDIAL	3	1.0	17
-57.78555	-26.38167	-69.00449	SAX_RV_EPICARDIAL	3	1.0	17
-58.95100	-24.17213	-72.09965	SAX_RV_EPICARDIAL	3	1.0	17
-60.11644	-21.96260	-75.19480	SAX_RV_EPICARDIAL	3	1.0	17
-61.28189	-19.75306	-78.28996	SAX_RV_EPICARDIAL	3	1.0	17
-62.44734	-17.54353	-81.38512	SAX_RV_EPICARDIAL	3	1.0	17
-61.38509	-15.33399	-82.76344	SAX_RV_EPICARDIAL	3	1.0	17
-61.43670	-13.12446	-85.00017	SAX_RV_EPICARDIAL	3	1.0	17
-59.26061	-10.91492	-85.52006	SAX_RV_EPICARDIAL	3	1.0	17
-58.19837	-8.70538	-86.89838	SAX_RV_EPICARDIAL	3	1.0	17
-56.02228	-6.49584	-87.41827	SAX_RV_EPICARDIAL	3	1.0	17
-53.84620	-4.28631	-87.93816	SAX_RV_EPICARDIAL	3	1.0	17
-50.55627	-2.07677	-87.59963	SAX_RV_EPICARDIAL	3	1.0	17
-47.26634	0.13277	-87.26109	SAX_RV_EPICARDIAL	3	1.0	17
-43.97641	2.34231	-86.92256	SAX_RV_EPICARDIAL	3	1.0	17
-40.68648	4.55185	-86.58403	SAX_RV_EPICARDIAL	3	1.0	17
-37.39655	6.76139	-86.24550	SAX_RV_EPICARDIAL	3	1.0	17
-34.10661	8.97093	-85.90696	SAX_RV_EPICARDIAL	3	1.0	17
-30.81668	11.18046	-85.56843	SAX_RV_EPICARDIAL	3	1.0	17
-28.05788	12.28523	-84.54074	SAX_RV_EPICARDIAL	3	1.0	17
-24.76794	14.49477	-84.20221	SAX_RV_EPICARDIAL	3	1.0	17
-22.00914	15.59954	-83.17452	SAX_RV_EPICARDIAL	3	1.0	17
-19.25033	16.70431	-82.14683	SAX_RV_EPICARDIAL	3	1.0	17
-16.49152	17.80909	-81.11914	SAX_RV_EPICARDIAL	3	1.0	17
-13.73271	18.91386	-80.09146	SAX_RV_EPICARDIAL	3	1.0	17
-14.74335	14.49478	-76.47641	SAX_RV_EPICARDIAL	3	1.0	17
9.90094	-15.33392	-27.82438	SAX_RV_EPICARDIAL	3	1.0	17
8.83869	-17.54346	-26.44606	SAX_RV_EPICARDIAL	3	1.0	17
5.54876	-19.75300	-26.78459	SAX_RV_EPICARDIAL	3	1.0	17
3.32107	-19.75300	-28.50144	SAX_RV_EPICARDIAL	3	1.0	17
0.56227	-20.85777	-29.52913	SAX_RV_EPICARDIAL	3	1.0	17
-2.19654	-21.96254	-30.55682	SAX_RV_EPICARDIAL	3	1.0	17
-5.48647	-24.17208	-30.89535	SAX_RV_EPICARDIAL	3	1.0	17
-8.77640	-26.38162	-31.23388	SAX_RV_EPICARDIAL	3	1.0	17
-12.06634	-28.59116	-31.57241	SAX_RV_EPICARDIAL	3	1.0	17
-14.82514	-29.69593	-32.60010	SAX_RV_EPICARDIAL	3	1.0	17
-17.58395	-30.80070	-33.62779	SAX_RV_EPICARDIAL	3	1.0	17
-19.81164	-30.80070	-35.34464	SAX_RV_EPICARDIAL	3	1.0	17
-22.57045	-31.90547	-36.37233	SAX_RV_EPICARDIAL	3	1.0	17
-24.79814	-31.90547	-38.08917	SAX_RV_EPICARDIAL	3	1.0	17
-27.02583	-31.90547	-39.80602	SAX_RV_EPICARDIAL	3	1.0	17
-29.25352	-31.90548	-41.52286	SAX_RV_EPICARDIAL	3	1.0	17
-31.48121	-31.90548	-43.23971	SAX_RV_EPICARDIAL	3	1.0	17
-33.70889	-31.90548	-44.95656	SAX_RV_EPICARDIAL	3	1.0	17
-35.93658	-31.90548	-46.67340	SAX_RV_EPICARDIAL	3	1.0	17
-38.16427	-31.90549	-48.39025	SAX_RV_EPICARDIAL	3	1.0	17
-40.39196	-31.90549	-50.10709	SAX_RV_EPICARDIAL	3	1.0	17
-42.61965	-31.90549	-51.82394	SAX_RV_EPICARDIAL	3	1.0	17
-44.84734	-31.90549	-53.54078	SAX_RV_EPICARDIAL	3	1.0	17
-14.74335	14.49478	-76.47641	SAX_RV_SEPTUM	3	1.0	17
-14.69174	12.28525	-74.23967	SAX_RV_SEPTUM	3	1.0	17
-15.75399	10.07571	-72.86136	SAX_RV_SEPTUM	3	1.0	17
-15.70238	7.86618	-70.62462	SAX_RV_SEPTUM	3	1.0	17
-15.65078	5.65664	-68.38788	SAX_RV_SEPTUM	3	1.0	17
-15.59918	3.44711	-66.15115	SAX_RV_SEPTUM	3	1.0	17
-15.54758	1.23757	-63.91441	SAX_RV_SEPTUM	3	1.0	17
-15.49597	-0.97197	-61.67767	SAX_RV_SEPTUM	3	1.0	17
-14.33053	-3.18150	-58.58252	SAX_RV_SEPTUM	3	1.0	17
-14.27893	-5.39104	-56.34578	SAX_RV_SEPTUM	3	1.0	17
-13.11348	-7.60057	-53.25062	SAX_RV_SEPTUM	3	1.0	17
-11.41691	-8.70534	-50.84462	SAX_RV_SEPTUM	3	1.0	17
-10.25147	-10.91487	-47.74946	SAX_RV_SEPTUM	3	1.0	17
-8.55490	-12.01964	-45.34346	SAX_RV_SEPTUM	3	1.0	17
-6.85833	-13.12440	-42.93745	SAX_RV_SEPTUM	3	1.0	17
-4.63064	-13.12440	-41.22061	SAX_RV_SEPTUM	3	1.0	17
-2.93407	-14.22917	-38.81461	SAX_RV_SEPTUM	3	1.0	17
-0.70639	-14.22916	-37.09776	SAX_RV_SEPTUM	3	1.0	17
1.52130	-14.22916	-35.38092	SAX_RV_SEPTUM	3	1.0	17
3.21787	-15.33393	-32.97491	SAX_RV_SEPTUM	3	1.0	17
5.44556	-15.33393	-31.25807	SAX_RV_SEPTUM	3	1.0	17
7.67325	-15.33392	-29.54122	SAX_RV_SEPTUM	3	1.0	17
9.90094	-15.33392	-27.82438	SAX_RV_SEPTUM	3	1.0	17
-10.92230	17.80909	-76.82703	SAX_LV_EPICARDIAL	3	1.0	17
-9.86005	20.01863	-78.20534	SAX_LV_EPICARDIAL	3	1.0	17
-7.68397	22.22816	-78.72523	SAX_LV_EPICARDIAL	3	1.0	17
-5.50788	24.43770	-79.24512	SAX_LV_EPICARDIAL	3	1.0	17
-3.33180	26.64724	-79.76502	SAX_LV_EPICARDIAL	3	1.0	17
-0.04187	28.85678	-79.42648	SAX_LV_EPICARDIAL	3	1.0	17
3.24806	31.06632	-79.08795	SAX_LV_EPICARDIAL	3	1.0	17
6.53800	33.27586	-78.74942	SAX_LV_EPICARDIAL	3	1.0	17
9.29680	34.38063	-77.72173	SAX_LV_EPICARDIAL	3	1.0	17
12.58673	36.59017	-77.38320	SAX_LV_EPICARDIAL	3	1.0	17
15.34554	37.69494	-76.35551	SAX_LV_EPICARDIAL	3	1.0	17
18.10435	38.79971	-75.32782	SAX_LV_EPICARDIAL	3	1.0	17
20.86316	39.90448	-74.30013	SAX_LV_EPICARDIAL	3	1.0	17
23.09085	39.90448	-72.58329	SAX_LV_EPICARDIAL	3	1.0	17
25.84966	41.00925	-71.55560	SAX_LV_EPICARDIAL	3	1.0	17
28.07735	41.00925	-69.83875	SAX_LV_EPICARDIAL	3	1.0	17
30.30504	41.00925	-68.12191	SAX_LV_EPICARDIAL	3	1.0	17
32.53273	41.00926	-66.40506	SAX_LV_EPICARDIAL	3	1.0	17
34.76041	41.00926	-64.68821	SAX_LV_EPICARDIAL	3	1.0	17
36.98810	41.00926	-62.97137	SAX_LV_EPICARDIAL	3	1.0	17
38.68467	39.90449	-60.56537	SAX_LV_EPICARDIAL	3	1.0	17
40.91236	39.90450	-58.84852	SAX_LV_EPICARDIAL	3	1.0	17
42.60893	38.79973	-56.44252	SAX_LV_EPICARDIAL	3	1.0	17
44.30549	37.69497	-54.03652	SAX_LV_EPICARDIAL	3	1.0	17
46.00206	36.59020	-51.63051	SAX_LV_EPICARDIAL	3	1.0	17
47.16751	34.38066	-48.53535	SAX_LV_EPICARDIAL	3	1.0	17
48.33295	32.17113	-45.44020	SAX_LV_EPICARDIAL	3	1.0	17
49.49840	29.96160	-42.34504	SAX_LV_EPICARDIAL	3	1.0	17
49.55000	27.75206	-40.10830	SAX_LV_EPICARDIAL	3	1.0	17
50.71545	25.54253	-37.01314	SAX_LV_EPICARDIAL	3	1.0	17
50.76705	23.33299	-34.77640	SAX_LV_EPICARDIAL	3	1.0	17
50.81865	21.12346	-32.53967	SAX_LV_EPICARDIAL	3	1.0	17
49.75641	18.91392	-31.16136	SAX_LV_EPICARDIAL	3	1.0	17
49.80802	16.70438	-28.92462	SAX_LV_EPICARDIAL	3	1.0	17
48.74577	14.49485	-27.54631	SAX_LV_EPICARDIAL	3	1.0	17
47.68353	12.28531	-26.16799	SAX_LV_EPICARDIAL	3	1.0	17
46.62129	10.07577	-24.78968	SAX_LV_EPICARDIAL	3	1.0	17
45.55905	7.86624	-23.41137	SAX_LV_EPICARDIAL	3	1.0	17
43.38296	5.65670	-22.89147	SAX_LV_EPICARDIAL	3	1.0	17
42.32072	3.44716	-21.51316	SAX_LV_EPICARDIAL	3	1.0	17
40.14463	1.23763	-20.99327	SAX_LV_EPICARDIAL	3	1.0	17
37.96855	-0.97191	-20.47338	SAX_LV_EPICARDIAL	3	1.0	17
35.79246	-3.18145	-19.95349	SAX_LV_EPICARDIAL	3	1.0	17
33.61638	-5.39099	-19.43360	SAX_LV_EPICARDIAL	3	1.0	17
30.32645	-7.60053	-19.77213	SAX_LV_EPICARDIAL	3	1.0	17
27.03651	-9.81007	-20.11066	SAX_LV_EPICARDIAL	3	1.0	17
24.27771	-10.91484	-21.13835	SAX_LV_EPICARDIAL	3	1.0	17
21.51890	-12.01961	-22.16604	SAX_LV_EPICARDIAL	3	1.0	17
18.76009	-13.12438	-23.19373	SAX_LV_EPICARDIAL	3	1.0	17
16.00128	-14.22915	-24.22142	SAX_LV_EPICARDIAL	3	1.0	17
13.77359	-14.22915	-25.93826	SAX_LV_EPICARDIAL	3	1.0	17
11.39109	-7.60055	-34.36532	SAX_LV_ENDOCARDIAL	3	1.0	17
9.69453	-6.49578	-36.77132	SAX_LV_ENDOCARDIAL	3	1.0	17
7.99796	-5.39101	-39.17732	SAX_LV_ENDOCARDIAL	3	1.0	17
5.77027	-5.39102	-40.89417	SAX_LV_ENDOCARDIAL	3	1.0	17
3.54258	-5.39102	-42.61101	SAX_LV_ENDOCARDIAL	3	1.0	17
1.84601	-4.28625	-45.01702	SAX_LV_ENDOCARDIAL	3	1.0	17
0.14945	-3.18149	-47.42302	SAX_LV_ENDOCARDIAL	3	1.0	17
-1.54712	-2.07672	-49.82902	SAX_LV_ENDOCARDIAL	3	1.0	17
-2.71257	0.13281	-52.92418	SAX_LV_ENDOCARDIAL	3	1.0	17
-3.87801	2.34235	-56.01934	SAX_LV_ENDOCARDIAL	3	1.0	17
-5.04346	4.55188	-59.11450	SAX_LV_ENDOCARDIAL	3	1.0	17
-6.20891	6.76142	-62.20966	SAX_LV_ENDOCARDIAL	3	1.0	17
-6.26051	8.97095	-64.44639	SAX_LV_ENDOCARDIAL	3	1.0	17
-6.31211	11.18049	-66.68313	SAX_LV_ENDOCARDIAL	3	1.0	17
-5.24987	13.39003	-68.06144	SAX_LV_ENDOCARDIAL	3	1.0	17
-4.18763	15.59956	-69.43976	SAX_LV_ENDOCARDIAL	3	1.0	17
-3.12539	17.80910	-70.81807	SAX_LV_ENDOCARDIAL	3	1.0	17
-0.94930	20.01864	-71.33796	SAX_LV_ENDOCARDIAL	3	1.0	17
0.11294	22.22817	-72.71627	SAX_LV_ENDOCARDIAL	3	1.0	17
3.40287	24.43771	-72.37774	SAX_LV_ENDOCARDIAL	3	1.0	17
5.57896	26.64725	-72.89763	SAX_LV_ENDOCARDIAL	3	1.0	17
8.86889	28.85679	-72.55910	SAX_LV_ENDOCARDIAL	3	1.0	17
11.62770	29.96156	-71.53141	SAX_LV_ENDOCARDIAL	3	1.0	17
14.38651	31.06633	-70.50372	SAX_LV_ENDOCARDIAL	3	1.0	17
17.14532	32.17110	-69.47603	SAX_LV_ENDOCARDIAL	3	1.0	17
19.90413	33.27587	-68.44835	SAX_LV_ENDOCARDIAL	3	1.0	17
22.66294	34.38064	-67.42066	SAX_LV_ENDOCARDIAL	3	1.0	17
24.89062	34.38064	-65.70381	SAX_LV_ENDOCARDIAL	3	1.0	17
27.11831	34.38064	-63.98697	SAX_LV_ENDOCARDIAL	3	1.0	17
29.34600	34.38065	-62.27012	SAX_LV_ENDOCARDIAL	3	1.0	17
31.57369	34.38065	-60.55327	SAX_LV_ENDOCARDIAL	3	1.0	17
33.80138	34.38065	-58.83643	SAX_LV_ENDOCARDIAL	3	1.0	17
36.02907	34.38065	-57.11958	SAX_LV_ENDOCARDIAL	3	1.0	17
37.72563	33.27589	-54.71358	SAX_LV_ENDOCARDIAL	3	1.0	17
39.42220	32.17112	-52.30758	SAX_LV_ENDOCARDIAL	3	1.0	17
41.11877	31.06636	-49.90158	SAX_LV_ENDOCARDIAL	3	1.0	17
42.28422	28.85682	-46.80642	SAX_LV_ENDOCARDIAL	3	1.0	17
43.44966	26.64729	-43.71126	SAX_LV_ENDOCARDIAL	3	1.0	17
44.61511	24.43775	-40.61610	SAX_LV_ENDOCARDIAL	3	1.0	17
44.66671	22.22822	-38.37936	SAX_LV_ENDOCARDIAL	3	1.0	17
44.71831	20.01868	-36.14263	SAX_LV_ENDOCARDIAL	3	1.0	17
44.76992	17.80915	-33.90589	SAX_LV_ENDOCARDIAL	3	1.0	17
43.70767	15.59961	-32.52758	SAX_LV_ENDOCARDIAL	3	1.0	17
42.64543	13.39007	-31.14926	SAX_LV_ENDOCARDIAL	3	1.0	17
41.58319	11.18054	-29.77095	SAX_LV_ENDOCARDIAL	3	1.0	17
40.52095	8.97100	-28.39264	SAX_LV_ENDOCARDIAL	3	1.0	17
39.45871	6.76146	-27.01432	SAX_LV_ENDOCARDIAL	3	1.0	17
37.28262	4.55193	-26.49443	SAX_LV_ENDOCARDIAL	3	1.0	17
36.22038	2.34239	-25.11612	SAX_LV_ENDOCARDIAL	3	1.0	17
34.04429	0.13285	-24.59623	SAX_LV_ENDOCARDIAL	3	1.0	17
30.75436	-2.07669	-24.93476	SAX_LV_ENDOCARDIAL	3	1.0	17
27.46443	-4.28623	-25.27329	SAX_LV_ENDOCARDIAL	3	1.0	17
24.70562	-5.39100	-26.30098	SAX_LV_ENDOCARDIAL	3	1.0	17
22.47793	-5.39100	-28.01783	SAX_LV_ENDOCARDIAL	3	1.0	17
19.71912	-6.49577	-29.04552	SAX_LV_ENDOCARDIAL	3	1.0	17
17.49144	-6.49577	-30.76236	SAX_LV_ENDOCARDIAL	3	1.0	17
14.73263	-7.60054	-31.79005	SAX_LV_ENDOCARDIAL	3	1.0	17
12.50494	-7.60054	-33.50690	SAX_LV_ENDOCARDIAL	3	1.0	17
9.90094	-15.33392	-27.82438	RV_INSERT	3	1.0	17
-16.97104	14.49478	-78.19325	RV_INSERT	3	1.0	17
-36.61735	-31.80881	-75.73796	SAX_RV_FREEWALL	4	1.0	17
-38.31392	-30.70405	-78.14397	SAX_RV_FREEWALL	4	1.0	17
-40.01048	-29.59928	-80.54997	SAX_RV_FREEWALL	4	1.0	17
-41.70705	-28.49452	-82.95597	SAX_RV_FREEWALL	4	1.0	17
-43.40362	-27.38975	-85.36197	SAX_RV_FREEWALL	4	1.0	17
-44.56906	-25.18022	-88.45713	SAX_RV_FREEWALL	4	1.0	17
-45.73451	-22.97068	-91.55229	SAX_RV_FREEWALL	4	1.0	17
-44.67227	-20.76115	-92.93061	SAX_RV_FREEWALL	4	1.0	17
-43.61003	-18.55161	-94.30892	SAX_RV_FREEWALL	4	1.0	17
-40.32010	-16.34207	-93.97039	SAX_RV_FREEWALL	4	1.0	17
-37.03017	-14.13253	-93.63185	SAX_RV_FREEWALL	4	1.0	17
-33.74024	-11.92299	-93.29332	SAX_RV_FREEWALL	4	1.0	17
-30.98143	-10.81822	-92.26563	SAX_RV_FREEWALL	4	1.0	17
-27.69150	-8.60868	-91.92710	SAX_RV_FREEWALL	4	1.0	17
-24.93269	-7.50391	-90.89941	SAX_RV_FREEWALL	4	1.0	17
-21.64276	-5.29437	-90.56088	SAX_RV_FREEWALL	4	1.0	17
-18.35283	-3.08483	-90.22235	SAX_RV_FREEWALL	4	1.0	17
-15.06290	-0.87530	-89.88382	SAX_RV_FREEWALL	4	1.0	17
-11.77297	1.33424	-89.54528	SAX_RV_FREEWALL	4	1.0	17
-9.01416	2.43901	-88.51759	SAX_RV_FREEWALL	4	1.0	17
-6.25535	3.54378	-87.48991	SAX_RV_FREEWALL	4	1.0	17
-3.49654	4.64855	-86.46222	SAX_RV_FREEWALL	4	1.0	17
-0.01530	-25.18017	-54.12022	SAX_RV_FREEWALL	4	1.0	17
-2.77410	-26.28494	-55.14791	SAX_RV_FREEWALL	4	1.0	17
-5.00179	-26.28494	-56.86476	SAX_RV_FREEWALL	4	1.0	17
-7.76060	-27.38972	-57.89244	SAX_RV_FREEWALL	4	1.0	17
-9.98829	-27.38972	-59.60929	SAX_RV_FREEWALL	4	1.0	17
-12.74710	-28.49449	-60.63698	SAX_RV_FREEWALL	4	1.0	17
-15.50591	-29.59926	-61.66467	SAX_RV_FREEWALL	4	1.0	17
-18.26472	-30.70403	-62.69236	SAX_RV_FREEWALL	4	1.0	17
-20.49241	-30.70403	-64.40920	SAX_RV_FREEWALL	4	1.0	17
-23.25122	-31.80880	-65.43689	SAX_RV_FREEWALL	4	1.0	17
-25.47891	-31.80880	-67.15374	SAX_RV_FREEWALL	4	1.0	17
-27.70659	-31.80881	-68.87058	SAX_RV_FREEWALL	4	1.0	17
-29.93428	-31.80881	-70.58743	SAX_RV_FREEWALL	4	1.0	17
-32.16197	-31.80881	-72.30427	SAX_RV_FREEWALL	4	1.0	17
-34.38966	-31.80881	-74.02112	SAX_RV_FREEWALL	4	1.0	17
-35.98302	-35.12312	-71.95365	SAX_RV_EPICARDIAL	4	1.0	17
-37.67959	-34.01835	-74.35965	SAX_RV_EPICARDIAL	4	1.0	17
-39.90728	-34.01835	-76.07650	SAX_RV_EPICARDIAL	4	1.0	17
-41.60385	-32.91359	-78.48250	SAX_RV_EPICARDIAL	4	1.0	17
-43.83153	-32.91359	-80.19934	SAX_RV_EPICARDIAL	4	1.0	17
-45.52810	-31.80882	-82.60535	SAX_RV_EPICARDIAL	4	1.0	17
-46.69355	-29.59929	-85.70051	SAX_RV_EPICARDIAL	4	1.0	17
-48.39012	-28.49452	-88.10651	SAX_RV_EPICARDIAL	4	1.0	17
-48.44172	-26.28499	-90.34324	SAX_RV_EPICARDIAL	4	1.0	17
-49.60716	-24.07545	-93.43840	SAX_RV_EPICARDIAL	4	1.0	17
-48.54492	-21.86592	-94.81672	SAX_RV_EPICARDIAL	4	1.0	17
-47.48268	-19.65638	-96.19503	SAX_RV_EPICARDIAL	4	1.0	17
-45.30659	-17.44684	-96.71492	SAX_RV_EPICARDIAL	4	1.0	17
-43.13051	-15.23730	-97.23481	SAX_RV_EPICARDIAL	4	1.0	17
-39.84058	-13.02777	-96.89628	SAX_RV_EPICARDIAL	4	1.0	17
-37.08177	-11.92300	-95.86859	SAX_RV_EPICARDIAL	4	1.0	17
-33.79184	-9.71346	-95.53006	SAX_RV_EPICARDIAL	4	1.0	17
-30.50191	-7.50392	-95.19153	SAX_RV_EPICARDIAL	4	1.0	17
-27.21198	-5.29438	-94.85299	SAX_RV_EPICARDIAL	4	1.0	17
-24.45317	-4.18961	-93.82531	SAX_RV_EPICARDIAL	4	1.0	17
-21.16324	-1.98007	-93.48677	SAX_RV_EPICARDIAL	4	1.0	17
-17.87331	0.22947	-93.14824	SAX_RV_EPICARDIAL	4	1.0	17
-15.11450	1.33424	-92.12055	SAX_RV_EPICARDIAL	4	1.0	17
-11.82457	3.54378	-91.78202	SAX_RV_EPICARDIAL	4	1.0	17
-9.06576	4.64855	-90.75433	SAX_RV_EPICARDIAL	4	1.0	17
-6.30695	5.75332	-89.72664	SAX_RV_EPICARDIAL	4	1.0	17
-3.01702	7.96286	-89.38811	SAX_RV_EPICARDIAL	4	1.0	17
-0.25821	9.06763	-88.36042	SAX_RV_EPICARDIAL	4	1.0	17
-0.20661	6.85809	-86.12368	SAX_RV_EPICARDIAL	4	1.0	17
-1.26885	4.64856	-84.74537	SAX_RV_EPICARDIAL	4	1.0	17
6.08505	-24.07540	-50.51726	SAX_RV_EPICARDIAL	4	1.0	17
2.79512	-26.28494	-50.85580	SAX_RV_EPICARDIAL	4	1.0	17
0.03631	-27.38971	-51.88348	SAX_RV_EPICARDIAL	4	1.0	17
-2.72250	-28.49448	-52.91117	SAX_RV_EPICARDIAL	4	1.0	17
-4.95019	-28.49448	-54.62802	SAX_RV_EPICARDIAL	4	1.0	17
-7.70900	-29.59925	-55.65571	SAX_RV_EPICARDIAL	4	1.0	17
-10.46781	-30.70402	-56.68340	SAX_RV_EPICARDIAL	4	1.0	17
-13.22662	-31.80879	-57.71109	SAX_RV_EPICARDIAL	4	1.0	17
-15.98543	-32.91356	-58.73877	SAX_RV_EPICARDIAL	4	1.0	17
-18.21312	-32.91356	-60.45562	SAX_RV_EPICARDIAL	4	1.0	17
-20.97193	-34.01833	-61.48331	SAX_RV_EPICARDIAL	4	1.0	17
-23.19961	-34.01834	-63.20015	SAX_RV_EPICARDIAL	4	1.0	17
-25.95842	-35.12311	-64.22784	SAX_RV_EPICARDIAL	4	1.0	17
-28.18611	-35.12311	-65.94469	SAX_RV_EPICARDIAL	4	1.0	17
-30.41380	-35.12311	-67.66153	SAX_RV_EPICARDIAL	4	1.0	17
-32.64149	-35.12311	-69.37838	SAX_RV_EPICARDIAL	4	1.0	17
-34.86918	-35.12312	-71.09523	SAX_RV_EPICARDIAL	4	1.0	17
-1.26885	4.64856	-84.74537	SAX_RV_SEPTUM	4	1.0	17
-2.33109	2.43902	-83.36706	SAX_RV_SEPTUM	4	1.0	17
-3.39333	0.22948	-81.98874	SAX_RV_SEPTUM	4	1.0	17
-4.45557	-1.98005	-80.61043	SAX_RV_SEPTUM	4	1.0	17
-5.51782	-4.18959	-79.23212	SAX_RV_SEPTUM	4	1.0	17
-5.46621	-6.39913	-76.99538	SAX_RV_SEPTUM	4	1.0	17
-5.41461	-8.60866	-74.75864	SAX_RV_SEPTUM	4	1.0	17
-5.36301	-10.81820	-72.52191	SAX_RV_SEPTUM	4	1.0	17
-4.19756	-13.02773	-69.42675	SAX_RV_SEPTUM	4	1.0	17
-3.03212	-15.23727	-66.33159	SAX_RV_SEPTUM	4	1.0	17
-1.86667	-17.44680	-63.23643	SAX_RV_SEPTUM	4	1.0	17
-0.17010	-18.55157	-60.83043	SAX_RV_SEPTUM	4	1.0	17
0.99534	-20.76110	-57.73527	SAX_RV_SEPTUM	4	1.0	17
3.22303	-20.76110	-56.01842	SAX_RV_SEPTUM	4	1.0	17
4.91960	-21.86586	-53.61242	SAX_RV_SEPTUM	4	1.0	17
2.74351	-24.07540	-53.09253	SAX_RV_SEPTUM	4	1.0	17
3.08332	9.06763	-85.78515	SAX_LV_EPICARDIAL	4	1.0	17
5.25941	11.27717	-86.30504	SAX_LV_EPICARDIAL	4	1.0	17
7.43550	13.48671	-86.82493	SAX_LV_EPICARDIAL	4	1.0	17
9.61158	15.69624	-87.34482	SAX_LV_EPICARDIAL	4	1.0	17
11.78767	17.90578	-87.86471	SAX_LV_EPICARDIAL	4	1.0	17
15.07760	20.11532	-87.52618	SAX_LV_EPICARDIAL	4	1.0	17
17.83641	21.22009	-86.49849	SAX_LV_EPICARDIAL	4	1.0	17
21.12634	23.42963	-86.15996	SAX_LV_EPICARDIAL	4	1.0	17
23.88515	24.53440	-85.13227	SAX_LV_EPICARDIAL	4	1.0	17
26.64396	25.63917	-84.10458	SAX_LV_EPICARDIAL	4	1.0	17
29.40277	26.74394	-83.07689	SAX_LV_EPICARDIAL	4	1.0	17
31.63045	26.74394	-81.36005	SAX_LV_EPICARDIAL	4	1.0	17
33.85814	26.74395	-79.64320	SAX_LV_EPICARDIAL	4	1.0	17
36.08583	26.74395	-77.92636	SAX_LV_EPICARDIAL	4	1.0	17
38.31352	26.74395	-76.20951	SAX_LV_EPICARDIAL	4	1.0	17
40.54121	26.74395	-74.49267	SAX_LV_EPICARDIAL	4	1.0	17
42.76890	26.74396	-72.77582	SAX_LV_EPICARDIAL	4	1.0	17
44.46546	25.63919	-70.36982	SAX_LV_EPICARDIAL	4	1.0	17
46.69315	25.63919	-68.65297	SAX_LV_EPICARDIAL	4	1.0	17
48.38972	24.53443	-66.24697	SAX_LV_EPICARDIAL	4	1.0	17
50.08629	23.42966	-63.84097	SAX_LV_EPICARDIAL	4	1.0	17
51.78285	22.32489	-61.43497	SAX_LV_EPICARDIAL	4	1.0	17
53.47942	21.22013	-59.02896	SAX_LV_EPICARDIAL	4	1.0	17
53.53102	19.01059	-56.79223	SAX_LV_EPICARDIAL	4	1.0	17
54.69647	16.80106	-53.69707	SAX_LV_EPICARDIAL	4	1.0	17
54.74807	14.59152	-51.46033	SAX_LV_EPICARDIAL	4	1.0	17
54.79968	12.38199	-49.22360	SAX_LV_EPICARDIAL	4	1.0	17
54.85128	10.17245	-46.98686	SAX_LV_EPICARDIAL	4	1.0	17
53.78904	7.96291	-45.60855	SAX_LV_EPICARDIAL	4	1.0	17
52.72679	5.75338	-44.23023	SAX_LV_EPICARDIAL	4	1.0	17
51.66455	3.54384	-42.85192	SAX_LV_EPICARDIAL	4	1.0	17
50.60231	1.33430	-41.47361	SAX_LV_EPICARDIAL	4	1.0	17
49.54007	-0.87523	-40.09529	SAX_LV_EPICARDIAL	4	1.0	17
48.47783	-3.08477	-38.71698	SAX_LV_EPICARDIAL	4	1.0	17
46.30174	-5.29431	-38.19709	SAX_LV_EPICARDIAL	4	1.0	17
44.12565	-7.50384	-37.67720	SAX_LV_EPICARDIAL	4	1.0	17
41.94957	-9.71338	-37.15731	SAX_LV_EPICARDIAL	4	1.0	17
39.77348	-11.92292	-36.63742	SAX_LV_EPICARDIAL	4	1.0	17
36.48355	-14.13246	-36.97595	SAX_LV_EPICARDIAL	4	1.0	17
33.19362	-16.34200	-37.31448	SAX_LV_EPICARDIAL	4	1.0	17
30.43481	-17.44677	-38.34217	SAX_LV_EPICARDIAL	4	1.0	17
27.14488	-19.65631	-38.68070	SAX_LV_EPICARDIAL	4	1.0	17
24.38607	-20.76108	-39.70839	SAX_LV_EPICARDIAL	4	1.0	17
22.15838	-20.76108	-41.42524	SAX_LV_EPICARDIAL	4	1.0	17
19.39957	-21.86585	-42.45293	SAX_LV_EPICARDIAL	4	1.0	17
17.17189	-21.86585	-44.16977	SAX_LV_EPICARDIAL	4	1.0	17
14.94420	-21.86585	-45.88662	SAX_LV_EPICARDIAL	4	1.0	17
12.71651	-21.86586	-47.60346	SAX_LV_EPICARDIAL	4	1.0	17
10.48882	-21.86586	-49.32031	SAX_LV_EPICARDIAL	4	1.0	17
8.26113	-21.86586	-51.03715	SAX_LV_EPICARDIAL	4	1.0	17
12.56170	-15.23725	-54.31367	SAX_LV_ENDOCARDIAL	4	1.0	17
10.86514	-14.13248	-56.71967	SAX_LV_ENDOCARDIAL	4	1.0	17
9.16857	-13.02772	-59.12568	SAX_LV_ENDOCARDIAL	4	1.0	17
6.94088	-13.02772	-60.84252	SAX_LV_ENDOCARDIAL	4	1.0	17
5.24431	-11.92295	-63.24852	SAX_LV_ENDOCARDIAL	4	1.0	17
4.07886	-9.71342	-66.34368	SAX_LV_ENDOCARDIAL	4	1.0	17
2.91342	-7.50388	-69.43884	SAX_LV_ENDOCARDIAL	4	1.0	17
2.86182	-5.29435	-71.67558	SAX_LV_ENDOCARDIAL	4	1.0	17
2.81021	-3.08481	-73.91231	SAX_LV_ENDOCARDIAL	4	1.0	17
3.87246	-0.87528	-75.29063	SAX_LV_ENDOCARDIAL	4	1.0	17
4.93470	1.33426	-76.66894	SAX_LV_ENDOCARDIAL	4	1.0	17
5.99694	3.54380	-78.04725	SAX_LV_ENDOCARDIAL	4	1.0	17
7.05918	5.75333	-79.42557	SAX_LV_ENDOCARDIAL	4	1.0	17
8.12142	7.96287	-80.80388	SAX_LV_ENDOCARDIAL	4	1.0	17
10.29751	10.17241	-81.32377	SAX_LV_ENDOCARDIAL	4	1.0	17
12.47360	12.38194	-81.84366	SAX_LV_ENDOCARDIAL	4	1.0	17
14.64968	14.59148	-82.36355	SAX_LV_ENDOCARDIAL	4	1.0	17
17.93961	16.80102	-82.02502	SAX_LV_ENDOCARDIAL	4	1.0	17
20.69842	17.90579	-80.99733	SAX_LV_ENDOCARDIAL	4	1.0	17
23.45723	19.01056	-79.96964	SAX_LV_ENDOCARDIAL	4	1.0	17
26.21604	20.11533	-78.94195	SAX_LV_ENDOCARDIAL	4	1.0	17
28.44373	20.11533	-77.22511	SAX_LV_ENDOCARDIAL	4	1.0	17
31.20254	21.22010	-76.19742	SAX_LV_ENDOCARDIAL	4	1.0	17
33.43023	21.22011	-74.48057	SAX_LV_ENDOCARDIAL	4	1.0	17
35.65791	21.22011	-72.76373	SAX_LV_ENDOCARDIAL	4	1.0	17
37.88560	21.22011	-71.04688	SAX_LV_ENDOCARDIAL	4	1.0	17
40.11329	21.22011	-69.33004	SAX_LV_ENDOCARDIAL	4	1.0	17
42.34098	21.22012	-67.61319	SAX_LV_ENDOCARDIAL	4	1.0	17
44.03755	20.11535	-65.20719	SAX_LV_ENDOCARDIAL	4	1.0	17
45.73411	19.01058	-62.80119	SAX_LV_ENDOCARDIAL	4	1.0	17
47.43068	17.90582	-60.39518	SAX_LV_ENDOCARDIAL	4	1.0	17
48.59613	15.69628	-57.30003	SAX_LV_ENDOCARDIAL	4	1.0	17
49.76158	13.48675	-54.20487	SAX_LV_ENDOCARDIAL	4	1.0	17
49.81318	11.27721	-51.96813	SAX_LV_ENDOCARDIAL	4	1.0	17
48.75094	9.06768	-50.58982	SAX_LV_ENDOCARDIAL	4	1.0	17
48.80254	6.85814	-48.35308	SAX_LV_ENDOCARDIAL	4	1.0	17
47.74030	4.64860	-46.97477	SAX_LV_ENDOCARDIAL	4	1.0	17
46.67805	2.43907	-45.59645	SAX_LV_ENDOCARDIAL	4	1.0	17
44.50197	0.22953	-45.07656	SAX_LV_ENDOCARDIAL	4	1.0	17
43.43973	-1.98001	-43.69825	SAX_LV_ENDOCARDIAL	4	1.0	17
41.26364	-4.18954	-43.17836	SAX_LV_ENDOCARDIAL	4	1.0	17
39.08755	-6.39908	-42.65847	SAX_LV_ENDOCARDIAL	4	1.0	17
36.91147	-8.60862	-42.13858	SAX_LV_ENDOCARDIAL	4	1.0	17
33.62154	-10.81816	-42.47711	SAX_LV_ENDOCARDIAL	4	1.0	17
30.86273	-11.92293	-43.50480	SAX_LV_ENDOCARDIAL	4	1.0	17
28.10392	-13.02770	-44.53249	SAX_LV_ENDOCARDIAL	4	1.0	17
25.34511	-14.13247	-45.56018	SAX_LV_ENDOCARDIAL	4	1.0	17
22.58630	-15.23724	-46.58787	SAX_LV_ENDOCARDIAL	4	1.0	17
20.35861	-15.23724	-48.30471	SAX_LV_ENDOCARDIAL	4	1.0	17
18.13092	-15.23724	-50.02156	SAX_LV_ENDOCARDIAL	4	1.0	17
15.90324	-15.23725	-51.73840	SAX_LV_ENDOCARDIAL	4	1.0	17
13.67555	-15.23725	-53.45525	SAX_LV_ENDOCARDIAL	4	1.0	17
-3.49654	4.64855	-86.46222	RV_INSERT	4	1.0	17
2.74351	-24.07540	-53.09253	RV_INSERT	4	1.0	17
-20.05933	-30.60736	-92.61584	SAX_RV_FREEWALL	5	1.0	17
-21.75590	-29.50260	-95.02185	SAX_RV_FREEWALL	5	1.0	17
-23.45246	-28.39783	-97.42785	SAX_RV_FREEWALL	5	1.0	17
-22.39022	-26.18829	-98.80616	SAX_RV_FREEWALL	5	1.0	17
-20.21414	-23.97876	-99.32605	SAX_RV_FREEWALL	5	1.0	17
-16.92421	-21.76922	-98.98752	SAX_RV_FREEWALL	5	1.0	17
-14.74812	-19.55968	-99.50741	SAX_RV_FREEWALL	5	1.0	17
-11.45819	-17.35014	-99.16888	SAX_RV_FREEWALL	5	1.0	17
-8.16826	-15.14060	-98.83035	SAX_RV_FREEWALL	5	1.0	17
-5.40945	-14.03583	-97.80266	SAX_RV_FREEWALL	5	1.0	17
-2.11952	-11.82629	-97.46412	SAX_RV_FREEWALL	5	1.0	17
1.17041	-9.61675	-97.12559	SAX_RV_FREEWALL	5	1.0	17
4.46034	-7.40721	-96.78706	SAX_RV_FREEWALL	5	1.0	17
7.21915	-6.30244	-95.75937	SAX_RV_FREEWALL	5	1.0	17
9.97796	-5.19767	-94.73168	SAX_RV_FREEWALL	5	1.0	17
8.74581	-23.97873	-77.00706	SAX_RV_FREEWALL	5	1.0	17
5.98700	-25.08350	-78.03475	SAX_RV_FREEWALL	5	1.0	17
3.22819	-26.18827	-79.06244	SAX_RV_FREEWALL	5	1.0	17
1.00051	-26.18827	-80.77928	SAX_RV_FREEWALL	5	1.0	17
-1.75830	-27.29304	-81.80697	SAX_RV_FREEWALL	5	1.0	17
-3.98599	-27.29304	-83.52382	SAX_RV_FREEWALL	5	1.0	17
-6.74480	-28.39781	-84.55151	SAX_RV_FREEWALL	5	1.0	17
-9.50361	-29.50258	-85.57919	SAX_RV_FREEWALL	5	1.0	17
-12.26242	-30.60735	-86.60688	SAX_RV_FREEWALL	5	1.0	17
-14.49011	-30.60736	-88.32373	SAX_RV_FREEWALL	5	1.0	17
-16.71780	-30.60736	-90.04057	SAX_RV_FREEWALL	5	1.0	17
-18.94548	-30.60736	-91.75742	SAX_RV_FREEWALL	5	1.0	17
-24.46310	-32.81690	-93.81280	SAX_RV_EPICARDIAL	5	1.0	17
-26.15967	-31.71214	-96.21880	SAX_RV_EPICARDIAL	5	1.0	17
-26.21127	-29.50260	-98.45554	SAX_RV_EPICARDIAL	5	1.0	17
-25.14903	-27.29306	-99.83385	SAX_RV_EPICARDIAL	5	1.0	17
-24.08679	-25.08353	-101.21216	SAX_RV_EPICARDIAL	5	1.0	17
-21.91070	-22.87399	-101.73205	SAX_RV_EPICARDIAL	5	1.0	17
-18.62077	-20.66445	-101.39352	SAX_RV_EPICARDIAL	5	1.0	17
-16.44469	-18.45491	-101.91341	SAX_RV_EPICARDIAL	5	1.0	17
-13.15476	-16.24537	-101.57488	SAX_RV_EPICARDIAL	5	1.0	17
-9.86483	-14.03583	-101.23635	SAX_RV_EPICARDIAL	5	1.0	17
-6.57490	-11.82630	-100.89782	SAX_RV_EPICARDIAL	5	1.0	17
-3.28497	-9.61676	-100.55928	SAX_RV_EPICARDIAL	5	1.0	17
0.00496	-7.40722	-100.22075	SAX_RV_EPICARDIAL	5	1.0	17
2.76377	-6.30245	-99.19306	SAX_RV_EPICARDIAL	5	1.0	17
6.05370	-4.09291	-98.85453	SAX_RV_EPICARDIAL	5	1.0	17
8.81251	-2.98814	-97.82684	SAX_RV_EPICARDIAL	5	1.0	17
11.57132	-1.88337	-96.79915	SAX_RV_EPICARDIAL	5	1.0	17
13.79901	-1.88337	-95.08231	SAX_RV_EPICARDIAL	5	1.0	17
14.38173	-2.98813	-93.53473	SAX_RV_EPICARDIAL	5	1.0	17
13.31949	-5.19767	-92.15641	SAX_RV_EPICARDIAL	5	1.0	17
13.78391	-25.08349	-72.02579	SAX_RV_EPICARDIAL	5	1.0	17
13.25279	-26.18826	-71.33663	SAX_RV_EPICARDIAL	5	1.0	17
10.49398	-27.29303	-72.36432	SAX_RV_EPICARDIAL	5	1.0	17
8.26630	-27.29303	-74.08117	SAX_RV_EPICARDIAL	5	1.0	17
6.03861	-27.29303	-75.79801	SAX_RV_EPICARDIAL	5	1.0	17
3.27980	-28.39780	-76.82570	SAX_RV_EPICARDIAL	5	1.0	17
1.05211	-28.39780	-78.54255	SAX_RV_EPICARDIAL	5	1.0	17
-1.70670	-29.50258	-79.57023	SAX_RV_EPICARDIAL	5	1.0	17
-4.46551	-30.60735	-80.59792	SAX_RV_EPICARDIAL	5	1.0	17
-7.22432	-31.71212	-81.62561	SAX_RV_EPICARDIAL	5	1.0	17
-9.45201	-31.71212	-83.34246	SAX_RV_EPICARDIAL	5	1.0	17
-12.21082	-32.81689	-84.37015	SAX_RV_EPICARDIAL	5	1.0	17
-14.43851	-32.81689	-86.08699	SAX_RV_EPICARDIAL	5	1.0	17
-16.66619	-32.81689	-87.80384	SAX_RV_EPICARDIAL	5	1.0	17
-18.89388	-32.81690	-89.52068	SAX_RV_EPICARDIAL	5	1.0	17
-21.12157	-32.81690	-91.23753	SAX_RV_EPICARDIAL	5	1.0	17
-23.34926	-32.81690	-92.95437	SAX_RV_EPICARDIAL	5	1.0	17
11.67453	-6.30244	-92.32568	SAX_RV_SEPTUM	5	1.0	17
10.61229	-8.51198	-90.94737	SAX_RV_SEPTUM	5	1.0	17
9.55004	-10.72151	-89.56905	SAX_RV_SEPTUM	5	1.0	17
9.60165	-12.93105	-87.33232	SAX_RV_SEPTUM	5	1.0	17
9.65325	-15.14058	-85.09558	SAX_RV_SEPTUM	5	1.0	17
9.70485	-17.35012	-82.85884	SAX_RV_SEPTUM	5	1.0	17
10.87030	-19.55965	-79.76369	SAX_RV_SEPTUM	5	1.0	17
12.03574	-21.76919	-76.66853	SAX_RV_SEPTUM	5	1.0	17
13.20119	-23.97872	-73.57337	SAX_RV_SEPTUM	5	1.0	17
10.97350	-23.97872	-75.29021	SAX_RV_SEPTUM	5	1.0	17
19.93586	-26.18825	-66.18609	SAX_LV_EPICARDIAL	5	1.0	17
18.23929	-25.08348	-68.59210	SAX_LV_EPICARDIAL	5	1.0	17
16.01160	-25.08349	-70.30894	SAX_LV_EPICARDIAL	5	1.0	17
17.14054	-1.88336	-92.50704	SAX_LV_EPICARDIAL	5	1.0	17
19.31663	0.32617	-93.02693	SAX_LV_EPICARDIAL	5	1.0	17
21.49272	2.53571	-93.54682	SAX_LV_EPICARDIAL	5	1.0	17
24.78265	4.74525	-93.20829	SAX_LV_EPICARDIAL	5	1.0	17
27.54146	5.85002	-92.18060	SAX_LV_EPICARDIAL	5	1.0	17
30.30027	6.95479	-91.15291	SAX_LV_EPICARDIAL	5	1.0	17
33.05907	8.05956	-90.12522	SAX_LV_EPICARDIAL	5	1.0	17
35.28676	8.05956	-88.40838	SAX_LV_EPICARDIAL	5	1.0	17
38.04557	9.16434	-87.38069	SAX_LV_EPICARDIAL	5	1.0	17
40.27326	9.16434	-85.66384	SAX_LV_EPICARDIAL	5	1.0	17
42.50095	9.16434	-83.94699	SAX_LV_EPICARDIAL	5	1.0	17
44.72864	9.16434	-82.23015	SAX_LV_EPICARDIAL	5	1.0	17
46.95633	9.16434	-80.51330	SAX_LV_EPICARDIAL	5	1.0	17
48.65289	8.05958	-78.10730	SAX_LV_EPICARDIAL	5	1.0	17
50.34946	6.95481	-75.70130	SAX_LV_EPICARDIAL	5	1.0	17
52.57715	6.95481	-73.98445	SAX_LV_EPICARDIAL	5	1.0	17
53.74260	4.74528	-70.88929	SAX_LV_EPICARDIAL	5	1.0	17
54.90804	2.53575	-67.79414	SAX_LV_EPICARDIAL	5	1.0	17
56.07349	0.32621	-64.69898	SAX_LV_EPICARDIAL	5	1.0	17
56.12509	-1.88332	-62.46224	SAX_LV_EPICARDIAL	5	1.0	17
55.06285	-4.09286	-61.08393	SAX_LV_EPICARDIAL	5	1.0	17
54.00061	-6.30240	-59.70561	SAX_LV_EPICARDIAL	5	1.0	17
52.93837	-8.51193	-58.32730	SAX_LV_EPICARDIAL	5	1.0	17
51.87612	-10.72147	-56.94899	SAX_LV_EPICARDIAL	5	1.0	17
50.81388	-12.93101	-55.57067	SAX_LV_EPICARDIAL	5	1.0	17
48.63780	-15.14054	-55.05078	SAX_LV_EPICARDIAL	5	1.0	17
46.46171	-17.35008	-54.53089	SAX_LV_EPICARDIAL	5	1.0	17
43.17178	-19.55962	-54.86942	SAX_LV_EPICARDIAL	5	1.0	17
39.88185	-21.76916	-55.20796	SAX_LV_EPICARDIAL	5	1.0	17
37.12304	-22.87393	-56.23564	SAX_LV_EPICARDIAL	5	1.0	17
34.36423	-23.97870	-57.26333	SAX_LV_EPICARDIAL	5	1.0	17
31.60542	-25.08347	-58.29102	SAX_LV_EPICARDIAL	5	1.0	17
29.37773	-25.08347	-60.00787	SAX_LV_EPICARDIAL	5	1.0	17
27.15004	-25.08348	-61.72471	SAX_LV_EPICARDIAL	5	1.0	17
24.39124	-26.18825	-62.75240	SAX_LV_EPICARDIAL	5	1.0	17
22.16355	-26.18825	-64.46925	SAX_LV_EPICARDIAL	5	1.0	17
23.12258	-19.55964	-70.32103	SAX_LV_ENDOCARDIAL	5	1.0	17
21.42602	-18.45487	-72.72704	SAX_LV_ENDOCARDIAL	5	1.0	17
19.72945	-17.35011	-75.13304	SAX_LV_ENDOCARDIAL	5	1.0	17
18.03288	-16.24534	-77.53904	SAX_LV_ENDOCARDIAL	5	1.0	17
16.86743	-14.03581	-80.63420	SAX_LV_ENDOCARDIAL	5	1.0	17
16.81583	-11.82627	-82.87094	SAX_LV_ENDOCARDIAL	5	1.0	17
16.76423	-9.61674	-85.10767	SAX_LV_ENDOCARDIAL	5	1.0	17
17.82647	-7.40720	-86.48599	SAX_LV_ENDOCARDIAL	5	1.0	17
18.88871	-5.19766	-87.86430	SAX_LV_ENDOCARDIAL	5	1.0	17
21.06480	-2.98813	-88.38419	SAX_LV_ENDOCARDIAL	5	1.0	17
24.35473	-0.77859	-88.04566	SAX_LV_ENDOCARDIAL	5	1.0	17
27.64466	1.43095	-87.70713	SAX_LV_ENDOCARDIAL	5	1.0	17
30.40347	2.53572	-86.67944	SAX_LV_ENDOCARDIAL	5	1.0	17
33.16228	3.64049	-85.65175	SAX_LV_ENDOCARDIAL	5	1.0	17
35.38997	3.64049	-83.93490	SAX_LV_ENDOCARDIAL	5	1.0	17
37.61766	3.64050	-82.21806	SAX_LV_ENDOCARDIAL	5	1.0	17
39.84534	3.64050	-80.50121	SAX_LV_ENDOCARDIAL	5	1.0	17
42.07303	3.64050	-78.78437	SAX_LV_ENDOCARDIAL	5	1.0	17
44.30072	3.64050	-77.06752	SAX_LV_ENDOCARDIAL	5	1.0	17
45.99729	2.53574	-74.66152	SAX_LV_ENDOCARDIAL	5	1.0	17
47.69386	1.43097	-72.25552	SAX_LV_ENDOCARDIAL	5	1.0	17
48.85930	-0.77856	-69.16036	SAX_LV_ENDOCARDIAL	5	1.0	17
48.91091	-2.98810	-66.92362	SAX_LV_ENDOCARDIAL	5	1.0	17
48.96251	-5.19763	-64.68688	SAX_LV_ENDOCARDIAL	5	1.0	17
47.90027	-7.40717	-63.30857	SAX_LV_ENDOCARDIAL	5	1.0	17
46.83802	-9.61671	-61.93026	SAX_LV_ENDOCARDIAL	5	1.0	17
44.66194	-11.82625	-61.41037	SAX_LV_ENDOCARDIAL	5	1.0	17
42.48585	-14.03578	-60.89048	SAX_LV_ENDOCARDIAL	5	1.0	17
39.19592	-16.24532	-61.22901	SAX_LV_ENDOCARDIAL	5	1.0	17
36.43711	-17.35009	-62.25670	SAX_LV_ENDOCARDIAL	5	1.0	17
33.67830	-18.45486	-63.28439	SAX_LV_ENDOCARDIAL	5	1.0	17
30.91949	-19.55963	-64.31207	SAX_LV_ENDOCARDIAL	5	1.0	17
28.69181	-19.55964	-66.02892	SAX_LV_ENDOCARDIAL	5	1.0	17
26.46412	-19.55964	-67.74577	SAX_LV_ENDOCARDIAL	5	1.0	17
24.23643	-19.55964	-69.46261	SAX_LV_ENDOCARDIAL	5	1.0	17
9.97796	-5.19767	-94.73168	RV_INSERT	5	1.0	17
13.20119	-23.97872	-73.57337	RV_INSERT	5	1.0	17
8.70037	-27.19736	-102.28781	SAX_RV_FREEWALL	6	1.0	17
7.00381	-26.09259	-104.69381	SAX_RV_FREEWALL	6	1.0	17
6.95220	-23.88306	-106.93054	SAX_RV_FREEWALL	6	1.0	17
9.12829	-21.67352	-107.45044	SAX_RV_FREEWALL	6	1.0	17
12.41822	-19.46398	-107.11190	SAX_RV_FREEWALL	6	1.0	17
15.17703	-18.35921	-106.08421	SAX_RV_FREEWALL	6	1.0	17
17.40472	-18.35921	-104.36737	SAX_RV_FREEWALL	6	1.0	17
19.63241	-18.35921	-102.65052	SAX_RV_FREEWALL	6	1.0	17
17.61113	-27.19735	-95.42042	SAX_RV_FREEWALL	6	1.0	17
15.38344	-27.19735	-97.13727	SAX_RV_FREEWALL	6	1.0	17
13.15575	-27.19736	-98.85412	SAX_RV_FREEWALL	6	1.0	17
10.92806	-27.19736	-100.57096	SAX_RV_FREEWALL	6	1.0	17
5.41044	-29.40690	-102.62634	SAX_RV_EPICARDIAL	6	1.0	17
4.24500	-27.19736	-105.72150	SAX_RV_EPICARDIAL	6	1.0	17
4.19339	-24.98783	-107.95823	SAX_RV_EPICARDIAL	6	1.0	17
5.25564	-22.77829	-109.33655	SAX_RV_EPICARDIAL	6	1.0	17
7.43172	-20.56876	-109.85644	SAX_RV_EPICARDIAL	6	1.0	17
10.72165	-18.35922	-109.51791	SAX_RV_EPICARDIAL	6	1.0	17
13.48046	-17.25445	-108.49022	SAX_RV_EPICARDIAL	6	1.0	17
16.23927	-16.14968	-107.46253	SAX_RV_EPICARDIAL	6	1.0	17
18.46696	-16.14967	-105.74568	SAX_RV_EPICARDIAL	6	1.0	17
20.69465	-16.14967	-104.02884	SAX_RV_EPICARDIAL	6	1.0	17
21.86010	-18.35921	-100.93368	SAX_RV_EPICARDIAL	6	1.0	17
20.42154	-28.30212	-92.15600	SAX_RV_EPICARDIAL	6	1.0	17
17.66273	-29.40689	-93.18369	SAX_RV_EPICARDIAL	6	1.0	17
15.43504	-29.40689	-94.90053	SAX_RV_EPICARDIAL	6	1.0	17
13.20735	-29.40689	-96.61738	SAX_RV_EPICARDIAL	6	1.0	17
10.97966	-29.40689	-98.33422	SAX_RV_EPICARDIAL	6	1.0	17
8.75198	-29.40690	-100.05107	SAX_RV_EPICARDIAL	6	1.0	17
6.52429	-29.40690	-101.76792	SAX_RV_EPICARDIAL	6	1.0	17
21.32897	-19.46397	-100.24452	SAX_RV_SEPTUM	6	1.0	17
21.38058	-21.67351	-98.00778	SAX_RV_SEPTUM	6	1.0	17
21.43218	-23.88304	-95.77105	SAX_RV_SEPTUM	6	1.0	17
20.36994	-26.09258	-94.39273	SAX_RV_SEPTUM	6	1.0	17
28.27005	-30.51164	-83.91030	SAX_LV_EPICARDIAL	6	1.0	17
26.57348	-29.40688	-86.31631	SAX_LV_EPICARDIAL	6	1.0	17
24.87692	-28.30211	-88.72231	SAX_LV_EPICARDIAL	6	1.0	17
23.18035	-27.19735	-91.12831	SAX_LV_EPICARDIAL	6	1.0	17
24.03618	-16.14967	-101.45357	SAX_LV_EPICARDIAL	6	1.0	17
26.21227	-13.94013	-101.97346	SAX_LV_EPICARDIAL	6	1.0	17
28.38835	-11.73059	-102.49335	SAX_LV_EPICARDIAL	6	1.0	17
31.67828	-9.52105	-102.15482	SAX_LV_EPICARDIAL	6	1.0	17
34.43709	-8.41628	-101.12713	SAX_LV_EPICARDIAL	6	1.0	17
37.19590	-7.31151	-100.09944	SAX_LV_EPICARDIAL	6	1.0	17
39.95471	-6.20674	-99.07175	SAX_LV_EPICARDIAL	6	1.0	17
42.18240	-6.20674	-97.35490	SAX_LV_EPICARDIAL	6	1.0	17
44.41009	-6.20674	-95.63806	SAX_LV_EPICARDIAL	6	1.0	17
46.10666	-7.31150	-93.23206	SAX_LV_EPICARDIAL	6	1.0	17
48.33434	-7.31150	-91.51521	SAX_LV_EPICARDIAL	6	1.0	17
50.03091	-8.41627	-89.10921	SAX_LV_EPICARDIAL	6	1.0	17
51.19636	-10.62580	-86.01405	SAX_LV_EPICARDIAL	6	1.0	17
51.24796	-12.83534	-83.77731	SAX_LV_EPICARDIAL	6	1.0	17
51.29956	-15.04487	-81.54058	SAX_LV_EPICARDIAL	6	1.0	17
50.23732	-17.25441	-80.16226	SAX_LV_EPICARDIAL	6	1.0	17
49.17508	-19.46395	-78.78395	SAX_LV_EPICARDIAL	6	1.0	17
48.11284	-21.67348	-77.40564	SAX_LV_EPICARDIAL	6	1.0	17
45.93675	-23.88302	-76.88575	SAX_LV_EPICARDIAL	6	1.0	17
43.76067	-26.09256	-76.36586	SAX_LV_EPICARDIAL	6	1.0	17
40.47074	-28.30210	-76.70439	SAX_LV_EPICARDIAL	6	1.0	17
37.71193	-29.40687	-77.73208	SAX_LV_EPICARDIAL	6	1.0	17
35.48424	-29.40687	-79.44892	SAX_LV_EPICARDIAL	6	1.0	17
32.72543	-30.51164	-80.47661	SAX_LV_EPICARDIAL	6	1.0	17
30.49774	-30.51164	-82.19346	SAX_LV_EPICARDIAL	6	1.0	17
29.81181	-24.98780	-88.21451	SAX_LV_ENDOCARDIAL	6	1.0	17
28.11524	-23.88304	-90.62051	SAX_LV_ENDOCARDIAL	6	1.0	17
28.06364	-21.67350	-92.85725	SAX_LV_ENDOCARDIAL	6	1.0	17
26.89820	-19.46397	-95.95241	SAX_LV_ENDOCARDIAL	6	1.0	17
27.96044	-17.25443	-97.33072	SAX_LV_ENDOCARDIAL	6	1.0	17
29.02268	-15.04489	-98.70903	SAX_LV_ENDOCARDIAL	6	1.0	17
31.19877	-12.83536	-99.22892	SAX_LV_ENDOCARDIAL	6	1.0	17
33.95757	-11.73059	-98.20124	SAX_LV_ENDOCARDIAL	6	1.0	17
36.71638	-10.62582	-97.17355	SAX_LV_ENDOCARDIAL	6	1.0	17
39.47519	-9.52105	-96.14586	SAX_LV_ENDOCARDIAL	6	1.0	17
41.70288	-9.52104	-94.42901	SAX_LV_ENDOCARDIAL	6	1.0	17
43.39945	-10.62581	-92.02301	SAX_LV_ENDOCARDIAL	6	1.0	17
45.09602	-11.73058	-89.61701	SAX_LV_ENDOCARDIAL	6	1.0	17
45.14762	-13.94011	-87.38027	SAX_LV_ENDOCARDIAL	6	1.0	17
45.19922	-16.14965	-85.14353	SAX_LV_ENDOCARDIAL	6	1.0	17
44.13698	-18.35918	-83.76522	SAX_LV_ENDOCARDIAL	6	1.0	17
43.07474	-20.56872	-82.38691	SAX_LV_ENDOCARDIAL	6	1.0	17
40.89865	-22.77826	-81.86702	SAX_LV_ENDOCARDIAL	6	1.0	17
38.72257	-24.98780	-81.34713	SAX_LV_ENDOCARDIAL	6	1.0	17
36.49488	-24.98780	-83.06397	SAX_LV_ENDOCARDIAL	6	1.0	17
34.26719	-24.98780	-84.78082	SAX_LV_ENDOCARDIAL	6	1.0	17
32.03950	-24.98780	-86.49766	SAX_LV_ENDOCARDIAL	6	1.0	17
20.36994	-26.09258	-94.39273	RV_INSERT	6	1.0	17
19.63241	-18.35921	-102.65052	RV_INSERT	6	1.0	17
10.19282	17.04881	-19.90304	LAX_LV_ENDOCARDIAL	9	1.0	17
11.99561	14.88047	-21.29443	LAX_LV_ENDOCARDIAL	9	1.0	17
13.79840	12.71214	-22.68582	LAX_LV_ENDOCARDIAL	9	1.0	17
15.54615	10.50865	-22.67247	LAX_LV_ENDOCARDIAL	9	1.0	17
17.34894	8.34032	-24.06386	LAX_LV_ENDOCARDIAL	9	1.0	17
19.09669	6.13683	-24.05051	LAX_LV_ENDOCARDIAL	9	1.0	17
20.84443	3.93334	-24.03716	LAX_LV_ENDOCARDIAL	9	1.0	17
22.59218	1.72986	-24.02382	LAX_LV_ENDOCARDIAL	9	1.0	17
24.39497	-0.43848	-25.41521	LAX_LV_ENDOCARDIAL	9	1.0	17
26.14272	-2.64197	-25.40186	LAX_LV_ENDOCARDIAL	9	1.0	17
28.00055	-4.77515	-28.19798	LAX_LV_ENDOCARDIAL	9	1.0	17
29.85839	-6.90833	-30.99410	LAX_LV_ENDOCARDIAL	9	1.0	17
30.84235	-7.93977	-33.79689	LAX_LV_ENDOCARDIAL	9	1.0	17
31.82631	-8.97121	-36.59968	LAX_LV_ENDOCARDIAL	9	1.0	17
32.81028	-10.00265	-39.40248	LAX_LV_ENDOCARDIAL	9	1.0	17
33.79424	-11.03409	-42.20527	LAX_LV_ENDOCARDIAL	9	1.0	17
34.77820	-12.06553	-45.00806	LAX_LV_ENDOCARDIAL	9	1.0	17
35.76216	-13.09697	-47.81085	LAX_LV_ENDOCARDIAL	9	1.0	17
35.87225	-13.02667	-50.62032	LAX_LV_ENDOCARDIAL	9	1.0	17
36.85621	-14.05811	-53.42311	LAX_LV_ENDOCARDIAL	9	1.0	17
37.84018	-15.08954	-56.22590	LAX_LV_ENDOCARDIAL	9	1.0	17
38.82414	-16.12098	-59.02870	LAX_LV_ENDOCARDIAL	9	1.0	17
38.93423	-16.05068	-61.83816	LAX_LV_ENDOCARDIAL	9	1.0	17
39.91819	-17.08212	-64.64095	LAX_LV_ENDOCARDIAL	9	1.0	17
40.90215	-18.11356	-67.44375	LAX_LV_ENDOCARDIAL	9	1.0	17
41.01224	-18.04326	-70.25321	LAX_LV_ENDOCARDIAL	9	1.0	17
41.99620	-19.07470	-73.05600	LAX_LV_ENDOCARDIAL	9	1.0	17
42.10629	-19.00439	-75.86547	LAX_LV_ENDOCARDIAL	9	1.0	17
43.09026	-20.03583	-78.66826	LAX_LV_ENDOCARDIAL	9	1.0	17
43.20035	-19.96553	-81.47773	LAX_LV_ENDOCARDIAL	9	1.0	17
43.31043	-19.89522	-84.28719	LAX_LV_ENDOCARDIAL	9	1.0	17
43.42052	-19.82492	-87.09666	LAX_LV_ENDOCARDIAL	9	1.0	17
42.65674	-18.65287	-89.91280	LAX_LV_ENDOCARDIAL	9	1.0	17
42.76683	-18.58257	-92.72226	LAX_LV_ENDOCARDIAL	9	1.0	17
42.00304	-17.41052	-95.53840	LAX_LV_ENDOCARDIAL	9	1.0	17
40.36539	-15.13673	-98.36121	LAX_LV_ENDOCARDIAL	9	1.0	17
38.67268	-12.89809	-99.77929	LAX_LV_ENDOCARDIAL	9	1.0	17
36.86989	-10.72976	-98.38790	LAX_LV_ENDOCARDIAL	9	1.0	17
35.06710	-8.56142	-96.99652	LAX_LV_ENDOCARDIAL	9	1.0	17
33.26431	-6.39309	-95.60513	LAX_LV_ENDOCARDIAL	9	1.0	17
31.46152	-4.22475	-94.21374	LAX_LV_ENDOCARDIAL	9	1.0	17
29.71377	-2.02127	-94.22709	LAX_LV_ENDOCARDIAL	9	1.0	17
27.91098	0.14707	-92.83570	LAX_LV_ENDOCARDIAL	9	1.0	17
26.10819	2.31540	-91.44431	LAX_LV_ENDOCARDIAL	9	1.0	17
24.30540	4.48374	-90.05293	LAX_LV_ENDOCARDIAL	9	1.0	17
22.50261	6.65207	-88.66154	LAX_LV_ENDOCARDIAL	9	1.0	17
20.69982	8.82041	-87.27015	LAX_LV_ENDOCARDIAL	9	1.0	17
18.95207	11.02390	-87.28350	LAX_LV_ENDOCARDIAL	9	1.0	17
17.14928	13.19223	-85.89211	LAX_LV_ENDOCARDIAL	9	1.0	17
15.34649	15.36057	-84.50073	LAX_LV_ENDOCARDIAL	9	1.0	17
13.59874	17.56405	-84.51407	LAX_LV_ENDOCARDIAL	9	1.0	17
11.74091	19.69724	-81.71795	LAX_LV_ENDOCARDIAL	9	1.0	17
9.93812	21.86557	-80.32656	LAX_LV_ENDOCARDIAL	9	1.0	17
8.13532	24.03391	-78.93518	LAX_LV_ENDOCARDIAL	9	1.0	17
6.33253	26.20224	-77.54379	LAX_LV_ENDOCARDIAL	9	1.0	17
4.47470	28.33542	-74.74767	LAX_LV_ENDOCARDIAL	9	1.0	17
2.67191	30.50376	-73.35628	LAX_LV_ENDOCARDIAL	9	1.0	17
1.68794	31.53520	-70.55349	LAX_LV_ENDOCARDIAL	9	1.0	17
-0.16989	33.66838	-67.75737	LAX_LV_ENDOCARDIAL	9	1.0	17
-1.15385	34.69982	-64.95458	LAX_LV_ENDOCARDIAL	9	1.0	17
-2.13782	35.73126	-62.15179	LAX_LV_ENDOCARDIAL	9	1.0	17
-3.99565	37.86444	-59.35567	LAX_LV_ENDOCARDIAL	9	1.0	17
8.44507	19.25230	-19.91639	LAX_LV_ENDOCARDIAL	9	1.0	17
14.28696	11.36433	-12.84601	LAX_LV_EPICARDIAL	9	1.0	17
16.08975	9.19600	-14.23740	LAX_LV_EPICARDIAL	9	1.0	17
17.83750	6.99251	-14.22406	LAX_LV_EPICARDIAL	9	1.0	17
19.64029	4.82418	-15.61544	LAX_LV_EPICARDIAL	9	1.0	17
21.38804	2.62069	-15.60210	LAX_LV_EPICARDIAL	9	1.0	17
23.19083	0.45235	-16.99348	LAX_LV_EPICARDIAL	9	1.0	17
24.99362	-1.71598	-18.38487	LAX_LV_EPICARDIAL	9	1.0	17
26.79641	-3.88432	-19.77626	LAX_LV_EPICARDIAL	9	1.0	17
28.59920	-6.05265	-21.16764	LAX_LV_EPICARDIAL	9	1.0	17
30.40199	-8.22099	-22.55903	LAX_LV_EPICARDIAL	9	1.0	17
32.25983	-10.35417	-25.35515	LAX_LV_EPICARDIAL	9	1.0	17
33.24379	-11.38561	-28.15794	LAX_LV_EPICARDIAL	9	1.0	17
34.22775	-12.41705	-30.96073	LAX_LV_EPICARDIAL	9	1.0	17
36.08559	-14.55023	-33.75685	LAX_LV_EPICARDIAL	9	1.0	17
37.06955	-15.58167	-36.55965	LAX_LV_EPICARDIAL	9	1.0	17
38.05352	-16.61311	-39.36244	LAX_LV_EPICARDIAL	9	1.0	17
39.03748	-17.64455	-42.16523	LAX_LV_EPICARDIAL	9	1.0	17
39.14757	-17.57425	-44.97470	LAX_LV_EPICARDIAL	9	1.0	17
40.13153	-18.60569	-47.77749	LAX_LV_EPICARDIAL	9	1.0	17
41.11549	-19.63713	-50.58028	LAX_LV_EPICARDIAL	9	1.0	17
42.09945	-20.66857	-53.38307	LAX_LV_EPICARDIAL	9	1.0	17
43.08342	-21.70001	-56.18587	LAX_LV_EPICARDIAL	9	1.0	17
43.19351	-21.62970	-58.99533	LAX_LV_EPICARDIAL	9	1.0	17
44.17747	-22.66114	-61.79812	LAX_LV_EPICARDIAL	9	1.0	17
44.28756	-22.59084	-64.60759	LAX_LV_EPICARDIAL	9	1.0	17
45.27152	-23.62228	-67.41038	LAX_LV_EPICARDIAL	9	1.0	17
45.38161	-23.55197	-70.21985	LAX_LV_EPICARDIAL	9	1.0	17
46.36557	-24.58341	-73.02264	LAX_LV_EPICARDIAL	9	1.0	17
46.47566	-24.51311	-75.83211	LAX_LV_EPICARDIAL	9	1.0	17
46.58575	-24.44281	-78.64157	LAX_LV_EPICARDIAL	9	1.0	17
46.69584	-24.37250	-81.45104	LAX_LV_EPICARDIAL	9	1.0	17
46.80593	-24.30220	-84.26050	LAX_LV_EPICARDIAL	9	1.0	17
46.04214	-23.13015	-87.07664	LAX_LV_EPICARDIAL	9	1.0	17
46.15223	-23.05985	-89.88610	LAX_LV_EPICARDIAL	9	1.0	17
45.38845	-21.88780	-92.70224	LAX_LV_EPICARDIAL	9	1.0	17
44.62466	-20.71575	-95.51838	LAX_LV_EPICARDIAL	9	1.0	17
44.73475	-20.64545	-98.32785	LAX_LV_EPICARDIAL	9	1.0	17
43.09710	-18.37166	-101.15066	LAX_LV_EPICARDIAL	9	1.0	17
42.33331	-17.19961	-103.96680	LAX_LV_EPICARDIAL	9	1.0	17
40.58556	-14.99612	-103.98014	LAX_LV_EPICARDIAL	9	1.0	17
38.83782	-12.79264	-103.99349	LAX_LV_EPICARDIAL	9	1.0	17
37.09007	-10.58915	-104.00683	LAX_LV_EPICARDIAL	9	1.0	17
35.34233	-8.38566	-104.02018	LAX_LV_EPICARDIAL	9	1.0	17
33.53953	-6.21733	-102.62879	LAX_LV_EPICARDIAL	9	1.0	17
31.73674	-4.04899	-101.23741	LAX_LV_EPICARDIAL	9	1.0	17
29.93395	-1.88066	-99.84602	LAX_LV_EPICARDIAL	9	1.0	17
28.13116	0.28768	-98.45463	LAX_LV_EPICARDIAL	9	1.0	17
26.38341	2.49116	-98.46798	LAX_LV_EPICARDIAL	9	1.0	17
24.58062	4.65950	-97.07659	LAX_LV_EPICARDIAL	9	1.0	17
22.83288	6.86299	-97.08994	LAX_LV_EPICARDIAL	9	1.0	17
21.03009	9.03132	-95.69855	LAX_LV_EPICARDIAL	9	1.0	17
19.22729	11.19966	-94.30716	LAX_LV_EPICARDIAL	9	1.0	17
17.47955	13.40314	-94.32051	LAX_LV_EPICARDIAL	9	1.0	17
15.67676	15.57148	-92.92912	LAX_LV_EPICARDIAL	9	1.0	17
13.87397	17.73981	-91.53773	LAX_LV_EPICARDIAL	9	1.0	17
12.07117	19.90815	-90.14635	LAX_LV_EPICARDIAL	9	1.0	17
10.26838	22.07648	-88.75496	LAX_LV_EPICARDIAL	9	1.0	17
8.46559	24.24482	-87.36357	LAX_LV_EPICARDIAL	9	1.0	17
6.71785	26.44830	-87.37692	LAX_LV_EPICARDIAL	9	1.0	17
4.91505	28.61664	-85.98553	LAX_LV_EPICARDIAL	9	1.0	17
3.05722	30.74982	-83.18941	LAX_LV_EPICARDIAL	9	1.0	17
1.25443	32.91816	-81.79803	LAX_LV_EPICARDIAL	9	1.0	17
-0.54836	35.08649	-80.40664	LAX_LV_EPICARDIAL	9	1.0	17
-2.40620	37.21968	-77.61052	LAX_LV_EPICARDIAL	9	1.0	17
-4.26403	39.35286	-74.81440	LAX_LV_EPICARDIAL	9	1.0	17
-6.12187	41.48604	-72.01828	LAX_LV_EPICARDIAL	9	1.0	17
-6.23196	41.41574	-69.20882	LAX_LV_EPICARDIAL	9	1.0	17
-7.21592	42.44718	-66.40602	LAX_LV_EPICARDIAL	9	1.0	17
-7.32601	42.37687	-63.59656	LAX_LV_EPICARDIAL	9	1.0	17
-7.43610	42.30657	-60.78709	LAX_LV_EPICARDIAL	9	1.0	17
-6.67232	41.13452	-57.97095	LAX_LV_EPICARDIAL	9	1.0	17
-4.92457	38.93104	-57.95761	LAX_LV_EPICARDIAL	9	1.0	17
7.40607	20.24858	-15.70886	LAX_LV_EPICARDIAL	9	1.0	17
9.09877	18.00994	-14.29078	LAX_LV_EPICARDIAL	9	1.0	17
10.79147	15.77131	-12.87271	LAX_LV_EPICARDIAL	9	1.0	17
12.53922	13.56782	-12.85936	LAX_LV_EPICARDIAL	9	1.0	17
-5.03466	38.86073	-55.14814	MITRAL_VALVE	9	1.0	17
5.82345	22.55753	-19.93641	MITRAL_VALVE	9	1.0	17
-31.31874	-11.88040	-2.28795	LAX_RV_FREEWALL	8	1.0	1.0
-29.79377	-13.23885	-4.67893	LAX_RV_FREEWALL	8	1.0	1.0
-28.26880	-14.59730	-7.06991	LAX_RV_FREEWALL	8	1.0	1.0
-26.74383	-15.95575	-9.46089	LAX_RV_FREEWALL	8	1.0	1.0
-25.21886	-17.31420	-11.85187	LAX_RV_FREEWALL	8	1.0	1.0
-23.69389	-18.67265	-14.24284	LAX_RV_FREEWALL	8	1.0	1.0
-22.16893	-20.03110	-16.63382	LAX_RV_FREEWALL	8	1.0	1.0
-20.64396	-21.38955	-19.02480	LAX_RV_FREEWALL	8	1.0	1.0
-19.11899	-22.74800	-21.41578	LAX_RV_FREEWALL	8	1.0	1.0
-17.59402	-24.10645	-23.80676	LAX_RV_FREEWALL	8	1.0	1.0
-15.79014	-24.10646	-25.96458	LAX_RV_FREEWALL	8	1.0	1.0
-13.98626	-24.10646	-28.12240	LAX_RV_FREEWALL	8	1.0	1.0
-12.18238	-24.10646	-30.28021	LAX_RV_FREEWALL	8	1.0	1.0
-10.37850	-24.10646	-32.43803	LAX_RV_FREEWALL	8	1.0	1.0
-8.57461	-24.10646	-34.59585	LAX_RV_FREEWALL	8	1.0	1.0
-6.49182	-22.74802	-36.52050	LAX_RV_FREEWALL	8	1.0	1.0
-4.68794	-22.74802	-38.67832	LAX_RV_FREEWALL	8	1.0	1.0
-3.16297	-24.10647	-41.06930	LAX_RV_FREEWALL	8	1.0	1.0
-1.35909	-24.10647	-43.22712	LAX_RV_FREEWALL	8	1.0	1.0
0.16588	-25.46492	-45.61810	LAX_RV_FREEWALL	8	1.0	1.0
1.96976	-25.46492	-47.77592	LAX_RV_FREEWALL	8	1.0	1.0
3.77364	-25.46492	-49.93373	LAX_RV_FREEWALL	8	1.0	1.0
5.85644	-24.10648	-51.85839	LAX_RV_FREEWALL	8	1.0	1.0
-12.16427	-6.44662	-22.93348	LAX_RV_FREEWALL	8	1.0	1.0
-14.24707	-7.80507	-21.00882	LAX_RV_FREEWALL	8	1.0	1.0
-16.05095	-7.80507	-18.85100	LAX_RV_FREEWALL	8	1.0	1.0
-17.85483	-7.80506	-16.69318	LAX_RV_FREEWALL	8	1.0	1.0
-19.37980	-6.44661	-14.30221	LAX_RV_FREEWALL	8	1.0	1.0
-21.18368	-6.44661	-12.14439	LAX_RV_FREEWALL	8	1.0	1.0
-22.70865	-5.08816	-9.75341	LAX_RV_FREEWALL	8	1.0	1.0
-24.51253	-5.08816	-7.59559	LAX_RV_FREEWALL	8	1.0	1.0
-26.59532	-6.44661	-5.67094	LAX_RV_FREEWALL	8	1.0	1.0
-28.39920	-6.44661	-3.51312	LAX_RV_FREEWALL	8	1.0	1.0
-30.48200	-7.80505	-1.58846	LAX_RV_FREEWALL	8	1.0	1.0
-31.03982	-10.52195	-2.05479	LAX_RV_FREEWALL	8	1.0	1.0
-33.40153	-13.23885	-0.36329	LAX_RV_EPICARDIAL	8	1.0	1.0
-32.15547	-15.95575	-2.98743	LAX_RV_EPICARDIAL	8	1.0	1.0
-30.63051	-17.31420	-5.37841	LAX_RV_EPICARDIAL	8	1.0	1.0
-28.82663	-17.31420	-7.53623	LAX_RV_EPICARDIAL	8	1.0	1.0
-27.30166	-18.67265	-9.92721	LAX_RV_EPICARDIAL	8	1.0	1.0
-25.77669	-20.03110	-12.31819	LAX_RV_EPICARDIAL	8	1.0	1.0
-24.53063	-22.74800	-14.94233	LAX_RV_EPICARDIAL	8	1.0	1.0
-23.00566	-24.10645	-17.33331	LAX_RV_EPICARDIAL	8	1.0	1.0
-21.48070	-25.46490	-19.72429	LAX_RV_EPICARDIAL	8	1.0	1.0
-19.95573	-26.82335	-22.11527	LAX_RV_EPICARDIAL	8	1.0	1.0
-18.15185	-26.82335	-24.27309	LAX_RV_EPICARDIAL	8	1.0	1.0
-16.34796	-26.82335	-26.43090	LAX_RV_EPICARDIAL	8	1.0	1.0
-14.54408	-26.82335	-28.58872	LAX_RV_EPICARDIAL	8	1.0	1.0
-12.74020	-26.82336	-30.74654	LAX_RV_EPICARDIAL	8	1.0	1.0
-10.93632	-26.82336	-32.90436	LAX_RV_EPICARDIAL	8	1.0	1.0
-9.13244	-26.82336	-35.06217	LAX_RV_EPICARDIAL	8	1.0	1.0
-7.32856	-26.82336	-37.21999	LAX_RV_EPICARDIAL	8	1.0	1.0
-5.52468	-26.82336	-39.37781	LAX_RV_EPICARDIAL	8	1.0	1.0
-3.72080	-26.82336	-41.53563	LAX_RV_EPICARDIAL	8	1.0	1.0
-1.91691	-26.82337	-43.69344	LAX_RV_EPICARDIAL	8	1.0	1.0
-0.11303	-26.82337	-45.85126	LAX_RV_EPICARDIAL	8	1.0	1.0
1.69085	-26.82337	-48.00908	LAX_RV_EPICARDIAL	8	1.0	1.0
3.49473	-26.82337	-50.16690	LAX_RV_EPICARDIAL	8	1.0	1.0
5.29861	-26.82337	-52.32471	LAX_RV_EPICARDIAL	8	1.0	1.0
7.38140	-25.46493	-54.24937	LAX_RV_EPICARDIAL	8	1.0	1.0
9.18529	-25.46493	-56.40719	LAX_RV_EPICARDIAL	8	1.0	1.0
7.93923	-22.74803	-53.78304	LAX_RV_EPICARDIAL	8	1.0	1.0
-12.22947	-2.37127	-21.15508	LAX_RV_EPICARDIAL	8	1.0	1.0
-14.31227	-3.72972	-19.23043	LAX_RV_EPICARDIAL	8	1.0	1.0
-16.11615	-3.72972	-17.07261	LAX_RV_EPICARDIAL	8	1.0	1.0
-17.92003	-3.72972	-14.91479	LAX_RV_EPICARDIAL	8	1.0	1.0
-19.72391	-3.72972	-12.75697	LAX_RV_EPICARDIAL	8	1.0	1.0
-21.24888	-2.37127	-10.36599	LAX_RV_EPICARDIAL	8	1.0	1.0
-23.33168	-3.72971	-8.44134	LAX_RV_EPICARDIAL	8	1.0	1.0
-25.13556	-3.72971	-6.28352	LAX_RV_EPICARDIAL	8	1.0	1.0
-26.93944	-3.72971	-4.12570	LAX_RV_EPICARDIAL	8	1.0	1.0
-29.02223	-5.08816	-2.20105	LAX_RV_EPICARDIAL	8	1.0	1.0
-31.10503	-6.44660	-0.27639	LAX_RV_EPICARDIAL	8	1.0	1.0
-32.56479	-9.16350	0.33619	LAX_RV_EPICARDIAL	8	1.0	1.0
-33.12262	-11.88040	-0.13013	LAX_RV_EPICARDIAL	8	1.0	1.0
7.93923	-22.74803	-53.78304	LAX_RV_SEPTUM	8	1.0	1.0
6.41426	-21.38958	-51.39207	LAX_RV_SEPTUM	8	1.0	1.0
4.88929	-20.03113	-49.00109	LAX_RV_SEPTUM	8	1.0	1.0
3.36432	-18.67268	-46.61011	LAX_RV_SEPTUM	8	1.0	1.0
1.83936	-17.31423	-44.21913	LAX_RV_SEPTUM	8	1.0	1.0
0.31439	-15.95578	-41.82815	LAX_RV_SEPTUM	8	1.0	1.0
-1.21058	-14.59733	-39.43717	LAX_RV_SEPTUM	8	1.0	1.0
-2.73555	-13.23888	-37.04619	LAX_RV_SEPTUM	8	1.0	1.0
-4.26052	-11.88043	-34.65521	LAX_RV_SEPTUM	8	1.0	1.0
-5.78549	-10.52197	-32.26423	LAX_RV_SEPTUM	8	1.0	1.0
-7.31045	-9.16352	-29.87325	LAX_RV_SEPTUM	8	1.0	1.0
-8.83542	-7.80507	-27.48227	LAX_RV_SEPTUM	8	1.0	1.0
-10.63930	-7.80507	-25.32445	LAX_RV_SEPTUM	8	1.0	1.0
-10.70451	-3.72972	-23.54606	LAX_LV_EPICARDIAL	8	1.0	1.0
9.74311	-22.74803	-55.94086	LAX_LV_EPICARDIAL	8	1.0	1.0
11.26808	-24.10648	-58.33184	LAX_LV_EPICARDIAL	8	1.0	1.0
13.07196	-24.10648	-60.48966	LAX_LV_EPICARDIAL	8	1.0	1.0
14.87584	-24.10648	-62.64748	LAX_LV_EPICARDIAL	8	1.0	1.0
16.40081	-25.46494	-65.03846	LAX_LV_EPICARDIAL	8	1.0	1.0
18.20469	-25.46494	-67.19627	LAX_LV_EPICARDIAL	8	1.0	1.0
19.72966	-26.82339	-69.58725	LAX_LV_EPICARDIAL	8	1.0	1.0
21.53354	-26.82339	-71.74507	LAX_LV_EPICARDIAL	8	1.0	1.0
23.33742	-26.82339	-73.90289	LAX_LV_EPICARDIAL	8	1.0	1.0
24.86239	-28.18184	-76.29387	LAX_LV_EPICARDIAL	8	1.0	1.0
26.66627	-28.18184	-78.45169	LAX_LV_EPICARDIAL	8	1.0	1.0
28.47015	-28.18184	-80.60950	LAX_LV_EPICARDIAL	8	1.0	1.0
30.27403	-28.18185	-82.76732	LAX_LV_EPICARDIAL	8	1.0	1.0
32.07792	-28.18185	-84.92514	LAX_LV_EPICARDIAL	8	1.0	1.0
33.88180	-28.18185	-87.08296	LAX_LV_EPICARDIAL	8	1.0	1.0
35.96459	-26.82340	-89.00761	LAX_LV_EPICARDIAL	8	1.0	1.0
37.76847	-26.82340	-91.16543	LAX_LV_EPICARDIAL	8	1.0	1.0
39.85127	-25.46496	-93.09008	LAX_LV_EPICARDIAL	8	1.0	1.0
42.21297	-22.74806	-94.78158	LAX_LV_EPICARDIAL	8	1.0	1.0
43.67274	-20.03117	-95.39416	LAX_LV_EPICARDIAL	8	1.0	1.0
45.13251	-17.31427	-96.00675	LAX_LV_EPICARDIAL	8	1.0	1.0
46.59227	-14.59737	-96.61933	LAX_LV_EPICARDIAL	8	1.0	1.0
47.15010	-11.88047	-96.15301	LAX_LV_EPICARDIAL	8	1.0	1.0
47.70792	-9.16358	-95.68669	LAX_LV_EPICARDIAL	8	1.0	1.0
47.36381	-6.44668	-94.14145	LAX_LV_EPICARDIAL	8	1.0	1.0
47.01969	-3.72978	-92.59622	LAX_LV_EPICARDIAL	8	1.0	1.0
46.67558	-1.01288	-91.05099	LAX_LV_EPICARDIAL	8	1.0	1.0
45.42952	1.70402	-88.42685	LAX_LV_EPICARDIAL	8	1.0	1.0
45.08541	4.42092	-86.88161	LAX_LV_EPICARDIAL	8	1.0	1.0
44.74129	7.13781	-85.33638	LAX_LV_EPICARDIAL	8	1.0	1.0
44.39718	9.85471	-83.79115	LAX_LV_EPICARDIAL	8	1.0	1.0
44.05306	12.57161	-82.24592	LAX_LV_EPICARDIAL	8	1.0	1.0
43.70895	15.28851	-80.70068	LAX_LV_EPICARDIAL	8	1.0	1.0
43.36483	18.00541	-79.15545	LAX_LV_EPICARDIAL	8	1.0	1.0
43.02072	20.72231	-77.61022	LAX_LV_EPICARDIAL	8	1.0	1.0
41.77466	23.43921	-74.98608	LAX_LV_EPICARDIAL	8	1.0	1.0
41.43055	26.15610	-73.44084	LAX_LV_EPICARDIAL	8	1.0	1.0
41.08643	28.87300	-71.89561	LAX_LV_EPICARDIAL	8	1.0	1.0
40.74232	31.58990	-70.35038	LAX_LV_EPICARDIAL	8	1.0	1.0
39.49626	34.30680	-67.72624	LAX_LV_EPICARDIAL	8	1.0	1.0
39.15215	37.02370	-66.18101	LAX_LV_EPICARDIAL	8	1.0	1.0
37.90609	39.74060	-63.55686	LAX_LV_EPICARDIAL	8	1.0	1.0
36.66004	42.45750	-60.93272	LAX_LV_EPICARDIAL	8	1.0	1.0
35.13507	43.81595	-58.54174	LAX_LV_EPICARDIAL	8	1.0	1.0
33.88901	46.53285	-55.91760	LAX_LV_EPICARDIAL	8	1.0	1.0
32.36404	47.89130	-53.52662	LAX_LV_EPICARDIAL	8	1.0	1.0
30.83907	49.24975	-51.13564	LAX_LV_EPICARDIAL	8	1.0	1.0
29.03519	49.24975	-48.97783	LAX_LV_EPICARDIAL	8	1.0	1.0
27.51022	50.60820	-46.58685	LAX_LV_EPICARDIAL	8	1.0	1.0
25.98526	51.96665	-44.19587	LAX_LV_EPICARDIAL	8	1.0	1.0
24.18138	51.96665	-42.03805	LAX_LV_EPICARDIAL	8	1.0	1.0
22.37749	51.96665	-39.88023	LAX_LV_EPICARDIAL	8	1.0	1.0
20.57361	51.96665	-37.72242	LAX_LV_EPICARDIAL	8	1.0	1.0
18.49082	50.60821	-35.79776	LAX_LV_EPICARDIAL	8	1.0	1.0
16.12911	47.89131	-34.10627	LAX_LV_EPICARDIAL	8	1.0	1.0
-1.79740	22.08080	-23.43162	LAX_LV_EPICARDIAL	8	1.0	1.0
-3.60128	22.08080	-21.27380	LAX_LV_EPICARDIAL	8	1.0	1.0
-5.40516	22.08080	-19.11598	LAX_LV_EPICARDIAL	8	1.0	1.0
-8.68691	1.70407	-23.69232	LAX_LV_ENDOCARDIAL	8	1.0	1.0
-6.60412	3.06252	-25.61698	LAX_LV_ENDOCARDIAL	8	1.0	1.0
-4.80024	3.06251	-27.77479	LAX_LV_ENDOCARDIAL	8	1.0	1.0
-2.99636	3.06251	-29.93261	LAX_LV_ENDOCARDIAL	8	1.0	1.0
-1.19248	3.06251	-32.09043	LAX_LV_ENDOCARDIAL	8	1.0	1.0
0.33249	1.70406	-34.48141	LAX_LV_ENDOCARDIAL	8	1.0	1.0
1.85746	0.34561	-36.87239	LAX_LV_ENDOCARDIAL	8	1.0	1.0
3.38243	-1.01284	-39.26337	LAX_LV_ENDOCARDIAL	8	1.0	1.0
4.62848	-3.72974	-41.88751	LAX_LV_ENDOCARDIAL	8	1.0	1.0
5.87454	-6.44664	-44.51165	LAX_LV_ENDOCARDIAL	8	1.0	1.0
7.39951	-7.80509	-46.90263	LAX_LV_ENDOCARDIAL	8	1.0	1.0
8.92448	-9.16354	-49.29361	LAX_LV_ENDOCARDIAL	8	1.0	1.0
10.44945	-10.52199	-51.68459	LAX_LV_ENDOCARDIAL	8	1.0	1.0
11.69550	-13.23889	-54.30873	LAX_LV_ENDOCARDIAL	8	1.0	1.0
13.22047	-14.59734	-56.69971	LAX_LV_ENDOCARDIAL	8	1.0	1.0
15.02435	-14.59734	-58.85753	LAX_LV_ENDOCARDIAL	8	1.0	1.0
16.54932	-15.95579	-61.24851	LAX_LV_ENDOCARDIAL	8	1.0	1.0
18.35320	-15.95579	-63.40632	LAX_LV_ENDOCARDIAL	8	1.0	1.0
19.87817	-17.31424	-65.79730	LAX_LV_ENDOCARDIAL	8	1.0	1.0
21.68205	-17.31425	-67.95512	LAX_LV_ENDOCARDIAL	8	1.0	1.0
23.20702	-18.67270	-70.34610	LAX_LV_ENDOCARDIAL	8	1.0	1.0
24.73199	-20.03115	-72.73708	LAX_LV_ENDOCARDIAL	8	1.0	1.0
26.25696	-21.38960	-75.12806	LAX_LV_ENDOCARDIAL	8	1.0	1.0
28.06084	-21.38960	-77.28588	LAX_LV_ENDOCARDIAL	8	1.0	1.0
29.86472	-21.38960	-79.44369	LAX_LV_ENDOCARDIAL	8	1.0	1.0
31.38969	-22.74805	-81.83467	LAX_LV_ENDOCARDIAL	8	1.0	1.0
33.19357	-22.74805	-83.99249	LAX_LV_ENDOCARDIAL	8	1.0	1.0
34.99745	-22.74806	-86.15031	LAX_LV_ENDOCARDIAL	8	1.0	1.0
36.80133	-22.74806	-88.30812	LAX_LV_ENDOCARDIAL	8	1.0	1.0
38.60521	-22.74806	-90.46594	LAX_LV_ENDOCARDIAL	8	1.0	1.0
40.68801	-21.38961	-92.39060	LAX_LV_ENDOCARDIAL	8	1.0	1.0
42.14777	-18.67271	-93.00318	LAX_LV_ENDOCARDIAL	8	1.0	1.0
43.60754	-15.95582	-93.61577	LAX_LV_ENDOCARDIAL	8	1.0	1.0
44.16536	-13.23892	-93.14944	LAX_LV_ENDOCARDIAL	8	1.0	1.0
43.82125	-10.52202	-91.60421	LAX_LV_ENDOCARDIAL	8	1.0	1.0
43.47713	-7.80512	-90.05898	LAX_LV_ENDOCARDIAL	8	1.0	1.0
42.23108	-5.08822	-87.43484	LAX_LV_ENDOCARDIAL	8	1.0	1.0
41.88696	-2.37133	-85.88961	LAX_LV_ENDOCARDIAL	8	1.0	1.0
41.54285	0.34557	-84.34437	LAX_LV_ENDOCARDIAL	8	1.0	1.0
40.29679	3.06247	-81.72023	LAX_LV_ENDOCARDIAL	8	1.0	1.0
39.95268	5.77937	-80.17500	LAX_LV_ENDOCARDIAL	8	1.0	1.0
39.60856	8.49627	-78.62977	LAX_LV_ENDOCARDIAL	8	1.0	1.0
38.36251	11.21317	-76.00563	LAX_LV_ENDOCARDIAL	8	1.0	1.0
38.01839	13.93007	-74.46039	LAX_LV_ENDOCARDIAL	8	1.0	1.0
37.67428	16.64696	-72.91516	LAX_LV_ENDOCARDIAL	8	1.0	1.0
37.33016	19.36386	-71.36993	LAX_LV_ENDOCARDIAL	8	1.0	1.0
36.98605	22.08076	-69.82470	LAX_LV_ENDOCARDIAL	8	1.0	1.0
35.73999	24.79766	-67.20055	LAX_LV_ENDOCARDIAL	8	1.0	1.0
35.39588	27.51456	-65.65532	LAX_LV_ENDOCARDIAL	8	1.0	1.0
34.14982	30.23146	-63.03118	LAX_LV_ENDOCARDIAL	8	1.0	1.0
32.90376	32.94836	-60.40704	LAX_LV_ENDOCARDIAL	8	1.0	1.0
31.37880	34.30681	-58.01606	LAX_LV_ENDOCARDIAL	8	1.0	1.0
29.85383	35.66526	-55.62508	LAX_LV_ENDOCARDIAL	8	1.0	1.0
28.60777	38.38216	-53.00094	LAX_LV_ENDOCARDIAL	8	1.0	1.0
27.08280	39.74061	-50.60996	LAX_LV_ENDOCARDIAL	8	1.0	1.0
25.55784	41.09906	-48.21898	LAX_LV_ENDOCARDIAL	8	1.0	1.0
24.31178	43.81596	-45.59484	LAX_LV_ENDOCARDIAL	8	1.0	1.0
22.78681	45.17441	-43.20386	LAX_LV_ENDOCARDIAL	8	1.0	1.0
20.70402	43.81596	-41.27920	LAX_LV_ENDOCARDIAL	8	1.0	1.0
18.90014	43.81596	-39.12139	LAX_LV_ENDOCARDIAL	8	1.0	1.0
-2.69934	22.08080	-22.35271	LAX_LV_ENDOCARDIAL	8	1.0	1.0
-4.50322	22.08080	-20.19489	LAX_LV_ENDOCARDIAL	8	1.0	1.0
-33.40153	-13.23885	-0.36329	LAX_RV_EPICARDIAL	8	1.0	1.0
-32.15547	-15.95575	-2.98743	LAX_RV_EPICARDIAL	8	1.0	1.0
-30.63051	-17.31420	-5.37841	LAX_RV_EPICARDIAL	8	1.0	1.0
-28.82663	-17.31420	-7.53623	LAX_RV_EPICARDIAL	8	1.0	1.0
-27.30166	-18.67265	-9.92721	LAX_RV_EPICARDIAL	8	1.0	1.0
-25.77669	-20.03110	-12.31819	LAX_RV_EPICARDIAL	8	1.0	1.0
-24.53063	-22.74800	-14.94233	LAX_RV_EPICARDIAL	8	1.0	1.0
-23.00566	-24.10645	-17.33331	LAX_RV_EPICARDIAL	8	1.0	1.0
-21.48070	-25.46490	-19.72429	LAX_RV_EPICARDIAL	8	1.0	1.0
-19.95573	-26.82335	-22.11527	LAX_RV_EPICARDIAL	8	1.0	1.0
-18.15185	-26.82335	-24.27309	LAX_RV_EPICARDIAL	8	1.0	1.0
-16.34796	-26.82335	-26.43090	LAX_RV_EPICARDIAL	8	1.0	1.0
-14.54408	-26.82335	-28.58872	LAX_RV_EPICARDIAL	8	1.0	1.0
-12.74020	-26.82336	-30.74654	LAX_RV_EPICARDIAL	8	1.0	1.0
-10.93632	-26.82336	-32.90436	LAX_RV_EPICARDIAL	8	1.0	1.0
-9.13244	-26.82336	-35.06217	LAX_RV_EPICARDIAL	8	1.0	1.0
-7.32856	-26.82336	-37.21999	LAX_RV_EPICARDIAL	8	1.0	1.0
-5.52468	-26.82336	-39.37781	LAX_RV_EPICARDIAL	8	1.0	1.0
-3.72080	-26.82336	-41.53563	LAX_RV_EPICARDIAL	8	1.0	1.0
-1.91691	-26.82337	-43.69344	LAX_RV_EPICARDIAL	8	1.0	1.0
-0.11303	-26.82337	-45.85126	LAX_RV_EPICARDIAL	8	1.0	1.0
1.69085	-26.82337	-48.00908	LAX_RV_EPICARDIAL	8	1.0	1.0
3.49473	-26.82337	-50.16690	LAX_RV_EPICARDIAL	8	1.0	1.0
5.29861	-26.82337	-52.32471	LAX_RV_EPICARDIAL	8	1.0	1.0
7.38140	-25.46493	-54.24937	LAX_RV_EPICARDIAL	8	1.0	1.0
9.18529	-25.46493	-56.40719	LAX_RV_EPICARDIAL	8	1.0	1.0
7.93923	-22.74803	-53.78304	LAX_RV_EPICARDIAL	8	1.0	1.0
-12.22947	-2.37127	-21.15508	LAX_RV_EPICARDIAL	8	1.0	1.0
-14.31227	-3.72972	-19.23043	LAX_RV_EPICARDIAL	8	1.0	1.0
-16.11615	-3.72972	-17.07261	LAX_RV_EPICARDIAL	8	1.0	1.0
-17.92003	-3.72972	-14.91479	LAX_RV_EPICARDIAL	8	1.0	1.0
-19.72391	-3.72972	-12.75697	LAX_RV_EPICARDIAL	8	1.0	1.0
-21.24888	-2.37127	-10.36599	LAX_RV_EPICARDIAL	8	1.0	1.0
-23.33168	-3.72971	-8.44134	LAX_RV_EPICARDIAL	8	1.0	1.0
-25.13556	-3.72971	-6.28352	LAX_RV_EPICARDIAL	8	1.0	1.0
-26.93944	-3.72971	-4.12570	LAX_RV_EPICARDIAL	8	1.0	1.0
-29.02223	-5.08816	-2.20105	LAX_RV_EPICARDIAL	8	1.0	1.0
-31.10503	-6.44660	-0.27639	LAX_RV_EPICARDIAL	8	1.0	1.0
-32.56479	-9.16350	0.33619	LAX_RV_EPICARDIAL	8	1.0	1.0
-33.12262	-11.88040	-0.13013	LAX_RV_EPICARDIAL	8	1.0	1.0
15.91540	42.45752	-36.11782	MITRAL_VALVE	8	1.0	1.0
-1.23957	24.79770	-22.96530	MITRAL_VALVE	8	1.0	1.0
-7.76687	19.36391	-17.42449	AORTA_VALVE	8	1.0	1.0
-11.67165	0.34562	-20.68876	AORTA_VALVE	8	1.0	1.0
-59.11622	6.29087	-69.88448	LAX_RV_FREEWALL	7	1.0	17
-61.69427	4.68958	-72.45544	LAX_RV_FREEWALL	7	1.0	17
-62.87254	3.08829	-74.89168	LAX_RV_FREEWALL	7	1.0	17
-64.05081	1.48700	-77.32791	LAX_RV_FREEWALL	7	1.0	17
-62.42952	-0.11429	-79.49470	LAX_RV_FREEWALL	7	1.0	17
-62.20800	-1.71558	-81.79621	LAX_RV_FREEWALL	7	1.0	17
-60.58671	-3.31687	-83.96300	LAX_RV_FREEWALL	7	1.0	17
-58.96541	-4.91816	-86.12978	LAX_RV_FREEWALL	7	1.0	17
-57.34412	-6.51946	-88.29657	LAX_RV_FREEWALL	7	1.0	17
-55.72282	-8.12075	-90.46335	LAX_RV_FREEWALL	7	1.0	17
-52.81251	-8.92139	-91.34466	LAX_RV_FREEWALL	7	1.0	17
-49.79143	-10.52269	-93.37672	LAX_RV_FREEWALL	7	1.0	17
-46.77035	-12.12398	-95.40878	LAX_RV_FREEWALL	7	1.0	17
-43.86004	-12.92462	-96.29009	LAX_RV_FREEWALL	7	1.0	17
-40.83896	-14.52592	-98.32215	LAX_RV_FREEWALL	7	1.0	17
-37.92864	-15.32656	-99.20346	LAX_RV_FREEWALL	7	1.0	17
-35.01832	-16.12721	-100.08476	LAX_RV_FREEWALL	7	1.0	17
-32.21876	-16.12721	-99.81531	LAX_RV_FREEWALL	7	1.0	17
-29.30844	-16.92786	-100.69662	LAX_RV_FREEWALL	7	1.0	17
-26.39812	-17.72850	-101.57793	LAX_RV_FREEWALL	7	1.0	17
-23.48780	-18.52915	-102.45923	LAX_RV_FREEWALL	7	1.0	17
-20.57748	-19.32980	-103.34054	LAX_RV_FREEWALL	7	1.0	17
-17.66716	-20.13044	-104.22185	LAX_RV_FREEWALL	7	1.0	17
-14.75685	-20.93109	-105.10315	LAX_RV_FREEWALL	7	1.0	17
-11.84653	-21.73174	-105.98446	LAX_RV_FREEWALL	7	1.0	17
-9.04696	-21.73174	-105.71501	LAX_RV_FREEWALL	7	1.0	17
-6.13664	-22.53238	-106.59631	LAX_RV_FREEWALL	7	1.0	17
-3.33708	-22.53238	-106.32687	LAX_RV_FREEWALL	7	1.0	17
-0.53752	-22.53238	-106.05742	LAX_RV_FREEWALL	7	1.0	17
2.37280	-23.33303	-106.93872	LAX_RV_FREEWALL	7	1.0	17
5.17236	-23.33303	-106.66927	LAX_RV_FREEWALL	7	1.0	17
8.08268	-24.13368	-107.55058	LAX_RV_FREEWALL	7	1.0	17
10.88224	-24.13368	-107.28113	LAX_RV_FREEWALL	7	1.0	17
13.79256	-24.93433	-108.16244	LAX_RV_FREEWALL	7	1.0	17
16.59212	-24.93433	-107.89299	LAX_RV_FREEWALL	7	1.0	17
19.28093	-24.13368	-106.47278	LAX_RV_FREEWALL	7	1.0	17
21.96974	-23.33304	-105.05258	LAX_RV_FREEWALL	7	1.0	17
-59.22698	7.09152	-68.73373	LAX_RV_EPICARDIAL	7	1.0	17
-62.13730	7.89217	-67.85242	LAX_RV_EPICARDIAL	7	1.0	17
-64.82611	7.09152	-69.27262	LAX_RV_EPICARDIAL	7	1.0	17
-67.40415	5.49023	-71.84358	LAX_RV_EPICARDIAL	7	1.0	17
-68.58242	3.88894	-74.27982	LAX_RV_EPICARDIAL	7	1.0	17
-68.36091	2.28765	-76.58133	LAX_RV_EPICARDIAL	7	1.0	17
-68.13940	0.68636	-78.88284	LAX_RV_EPICARDIAL	7	1.0	17
-67.91788	-0.91493	-81.18435	LAX_RV_EPICARDIAL	7	1.0	17
-66.29659	-2.51623	-83.35114	LAX_RV_EPICARDIAL	7	1.0	17
-66.07508	-4.11752	-85.65265	LAX_RV_EPICARDIAL	7	1.0	17
-64.45378	-5.71881	-87.81944	LAX_RV_EPICARDIAL	7	1.0	17
-62.83249	-7.32010	-89.98622	LAX_RV_EPICARDIAL	7	1.0	17
-61.21119	-8.92139	-92.15301	LAX_RV_EPICARDIAL	7	1.0	17
-58.19012	-10.52268	-94.18507	LAX_RV_EPICARDIAL	7	1.0	17
-55.16904	-12.12398	-96.21713	LAX_RV_EPICARDIAL	7	1.0	17
-52.14797	-13.72527	-98.24919	LAX_RV_EPICARDIAL	7	1.0	17
-49.23765	-14.52591	-99.13050	LAX_RV_EPICARDIAL	7	1.0	17
-46.21657	-16.12721	-101.16256	LAX_RV_EPICARDIAL	7	1.0	17
-43.30625	-16.92785	-102.04387	LAX_RV_EPICARDIAL	7	1.0	17
-40.39593	-17.72850	-102.92517	LAX_RV_EPICARDIAL	7	1.0	17
-37.59637	-17.72850	-102.65572	LAX_RV_EPICARDIAL	7	1.0	17
-34.68605	-18.52915	-103.53703	LAX_RV_EPICARDIAL	7	1.0	17
-31.77573	-19.32979	-104.41834	LAX_RV_EPICARDIAL	7	1.0	17
-28.86541	-20.13044	-105.29964	LAX_RV_EPICARDIAL	7	1.0	17
-25.95510	-20.93109	-106.18095	LAX_RV_EPICARDIAL	7	1.0	17
-23.15553	-20.93109	-105.91150	LAX_RV_EPICARDIAL	7	1.0	17
-20.24521	-21.73173	-106.79281	LAX_RV_EPICARDIAL	7	1.0	17
-17.33489	-22.53238	-107.67411	LAX_RV_EPICARDIAL	7	1.0	17
-14.42458	-23.33303	-108.55542	LAX_RV_EPICARDIAL	7	1.0	17
-11.51426	-24.13367	-109.43672	LAX_RV_EPICARDIAL	7	1.0	17
-8.71469	-24.13367	-109.16727	LAX_RV_EPICARDIAL	7	1.0	17
-5.80438	-24.93432	-110.04858	LAX_RV_EPICARDIAL	7	1.0	17
-3.00481	-24.93432	-109.77913	LAX_RV_EPICARDIAL	7	1.0	17
-0.20525	-24.93432	-109.50968	LAX_RV_EPICARDIAL	7	1.0	17
2.59431	-24.93432	-109.24023	LAX_RV_EPICARDIAL	7	1.0	17
5.39387	-24.93432	-108.97078	LAX_RV_EPICARDIAL	7	1.0	17
8.30419	-25.73497	-109.85209	LAX_RV_EPICARDIAL	7	1.0	17
11.10376	-25.73497	-109.58264	LAX_RV_EPICARDIAL	7	1.0	17
13.90332	-25.73497	-109.31319	LAX_RV_EPICARDIAL	7	1.0	17
16.81364	-26.53562	-110.19450	LAX_RV_EPICARDIAL	7	1.0	17
19.50244	-25.73497	-108.77429	LAX_RV_EPICARDIAL	7	1.0	17
22.30201	-25.73497	-108.50484	LAX_RV_EPICARDIAL	7	1.0	17
24.99081	-24.93433	-107.08464	LAX_RV_EPICARDIAL	7	1.0	17
26.16908	-23.33304	-104.64840	LAX_RV_EPICARDIAL	7	1.0	17
23.03725	-20.93110	-101.46559	LAX_RV_EPICARDIAL	7	1.0	17
-26.51828	13.49667	-56.29429	LAX_RV_SEPTUM	7	1.0	17
23.14800	-21.73175	-102.61634	LAX_RV_SEPTUM	7	1.0	17
21.52671	-20.13045	-100.44956	LAX_RV_SEPTUM	7	1.0	17
18.50564	-18.52916	-98.41749	LAX_RV_SEPTUM	7	1.0	17
15.59532	-17.72852	-97.53619	LAX_RV_SEPTUM	7	1.0	17
12.57424	-16.12722	-95.50413	LAX_RV_SEPTUM	7	1.0	17
9.55316	-14.52593	-93.47206	LAX_RV_SEPTUM	7	1.0	17
6.53209	-12.92464	-91.44000	LAX_RV_SEPTUM	7	1.0	17
3.51101	-11.32335	-89.40794	LAX_RV_SEPTUM	7	1.0	17
0.48994	-9.72206	-87.37588	LAX_RV_SEPTUM	7	1.0	17
-2.53114	-8.12076	-85.34382	LAX_RV_SEPTUM	7	1.0	17
-4.15243	-6.51947	-83.17703	LAX_RV_SEPTUM	7	1.0	17
-7.17351	-4.91818	-81.14497	LAX_RV_SEPTUM	7	1.0	17
-8.79480	-3.31689	-78.97818	LAX_RV_SEPTUM	7	1.0	17
-10.41610	-1.71560	-76.81140	LAX_RV_SEPTUM	7	1.0	17
-12.03739	-0.11430	-74.64461	LAX_RV_SEPTUM	7	1.0	17
-13.65868	1.48699	-72.47782	LAX_RV_SEPTUM	7	1.0	17
-15.27998	3.08828	-70.31104	LAX_RV_SEPTUM	7	1.0	17
-16.90127	4.68957	-68.14425	LAX_RV_SEPTUM	7	1.0	17
-19.92235	6.29086	-66.11219	LAX_RV_SEPTUM	7	1.0	17
-21.54364	7.89215	-63.94540	LAX_RV_SEPTUM	7	1.0	17
-23.16494	9.49345	-61.77862	LAX_RV_SEPTUM	7	1.0	17
-24.78623	11.09474	-59.61183	LAX_RV_SEPTUM	7	1.0	17
-25.00774	12.69603	-57.31032	LAX_RV_SEPTUM	7	1.0	17
19.04061	38.31668	-15.90551	LAX_LV_EPICARDIAL	7	1.0	17
16.35180	37.51603	-17.32571	LAX_LV_EPICARDIAL	7	1.0	17
-23.64802	23.10442	-42.08105	LAX_LV_EPICARDIAL	7	1.0	17
-23.42650	21.50313	-44.38256	LAX_LV_EPICARDIAL	7	1.0	17
-24.60477	19.90184	-46.81880	LAX_LV_EPICARDIAL	7	1.0	17
-25.78304	18.30055	-49.25503	LAX_LV_EPICARDIAL	7	1.0	17
-25.56153	16.69926	-51.55654	LAX_LV_EPICARDIAL	7	1.0	17
-25.34001	15.09797	-53.85805	LAX_LV_EPICARDIAL	7	1.0	17
27.34735	-21.73175	-102.21217	LAX_LV_EPICARDIAL	7	1.0	17
30.14691	-21.73175	-101.94272	LAX_LV_EPICARDIAL	7	1.0	17
32.94647	-21.73175	-101.67327	LAX_LV_EPICARDIAL	7	1.0	17
35.74604	-21.73175	-101.40382	LAX_LV_EPICARDIAL	7	1.0	17
38.54560	-21.73175	-101.13437	LAX_LV_EPICARDIAL	7	1.0	17
41.23440	-20.93110	-99.71417	LAX_LV_EPICARDIAL	7	1.0	17
43.92321	-20.13046	-98.29396	LAX_LV_EPICARDIAL	7	1.0	17
45.10148	-18.52917	-95.85773	LAX_LV_EPICARDIAL	7	1.0	17
47.67953	-16.92788	-93.28676	LAX_LV_EPICARDIAL	7	1.0	17
48.85780	-15.32659	-90.85053	LAX_LV_EPICARDIAL	7	1.0	17
50.03606	-13.72530	-88.41429	LAX_LV_EPICARDIAL	7	1.0	17
51.21433	-12.12401	-85.97806	LAX_LV_EPICARDIAL	7	1.0	17
52.39260	-10.52272	-83.54182	LAX_LV_EPICARDIAL	7	1.0	17
53.57087	-8.92142	-81.10559	LAX_LV_EPICARDIAL	7	1.0	17
54.74914	-7.32013	-78.66935	LAX_LV_EPICARDIAL	7	1.0	17
55.92741	-5.71884	-76.23312	LAX_LV_EPICARDIAL	7	1.0	17
55.70589	-4.11755	-73.93160	LAX_LV_EPICARDIAL	7	1.0	17
56.88416	-2.51626	-71.49537	LAX_LV_EPICARDIAL	7	1.0	17
56.66265	-0.91497	-69.19386	LAX_LV_EPICARDIAL	7	1.0	17
56.44113	0.68632	-66.89235	LAX_LV_EPICARDIAL	7	1.0	17
57.61940	2.28761	-64.45611	LAX_LV_EPICARDIAL	7	1.0	17
57.39789	3.88890	-62.15460	LAX_LV_EPICARDIAL	7	1.0	17
55.77660	5.49020	-59.98781	LAX_LV_EPICARDIAL	7	1.0	17
55.55508	7.09149	-57.68630	LAX_LV_EPICARDIAL	7	1.0	17
55.33357	8.69278	-55.38479	LAX_LV_EPICARDIAL	7	1.0	17
55.11206	10.29407	-53.08328	LAX_LV_EPICARDIAL	7	1.0	17
53.49076	11.89536	-50.91650	LAX_LV_EPICARDIAL	7	1.0	17
53.26925	13.49665	-48.61498	LAX_LV_EPICARDIAL	7	1.0	17
53.04774	15.09794	-46.31347	LAX_LV_EPICARDIAL	7	1.0	17
51.42644	16.69924	-44.14669	LAX_LV_EPICARDIAL	7	1.0	17
51.20493	18.30053	-41.84518	LAX_LV_EPICARDIAL	7	1.0	17
50.98342	19.90182	-39.54367	LAX_LV_EPICARDIAL	7	1.0	17
49.36212	21.50311	-37.37688	LAX_LV_EPICARDIAL	7	1.0	17
47.74083	23.10440	-35.21009	LAX_LV_EPICARDIAL	7	1.0	17
46.11953	24.70569	-33.04331	LAX_LV_EPICARDIAL	7	1.0	17
44.49824	26.30698	-30.87652	LAX_LV_EPICARDIAL	7	1.0	17
42.87694	27.90828	-28.70973	LAX_LV_EPICARDIAL	7	1.0	17
41.25565	29.50957	-26.54295	LAX_LV_EPICARDIAL	7	1.0	17
39.63436	31.11086	-24.37616	LAX_LV_EPICARDIAL	7	1.0	17
38.01306	32.71215	-22.20938	LAX_LV_EPICARDIAL	7	1.0	17
34.99199	34.31344	-20.17731	LAX_LV_EPICARDIAL	7	1.0	17
31.97091	35.91473	-18.14525	LAX_LV_EPICARDIAL	7	1.0	17
29.06059	36.71538	-17.26395	LAX_LV_EPICARDIAL	7	1.0	17
26.15027	37.51603	-16.38264	LAX_LV_EPICARDIAL	7	1.0	17
23.23995	38.31667	-15.50133	LAX_LV_EPICARDIAL	7	1.0	17
20.44039	38.31667	-15.77078	LAX_LV_EPICARDIAL	7	1.0	17
-19.44867	23.10442	-41.67688	LAX_LV_ENDOCARDIAL	7	1.0	17
-19.22716	21.50313	-43.97839	LAX_LV_ENDOCARDIAL	7	1.0	17
-19.00565	19.90184	-46.27990	LAX_LV_ENDOCARDIAL	7	1.0	17
-18.78413	18.30055	-48.58141	LAX_LV_ENDOCARDIAL	7	1.0	17
-18.56262	16.69925	-50.88292	LAX_LV_ENDOCARDIAL	7	1.0	17
-18.34111	15.09796	-53.18443	LAX_LV_ENDOCARDIAL	7	1.0	17
-16.71981	13.49667	-55.35122	LAX_LV_ENDOCARDIAL	7	1.0	17
-15.09852	11.89538	-57.51800	LAX_LV_ENDOCARDIAL	7	1.0	17
-13.47723	10.29409	-59.68479	LAX_LV_ENDOCARDIAL	7	1.0	17
-10.45615	8.69280	-61.71685	LAX_LV_ENDOCARDIAL	7	1.0	17
-7.43507	7.09150	-63.74891	LAX_LV_ENDOCARDIAL	7	1.0	17
-4.41400	5.49021	-65.78097	LAX_LV_ENDOCARDIAL	7	1.0	17
-2.79270	3.88892	-67.94776	LAX_LV_ENDOCARDIAL	7	1.0	17
-1.17141	2.28763	-70.11455	LAX_LV_ENDOCARDIAL	7	1.0	17
0.44988	0.68634	-72.28133	LAX_LV_ENDOCARDIAL	7	1.0	17
2.07118	-0.91495	-74.44812	LAX_LV_ENDOCARDIAL	7	1.0	17
3.69247	-2.51625	-76.61491	LAX_LV_ENDOCARDIAL	7	1.0	17
5.31377	-4.11754	-78.78169	LAX_LV_ENDOCARDIAL	7	1.0	17
6.93506	-5.71883	-80.94848	LAX_LV_ENDOCARDIAL	7	1.0	17
9.95614	-7.32012	-82.98054	LAX_LV_ENDOCARDIAL	7	1.0	17
11.57743	-8.92141	-85.14733	LAX_LV_ENDOCARDIAL	7	1.0	17
14.59851	-10.52270	-87.17939	LAX_LV_ENDOCARDIAL	7	1.0	17
17.61958	-12.12400	-89.21145	LAX_LV_ENDOCARDIAL	7	1.0	17
19.24088	-13.72529	-91.37824	LAX_LV_ENDOCARDIAL	7	1.0	17
22.15120	-14.52593	-92.25954	LAX_LV_ENDOCARDIAL	7	1.0	17
25.17227	-16.12723	-94.29160	LAX_LV_ENDOCARDIAL	7	1.0	17
28.19335	-17.72852	-96.32367	LAX_LV_ENDOCARDIAL	7	1.0	17
31.10367	-18.52917	-97.20497	LAX_LV_ENDOCARDIAL	7	1.0	17
34.01399	-19.32981	-98.08628	LAX_LV_ENDOCARDIAL	7	1.0	17
36.92430	-20.13046	-98.96758	LAX_LV_ENDOCARDIAL	7	1.0	17
39.61311	-19.32981	-97.54738	LAX_LV_ENDOCARDIAL	7	1.0	17
42.19116	-17.72852	-94.97642	LAX_LV_ENDOCARDIAL	7	1.0	17
43.36943	-16.12723	-92.54018	LAX_LV_ENDOCARDIAL	7	1.0	17
44.54770	-14.52594	-90.10395	LAX_LV_ENDOCARDIAL	7	1.0	17
44.32618	-12.92465	-87.80244	LAX_LV_ENDOCARDIAL	7	1.0	17
45.50445	-11.32336	-85.36620	LAX_LV_ENDOCARDIAL	7	1.0	17
46.68272	-9.72207	-82.92997	LAX_LV_ENDOCARDIAL	7	1.0	17
46.46121	-8.12078	-80.62845	LAX_LV_ENDOCARDIAL	7	1.0	17
47.63947	-6.51949	-78.19222	LAX_LV_ENDOCARDIAL	7	1.0	17
47.41796	-4.91819	-75.89071	LAX_LV_ENDOCARDIAL	7	1.0	17
48.59623	-3.31690	-73.45447	LAX_LV_ENDOCARDIAL	7	1.0	17
48.37472	-1.71561	-71.15296	LAX_LV_ENDOCARDIAL	7	1.0	17
49.55298	-0.11432	-68.71673	LAX_LV_ENDOCARDIAL	7	1.0	17
49.33147	1.48697	-66.41522	LAX_LV_ENDOCARDIAL	7	1.0	17
49.10996	3.08826	-64.11370	LAX_LV_ENDOCARDIAL	7	1.0	17
48.88845	4.68955	-61.81219	LAX_LV_ENDOCARDIAL	7	1.0	17
48.66693	6.29084	-59.51068	LAX_LV_ENDOCARDIAL	7	1.0	17
48.44542	7.89213	-57.20917	LAX_LV_ENDOCARDIAL	7	1.0	17
48.22391	9.49343	-54.90766	LAX_LV_ENDOCARDIAL	7	1.0	17
48.00239	11.09472	-52.60615	LAX_LV_ENDOCARDIAL	7	1.0	17
46.38110	12.69601	-50.43936	LAX_LV_ENDOCARDIAL	7	1.0	17
46.15959	14.29730	-48.13785	LAX_LV_ENDOCARDIAL	7	1.0	17
45.93807	15.89859	-45.83634	LAX_LV_ENDOCARDIAL	7	1.0	17
44.31678	17.49988	-43.66956	LAX_LV_ENDOCARDIAL	7	1.0	17
44.09527	19.10117	-41.36804	LAX_LV_ENDOCARDIAL	7	1.0	17
42.47397	20.70247	-39.20126	LAX_LV_ENDOCARDIAL	7	1.0	17
40.85268	22.30376	-37.03447	LAX_LV_ENDOCARDIAL	7	1.0	17
39.23138	23.90505	-34.86769	LAX_LV_ENDOCARDIAL	7	1.0	17
36.21031	25.50634	-32.83562	LAX_LV_ENDOCARDIAL	7	1.0	17
34.58901	27.10763	-30.66884	LAX_LV_ENDOCARDIAL	7	1.0	17
32.96772	28.70892	-28.50205	LAX_LV_ENDOCARDIAL	7	1.0	17
31.34642	30.31022	-26.33526	LAX_LV_ENDOCARDIAL	7	1.0	17
28.32535	31.91151	-24.30320	LAX_LV_ENDOCARDIAL	7	1.0	17
25.41503	32.71215	-23.42190	LAX_LV_ENDOCARDIAL	7	1.0	17
22.50471	33.51280	-22.54059	LAX_LV_ENDOCARDIAL	7	1.0	17
19.48363	35.11409	-20.50853	LAX_LV_ENDOCARDIAL	7	1.0	17
-59.22698	7.09152	-68.73373	LAX_RV_EPICARDIAL	7	1.0	17
-62.13730	7.89217	-67.85242	LAX_RV_EPICARDIAL	7	1.0	17
-64.82611	7.09152	-69.27262	LAX_RV_EPICARDIAL	7	1.0	17
-67.40415	5.49023	-71.84358	LAX_RV_EPICARDIAL	7	1.0	17
-68.58242	3.88894	-74.27982	LAX_RV_EPICARDIAL	7	1.0	17
-68.36091	2.28765	-76.58133	LAX_RV_EPICARDIAL	7	1.0	17
-68.13940	0.68636	-78.88284	LAX_RV_EPICARDIAL	7	1.0	17
-67.91788	-0.91493	-81.18435	LAX_RV_EPICARDIAL	7	1.0	17
-66.29659	-2.51623	-83.35114	LAX_RV_EPICARDIAL	7	1.0	17
-66.07508	-4.11752	-85.65265	LAX_RV_EPICARDIAL	7	1.0	17
-64.45378	-5.71881	-87.81944	LAX_RV_EPICARDIAL	7	1.0	17
-62.83249	-7.32010	-89.98622	LAX_RV_EPICARDIAL	7	1.0	17
-61.21119	-8.92139	-92.15301	LAX_RV_EPICARDIAL	7	1.0	17
-58.19012	-10.52268	-94.18507	LAX_RV_EPICARDIAL	7	1.0	17
-55.16904	-12.12398	-96.21713	LAX_RV_EPICARDIAL	7	1.0	17
-52.14797	-13.72527	-98.24919	LAX_RV_EPICARDIAL	7	1.0	17
-49.23765	-14.52591	-99.13050	LAX_RV_EPICARDIAL	7	1.0	17
-46.21657	-16.12721	-101.16256	LAX_RV_EPICARDIAL	7	1.0	17
-43.30625	-16.92785	-102.04387	LAX_RV_EPICARDIAL	7	1.0	17
-40.39593	-17.72850	-102.92517	LAX_RV_EPICARDIAL	7	1.0	17
-37.59637	-17.72850	-102.65572	LAX_RV_EPICARDIAL	7	1.0	17
-34.68605	-18.52915	-103.53703	LAX_RV_EPICARDIAL	7	1.0	17
-31.77573	-19.32979	-104.41834	LAX_RV_EPICARDIAL	7	1.0	17
-28.86541	-20.13044	-105.29964	LAX_RV_EPICARDIAL	7	1.0	17
-25.95510	-20.93109	-106.18095	LAX_RV_EPICARDIAL	7	1.0	17
-23.15553	-20.93109	-105.91150	LAX_RV_EPICARDIAL	7	1.0	17
-20.24521	-21.73173	-106.79281	LAX_RV_EPICARDIAL	7	1.0	17
-17.33489	-22.53238	-107.67411	LAX_RV_EPICARDIAL	7	1.0	17
-14.42458	-23.33303	-108.55542	LAX_RV_EPICARDIAL	7	1.0	17
-11.51426	-24.13367	-109.43672	LAX_RV_EPICARDIAL	7	1.0	17
-8.71469	-24.13367	-109.16727	LAX_RV_EPICARDIAL	7	1.0	17
-5.80438	-24.93432	-110.04858	LAX_RV_EPICARDIAL	7	1.0	17
-3.00481	-24.93432	-109.77913	LAX_RV_EPICARDIAL	7	1.0	17
-0.20525	-24.93432	-109.50968	LAX_RV_EPICARDIAL	7	1.0	17
2.59431	-24.93432	-109.24023	LAX_RV_EPICARDIAL	7	1.0	17
5.39387	-24.93432	-108.97078	LAX_RV_EPICARDIAL	7	1.0	17
8.30419	-25.73497	-109.85209	LAX_RV_EPICARDIAL	7	1.0	17
11.10376	-25.73497	-109.58264	LAX_RV_EPICARDIAL	7	1.0	17
13.90332	-25.73497	-109.31319	LAX_RV_EPICARDIAL	7	1.0	17
16.81364	-26.53562	-110.19450	LAX_RV_EPICARDIAL	7	1.0	17
19.50244	-25.73497	-108.77429	LAX_RV_EPICARDIAL	7	1.0	17
22.30201	-25.73497	-108.50484	LAX_RV_EPICARDIAL	7	1.0	17
24.99081	-24.93433	-107.08464	LAX_RV_EPICARDIAL	7	1.0	17
26.16908	-23.33304	-104.64840	LAX_RV_EPICARDIAL	7	1.0	17
23.03725	-20.93110	-101.46559	LAX_RV_EPICARDIAL	7	1.0	17
15.17353	35.91474	-19.76195	MITRAL_VALVE	7	1.0	17
-21.18072	25.50636	-38.35933	MITRAL_VALVE	7	1.0	17
-57.93796	7.89216	-67.44825	TRICUSPID_VALVE	7	1.0	17
-27.91806	13.49668	-56.42901	TRICUSPID_VALVE	7	1.0	17
38.54560	-21.73175	-101.13437	APEX_POINT	7	1.0	17
-11.34903	-15.79741	0.21895	LAX_RV_FREEWALL	11	1.0	17
-10.88531	-17.19117	-2.56135	LAX_RV_FREEWALL	11	1.0	17
-10.50699	-17.18129	-5.34827	LAX_RV_FREEWALL	11	1.0	17
-10.04327	-18.57505	-8.12858	LAX_RV_FREEWALL	11	1.0	17
-9.57954	-19.96881	-10.90888	LAX_RV_FREEWALL	11	1.0	17
-9.20123	-19.95893	-13.69580	LAX_RV_FREEWALL	11	1.0	17
-8.73750	-21.35269	-16.47611	LAX_RV_FREEWALL	11	1.0	17
-8.27377	-22.74645	-19.25641	LAX_RV_FREEWALL	11	1.0	17
-7.89546	-22.73657	-22.04333	LAX_RV_FREEWALL	11	1.0	17
-7.51715	-22.72669	-24.83026	LAX_RV_FREEWALL	11	1.0	17
-7.05342	-24.12045	-27.61056	LAX_RV_FREEWALL	11	1.0	17
-6.67510	-24.11057	-30.39748	LAX_RV_FREEWALL	11	1.0	17
-6.29679	-24.10070	-33.18441	LAX_RV_FREEWALL	11	1.0	17
-5.91848	-24.09082	-35.97133	LAX_RV_FREEWALL	11	1.0	17
-5.54017	-24.08094	-38.75825	LAX_RV_FREEWALL	11	1.0	17
-5.07644	-25.47470	-41.53856	LAX_RV_FREEWALL	11	1.0	17
-4.69813	-25.46482	-44.32548	LAX_RV_FREEWALL	11	1.0	17
-4.31982	-25.45494	-47.11240	LAX_RV_FREEWALL	11	1.0	17
-3.94150	-25.44506	-49.89933	LAX_RV_FREEWALL	11	1.0	17
-3.47778	-26.83882	-52.67963	LAX_RV_FREEWALL	11	1.0	17
-3.09946	-26.82894	-55.46655	LAX_RV_FREEWALL	11	1.0	17
-2.72115	-26.81906	-58.25348	LAX_RV_FREEWALL	11	1.0	17
-2.34284	-26.80918	-61.04040	LAX_RV_FREEWALL	11	1.0	17
-1.87911	-28.20294	-63.82070	LAX_RV_FREEWALL	11	1.0	17
-1.50080	-28.19307	-66.60763	LAX_RV_FREEWALL	11	1.0	17
-1.12249	-28.18319	-69.39455	LAX_RV_FREEWALL	11	1.0	17
-0.74417	-28.17331	-72.18147	LAX_RV_FREEWALL	11	1.0	17
-0.45128	-26.75979	-74.97502	LAX_RV_FREEWALL	11	1.0	17
-0.07297	-26.74991	-77.76194	LAX_RV_FREEWALL	11	1.0	17
0.39076	-28.14367	-80.54224	LAX_RV_FREEWALL	11	1.0	17
0.68366	-26.73015	-83.33579	LAX_RV_FREEWALL	11	1.0	17
1.06197	-26.72028	-86.12271	LAX_RV_FREEWALL	11	1.0	17
1.44028	-26.71040	-88.90963	LAX_RV_FREEWALL	11	1.0	17
1.81859	-26.70052	-91.69655	LAX_RV_FREEWALL	11	1.0	17
2.19691	-26.69064	-94.48348	LAX_RV_FREEWALL	11	1.0	17
2.57522	-26.68076	-97.27040	LAX_RV_FREEWALL	11	1.0	17
2.95353	-26.67088	-100.05732	LAX_RV_FREEWALL	11	1.0	17
3.33184	-26.66100	-102.84425	LAX_RV_FREEWALL	11	1.0	17
3.62474	-25.24749	-105.63779	LAX_RV_FREEWALL	11	1.0	17
3.91764	-23.83397	-108.43133	LAX_RV_FREEWALL	11	1.0	17
3.93596	-21.02175	-109.83803	LAX_RV_FREEWALL	11	1.0	17
3.76513	-18.21447	-109.85127	LAX_RV_FREEWALL	11	1.0	17
3.40514	-15.41214	-108.47105	LAX_RV_FREEWALL	11	1.0	17
3.04515	-12.60980	-107.09083	LAX_RV_FREEWALL	11	1.0	17
2.68517	-9.80746	-105.71060	LAX_RV_FREEWALL	11	1.0	17
2.32518	-7.00512	-104.33038	LAX_RV_FREEWALL	11	1.0	17
1.77603	-4.20772	-101.55670	LAX_RV_FREEWALL	11	1.0	17
1.41605	-1.40539	-100.17647	LAX_RV_FREEWALL	11	1.0	17
0.86690	1.39201	-97.40279	LAX_RV_FREEWALL	11	1.0	17
0.40317	2.78577	-94.62248	LAX_RV_FREEWALL	11	1.0	17
-0.14597	5.58317	-91.84880	LAX_RV_FREEWALL	11	1.0	17
-0.69511	8.38057	-89.07512	LAX_RV_FREEWALL	11	1.0	17
-0.71344	5.56835	-87.66842	LAX_RV_FREEWALL	11	1.0	17
-0.54261	2.76107	-87.65518	LAX_RV_SEPTUM	11	1.0	17
-0.56093	-0.05114	-86.24848	LAX_RV_SEPTUM	11	1.0	17
-0.57926	-2.86336	-84.84178	LAX_RV_SEPTUM	11	1.0	17
-0.78674	-5.68051	-82.04161	LAX_RV_SEPTUM	11	1.0	17
-0.80506	-8.49273	-80.63491	LAX_RV_SEPTUM	11	1.0	17
-1.01254	-11.30989	-77.83475	LAX_RV_SEPTUM	11	1.0	17
-1.30544	-12.72340	-75.04121	LAX_RV_SEPTUM	11	1.0	17
-1.68375	-12.73328	-72.25429	LAX_RV_SEPTUM	11	1.0	17
-1.97665	-14.14680	-69.46074	LAX_RV_SEPTUM	11	1.0	17
-2.35496	-14.15668	-66.67382	LAX_RV_SEPTUM	11	1.0	17
-2.73327	-14.16656	-63.88690	LAX_RV_SEPTUM	11	1.0	17
-3.11158	-14.17644	-61.09997	LAX_RV_SEPTUM	11	1.0	17
-3.48989	-14.18632	-58.31305	LAX_RV_SEPTUM	11	1.0	17
-3.78279	-15.59983	-55.51951	LAX_RV_SEPTUM	11	1.0	17
-4.16110	-15.60971	-52.73259	LAX_RV_SEPTUM	11	1.0	17
-4.53942	-15.61959	-49.94566	LAX_RV_SEPTUM	11	1.0	17
-4.91773	-15.62947	-47.15874	LAX_RV_SEPTUM	11	1.0	17
-5.38146	-14.23571	-44.37844	LAX_RV_SEPTUM	11	1.0	17
-5.75977	-14.24559	-41.59151	LAX_RV_SEPTUM	11	1.0	17
-6.22350	-12.85183	-38.81121	LAX_RV_SEPTUM	11	1.0	17
-6.68722	-11.45807	-36.03091	LAX_RV_SEPTUM	11	1.0	17
-7.15095	-10.06431	-33.25060	LAX_RV_SEPTUM	11	1.0	17
-7.52926	-10.07419	-30.46368	LAX_RV_SEPTUM	11	1.0	17
-7.99299	-8.68043	-27.68337	LAX_RV_SEPTUM	11	1.0	17
-8.45672	-7.28667	-24.90307	LAX_RV_SEPTUM	11	1.0	17
-8.83503	-7.29655	-22.11615	LAX_RV_SEPTUM	11	1.0	17
-9.29876	-5.90279	-19.33584	LAX_RV_SEPTUM	11	1.0	17
-9.76249	-4.50903	-16.55554	LAX_RV_SEPTUM	11	1.0	17
-10.22622	-3.11527	-13.77524	LAX_RV_SEPTUM	11	1.0	17
-10.68994	-1.72151	-10.99493	LAX_RV_SEPTUM	11	1.0	17
-11.36736	-18.60963	1.62565	LAX_RV_EPICARDIAL	11	1.0	17
-10.90363	-20.00339	-1.15465	LAX_RV_EPICARDIAL	11	1.0	17
-10.52532	-19.99351	-3.94157	LAX_RV_EPICARDIAL	11	1.0	17
-10.06159	-21.38727	-6.72188	LAX_RV_EPICARDIAL	11	1.0	17
-9.59786	-22.78103	-9.50218	LAX_RV_EPICARDIAL	11	1.0	17
-9.13413	-24.17479	-12.28248	LAX_RV_EPICARDIAL	11	1.0	17
-8.75582	-24.16491	-15.06941	LAX_RV_EPICARDIAL	11	1.0	17
-8.29209	-25.55867	-17.84971	LAX_RV_EPICARDIAL	11	1.0	17
-7.82837	-26.95243	-20.63002	LAX_RV_EPICARDIAL	11	1.0	17
-7.45005	-26.94255	-23.41694	LAX_RV_EPICARDIAL	11	1.0	17
-7.07174	-26.93267	-26.20386	LAX_RV_EPICARDIAL	11	1.0	17
-6.60801	-28.32643	-28.98417	LAX_RV_EPICARDIAL	11	1.0	17
-6.22970	-28.31655	-31.77109	LAX_RV_EPICARDIAL	11	1.0	17
-5.85139	-28.30667	-34.55801	LAX_RV_EPICARDIAL	11	1.0	17
-5.47308	-28.29679	-37.34493	LAX_RV_EPICARDIAL	11	1.0	17
-5.09476	-28.28691	-40.13186	LAX_RV_EPICARDIAL	11	1.0	17
-4.71645	-28.27704	-42.91878	LAX_RV_EPICARDIAL	11	1.0	17
-4.33814	-28.26716	-45.70570	LAX_RV_EPICARDIAL	11	1.0	17
-3.95983	-28.25728	-48.49263	LAX_RV_EPICARDIAL	11	1.0	17
-3.58152	-28.24740	-51.27955	LAX_RV_EPICARDIAL	11	1.0	17
-3.20320	-28.23752	-54.06647	LAX_RV_EPICARDIAL	11	1.0	17
-2.73948	-29.63128	-56.84678	LAX_RV_EPICARDIAL	11	1.0	17
-2.27575	-31.02504	-59.62708	LAX_RV_EPICARDIAL	11	1.0	17
-1.98285	-29.61152	-62.42062	LAX_RV_EPICARDIAL	11	1.0	17
-1.60454	-29.60164	-65.20755	LAX_RV_EPICARDIAL	11	1.0	17
-1.14081	-30.99540	-67.98785	LAX_RV_EPICARDIAL	11	1.0	17
-0.76250	-30.98552	-70.77477	LAX_RV_EPICARDIAL	11	1.0	17
-0.38419	-30.97565	-73.56170	LAX_RV_EPICARDIAL	11	1.0	17
-0.09129	-29.56213	-76.35524	LAX_RV_EPICARDIAL	11	1.0	17
0.28702	-29.55225	-79.14216	LAX_RV_EPICARDIAL	11	1.0	17
0.66533	-29.54237	-81.92909	LAX_RV_EPICARDIAL	11	1.0	17
1.04365	-29.53249	-84.71601	LAX_RV_EPICARDIAL	11	1.0	17
1.42196	-29.52261	-87.50293	LAX_RV_EPICARDIAL	11	1.0	17
1.80027	-29.51273	-90.28985	LAX_RV_EPICARDIAL	11	1.0	17
2.17858	-29.50286	-93.07678	LAX_RV_EPICARDIAL	11	1.0	17
2.55690	-29.49298	-95.86370	LAX_RV_EPICARDIAL	11	1.0	17
2.93521	-29.48310	-98.65062	LAX_RV_EPICARDIAL	11	1.0	17
3.31352	-29.47322	-101.43755	LAX_RV_EPICARDIAL	11	1.0	17
3.60642	-28.05970	-104.23109	LAX_RV_EPICARDIAL	11	1.0	17
3.98473	-28.04982	-107.01801	LAX_RV_EPICARDIAL	11	1.0	17
4.27762	-26.63631	-109.81156	LAX_RV_EPICARDIAL	11	1.0	17
4.57052	-25.22279	-112.60510	LAX_RV_EPICARDIAL	11	1.0	17
4.58884	-22.41057	-114.01180	LAX_RV_EPICARDIAL	11	1.0	17
4.41801	-19.60329	-114.02504	LAX_RV_EPICARDIAL	11	1.0	17
4.05803	-16.80096	-112.64481	LAX_RV_EPICARDIAL	11	1.0	17
3.88719	-13.99368	-112.65805	LAX_RV_EPICARDIAL	11	1.0	17
3.52721	-11.19134	-111.27783	LAX_RV_EPICARDIAL	11	1.0	17
3.16722	-8.38900	-109.89761	LAX_RV_EPICARDIAL	11	1.0	17
2.80723	-5.58667	-108.51738	LAX_RV_EPICARDIAL	11	1.0	17
2.25809	-2.78927	-105.74370	LAX_RV_EPICARDIAL	11	1.0	17
1.89810	0.01307	-104.36348	LAX_RV_EPICARDIAL	11	1.0	17
1.34895	2.81047	-101.58979	LAX_RV_EPICARDIAL	11	1.0	17
0.79981	5.60787	-98.81611	LAX_RV_EPICARDIAL	11	1.0	17
0.25067	8.40527	-96.04242	LAX_RV_EPICARDIAL	11	1.0	17
-0.29848	11.20266	-93.26874	LAX_RV_EPICARDIAL	11	1.0	17
-0.76221	12.59642	-90.48844	LAX_RV_EPICARDIAL	11	1.0	17
-0.86595	11.18785	-89.08835	LAX_RV_EPICARDIAL	11	1.0	17
-0.69511	8.38057	-89.07512	LAX_RV_EPICARDIAL	11	1.0	17
-12.00192	-14.40859	4.39272	PULMONARY_VALVE	11	1.0	17
-11.34283	-0.33269	-6.82117	PULMONARY_VALVE	11	1.0	17
