x	y	z	contour type	frameID	weight	time frame
-24.95295	-25.27687	-44.79938	SAX_RV_FREEWALL	3	1.0	12
-26.64951	-24.17210	-47.20538	SAX_RV_FREEWALL	3	1.0	12
-28.87720	-24.17210	-48.92223	SAX_RV_FREEWALL	3	1.0	12
-31.10489	-24.17210	-50.63907	SAX_RV_FREEWALL	3	1.0	12
-33.33258	-24.17211	-52.35592	SAX_RV_FREEWALL	3	1.0	12
-35.02915	-23.06734	-54.76192	SAX_RV_FREEWALL	3	1.0	12
-37.25684	-23.06734	-56.47877	SAX_RV_FREEWALL	3	1.0	12
-39.48452	-23.06734	-58.19561	SAX_RV_FREEWALL	3	1.0	12
-41.18109	-21.96258	-60.60162	SAX_RV_FREEWALL	3	1.0	12
-43.40878	-21.96258	-62.31846	SAX_RV_FREEWALL	3	1.0	12
-45.10535	-20.85781	-64.72446	SAX_RV_FREEWALL	3	1.0	12
-47.33304	-20.85782	-66.44131	SAX_RV_FREEWALL	3	1.0	12
-49.02960	-19.75305	-68.84731	SAX_RV_FREEWALL	3	1.0	12
-50.72617	-18.64828	-71.25331	SAX_RV_FREEWALL	3	1.0	12
-52.42274	-17.54352	-73.65932	SAX_RV_FREEWALL	3	1.0	12
-52.47434	-15.33398	-75.89605	SAX_RV_FREEWALL	3	1.0	12
-51.41210	-13.12445	-77.27437	SAX_RV_FREEWALL	3	1.0	12
-51.46370	-10.91491	-79.51110	SAX_RV_FREEWALL	3	1.0	12
-50.40146	-8.70537	-80.88942	SAX_RV_FREEWALL	3	1.0	12
-47.11153	-6.49584	-80.55088	SAX_RV_FREEWALL	3	1.0	12
-43.82160	-4.28630	-80.21235	SAX_RV_FREEWALL	3	1.0	12
-41.64551	-2.07676	-80.73224	SAX_RV_FREEWALL	3	1.0	12
-38.35558	0.13278	-80.39371	SAX_RV_FREEWALL	3	1.0	12
-35.06565	2.34232	-80.05518	SAX_RV_FREEWALL	3	1.0	12
-31.77572	4.55186	-79.71665	SAX_RV_FREEWALL	3	1.0	12
-29.59964	6.76139	-80.23654	SAX_RV_FREEWALL	3	1.0	12
-26.84083	7.86617	-79.20885	SAX_RV_FREEWALL	3	1.0	12
-23.55090	10.07570	-78.87032	SAX_RV_FREEWALL	3	1.0	12
-20.79209	11.18047	-77.84263	SAX_RV_FREEWALL	3	1.0	12
-18.03328	12.28524	-76.81494	SAX_RV_FREEWALL	3	1.0	12
-15.80559	12.28525	-75.09809	SAX_RV_FREEWALL	3	1.0	12
9.90094	-15.33392	-27.82438	SAX_RV_FREEWALL	3	1.0	12
7.14213	-16.43869	-28.85206	SAX_RV_FREEWALL	3	1.0	12
4.38332	-17.54346	-29.87975	SAX_RV_FREEWALL	3	1.0	12
1.62451	-18.64823	-30.90744	SAX_RV_FREEWALL	3	1.0	12
-1.66542	-20.85777	-31.24597	SAX_RV_FREEWALL	3	1.0	12
-4.42423	-21.96254	-32.27366	SAX_RV_FREEWALL	3	1.0	12
-6.65192	-21.96254	-33.99051	SAX_RV_FREEWALL	3	1.0	12
-9.41073	-23.06731	-35.01820	SAX_RV_FREEWALL	3	1.0	12
-12.16954	-24.17209	-36.04589	SAX_RV_FREEWALL	3	1.0	12
-14.92835	-25.27686	-37.07358	SAX_RV_FREEWALL	3	1.0	12
-17.15604	-25.27686	-38.79042	SAX_RV_FREEWALL	3	1.0	12
-19.38373	-25.27686	-40.50727	SAX_RV_FREEWALL	3	1.0	12
-21.61141	-25.27686	-42.22411	SAX_RV_FREEWALL	3	1.0	12
-23.83910	-25.27686	-43.94096	SAX_RV_FREEWALL	3	1.0	12
-29.88784	-28.59117	-45.30718	SAX_RV_EPICARDIAL	3	1.0	12
-31.58441	-27.48641	-47.71318	SAX_RV_EPICARDIAL	3	1.0	12
-33.81210	-27.48641	-49.43003	SAX_RV_EPICARDIAL	3	1.0	12
-36.03979	-27.48641	-51.14687	SAX_RV_EPICARDIAL	3	1.0	12
-38.26748	-27.48641	-52.86372	SAX_RV_EPICARDIAL	3	1.0	12
-39.96404	-26.38165	-55.26972	SAX_RV_EPICARDIAL	3	1.0	12
-42.19173	-26.38165	-56.98657	SAX_RV_EPICARDIAL	3	1.0	12
-44.41942	-26.38165	-58.70341	SAX_RV_EPICARDIAL	3	1.0	12
-46.64711	-26.38166	-60.42026	SAX_RV_EPICARDIAL	3	1.0	12
-48.87480	-26.38166	-62.13710	SAX_RV_EPICARDIAL	3	1.0	12
-50.57136	-25.27689	-64.54311	SAX_RV_EPICARDIAL	3	1.0	12
-52.26793	-24.17213	-66.94911	SAX_RV_EPICARDIAL	3	1.0	12
-53.96450	-23.06736	-69.35511	SAX_RV_EPICARDIAL	3	1.0	12
-55.66107	-21.96259	-71.76111	SAX_RV_EPICARDIAL	3	1.0	12
-56.82651	-19.75306	-74.85627	SAX_RV_EPICARDIAL	3	1.0	12
-55.76427	-17.54352	-76.23459	SAX_RV_EPICARDIAL	3	1.0	12
-55.81587	-15.33399	-78.47132	SAX_RV_EPICARDIAL	3	1.0	12
-55.86748	-13.12445	-80.70806	SAX_RV_EPICARDIAL	3	1.0	12
-53.69139	-10.91491	-81.22795	SAX_RV_EPICARDIAL	3	1.0	12
-51.51530	-8.70538	-81.74784	SAX_RV_EPICARDIAL	3	1.0	12
-49.33922	-6.49584	-82.26773	SAX_RV_EPICARDIAL	3	1.0	12
-48.27698	-4.28630	-83.64604	SAX_RV_EPICARDIAL	3	1.0	12
-44.98705	-2.07676	-83.30751	SAX_RV_EPICARDIAL	3	1.0	12
-42.81096	0.13277	-83.82740	SAX_RV_EPICARDIAL	3	1.0	12
-39.52103	2.34231	-83.48887	SAX_RV_EPICARDIAL	3	1.0	12
-36.23110	4.55185	-83.15034	SAX_RV_EPICARDIAL	3	1.0	12
-32.94117	6.76139	-82.81181	SAX_RV_EPICARDIAL	3	1.0	12
-29.65124	8.97093	-82.47327	SAX_RV_EPICARDIAL	3	1.0	12
-26.36131	11.18047	-82.13474	SAX_RV_EPICARDIAL	3	1.0	12
-23.07138	13.39001	-81.79621	SAX_RV_EPICARDIAL	3	1.0	12
-20.31257	14.49478	-80.76852	SAX_RV_EPICARDIAL	3	1.0	12
-17.02264	16.70432	-80.42999	SAX_RV_EPICARDIAL	3	1.0	12
-14.79495	16.70432	-78.71314	SAX_RV_EPICARDIAL	3	1.0	12
-12.56726	16.70432	-76.99630	SAX_RV_EPICARDIAL	3	1.0	12
-11.93294	13.39002	-73.21198	SAX_RV_EPICARDIAL	3	1.0	12
-12.99518	11.18048	-71.83367	SAX_RV_EPICARDIAL	3	1.0	12
13.19087	-13.12438	-27.48584	SAX_RV_EPICARDIAL	3	1.0	12
14.88743	-14.22915	-25.07984	SAX_RV_EPICARDIAL	3	1.0	12
12.71135	-16.43869	-24.55995	SAX_RV_EPICARDIAL	3	1.0	12
9.42142	-18.64823	-24.89848	SAX_RV_EPICARDIAL	3	1.0	12
6.66261	-19.75300	-25.92617	SAX_RV_EPICARDIAL	3	1.0	12
3.90380	-20.85777	-26.95386	SAX_RV_EPICARDIAL	3	1.0	12
0.61387	-23.06730	-27.29239	SAX_RV_EPICARDIAL	3	1.0	12
-2.14494	-24.17208	-28.32008	SAX_RV_EPICARDIAL	3	1.0	12
-4.90375	-25.27685	-29.34777	SAX_RV_EPICARDIAL	3	1.0	12
-7.66256	-26.38162	-30.37546	SAX_RV_EPICARDIAL	3	1.0	12
-10.42137	-27.48639	-31.40315	SAX_RV_EPICARDIAL	3	1.0	12
-13.18018	-28.59116	-32.43084	SAX_RV_EPICARDIAL	3	1.0	12
-15.40787	-28.59116	-34.14768	SAX_RV_EPICARDIAL	3	1.0	12
-17.63556	-28.59116	-35.86453	SAX_RV_EPICARDIAL	3	1.0	12
-19.86324	-28.59116	-37.58137	SAX_RV_EPICARDIAL	3	1.0	12
-22.09093	-28.59117	-39.29822	SAX_RV_EPICARDIAL	3	1.0	12
-24.31862	-28.59117	-41.01507	SAX_RV_EPICARDIAL	3	1.0	12
-26.54631	-28.59117	-42.73191	SAX_RV_EPICARDIAL	3	1.0	12
-28.77400	-28.59117	-44.44876	SAX_RV_EPICARDIAL	3	1.0	12
-14.10902	11.18048	-72.69209	SAX_RV_SEPTUM	3	1.0	12
-12.41245	10.07571	-70.28609	SAX_RV_SEPTUM	3	1.0	12
-12.36085	7.86618	-68.04935	SAX_RV_SEPTUM	3	1.0	12
-12.30925	5.65664	-65.81262	SAX_RV_SEPTUM	3	1.0	12
-12.25765	3.44711	-63.57588	SAX_RV_SEPTUM	3	1.0	12
-12.20604	1.23757	-61.33914	SAX_RV_SEPTUM	3	1.0	12
-12.15444	-0.97196	-59.10241	SAX_RV_SEPTUM	3	1.0	12
-10.98900	-3.18150	-56.00725	SAX_RV_SEPTUM	3	1.0	12
-10.93739	-5.39103	-53.77051	SAX_RV_SEPTUM	3	1.0	12
-9.77195	-7.60057	-50.67535	SAX_RV_SEPTUM	3	1.0	12
-8.60650	-9.81010	-47.58019	SAX_RV_SEPTUM	3	1.0	12
-6.90993	-10.91487	-45.17419	SAX_RV_SEPTUM	3	1.0	12
-5.21337	-12.01963	-42.76819	SAX_RV_SEPTUM	3	1.0	12
-3.51680	-13.12440	-40.36219	SAX_RV_SEPTUM	3	1.0	12
-1.28911	-13.12440	-38.64534	SAX_RV_SEPTUM	3	1.0	12
0.93858	-13.12439	-36.92849	SAX_RV_SEPTUM	3	1.0	12
3.16627	-13.12439	-35.21165	SAX_RV_SEPTUM	3	1.0	12
5.39396	-13.12439	-33.49480	SAX_RV_SEPTUM	3	1.0	12
7.62164	-13.12439	-31.77796	SAX_RV_SEPTUM	3	1.0	12
9.84933	-13.12439	-30.06111	SAX_RV_SEPTUM	3	1.0	12
12.07702	-13.12438	-28.34427	SAX_RV_SEPTUM	3	1.0	12
-9.75685	15.59956	-73.73187	SAX_LV_EPICARDIAL	3	1.0	12
-8.69461	17.80909	-75.11018	SAX_LV_EPICARDIAL	3	1.0	12
-7.63237	20.01863	-76.48850	SAX_LV_EPICARDIAL	3	1.0	12
-5.45628	22.22817	-77.00839	SAX_LV_EPICARDIAL	3	1.0	12
-3.28019	24.43770	-77.52828	SAX_LV_EPICARDIAL	3	1.0	12
-1.10411	26.64724	-78.04817	SAX_LV_EPICARDIAL	3	1.0	12
2.18582	28.85678	-77.70964	SAX_LV_EPICARDIAL	3	1.0	12
5.47575	31.06632	-77.37111	SAX_LV_EPICARDIAL	3	1.0	12
8.76568	33.27586	-77.03257	SAX_LV_EPICARDIAL	3	1.0	12
11.52449	34.38063	-76.00488	SAX_LV_EPICARDIAL	3	1.0	12
14.28330	35.48540	-74.97720	SAX_LV_EPICARDIAL	3	1.0	12
17.04211	36.59017	-73.94951	SAX_LV_EPICARDIAL	3	1.0	12
19.80092	37.69494	-72.92182	SAX_LV_EPICARDIAL	3	1.0	12
22.55973	38.79971	-71.89413	SAX_LV_EPICARDIAL	3	1.0	12
24.78742	38.79971	-70.17728	SAX_LV_EPICARDIAL	3	1.0	12
27.01511	38.79972	-68.46044	SAX_LV_EPICARDIAL	3	1.0	12
29.77392	39.90449	-67.43275	SAX_LV_EPICARDIAL	3	1.0	12
32.00161	39.90449	-65.71590	SAX_LV_EPICARDIAL	3	1.0	12
34.22929	39.90449	-63.99906	SAX_LV_EPICARDIAL	3	1.0	12
36.45698	39.90449	-62.28221	SAX_LV_EPICARDIAL	3	1.0	12
38.15355	38.79973	-59.87621	SAX_LV_EPICARDIAL	3	1.0	12
40.38124	38.79973	-58.15936	SAX_LV_EPICARDIAL	3	1.0	12
42.07781	37.69496	-55.75336	SAX_LV_EPICARDIAL	3	1.0	12
43.24325	35.48543	-52.65820	SAX_LV_EPICARDIAL	3	1.0	12
44.93982	34.38066	-50.25220	SAX_LV_EPICARDIAL	3	1.0	12
46.10527	32.17113	-47.15704	SAX_LV_EPICARDIAL	3	1.0	12
47.27071	29.96159	-44.06188	SAX_LV_EPICARDIAL	3	1.0	12
47.32232	27.75206	-41.82515	SAX_LV_EPICARDIAL	3	1.0	12
47.37392	25.54252	-39.58841	SAX_LV_EPICARDIAL	3	1.0	12
47.42552	23.33299	-37.35167	SAX_LV_EPICARDIAL	3	1.0	12
47.47712	21.12345	-35.11494	SAX_LV_EPICARDIAL	3	1.0	12
46.41488	18.91392	-33.73662	SAX_LV_EPICARDIAL	3	1.0	12
46.46648	16.70438	-31.49989	SAX_LV_EPICARDIAL	3	1.0	12
45.40424	14.49484	-30.12157	SAX_LV_EPICARDIAL	3	1.0	12
44.34200	12.28531	-28.74326	SAX_LV_EPICARDIAL	3	1.0	12
43.27976	10.07577	-27.36495	SAX_LV_EPICARDIAL	3	1.0	12
42.21752	7.86623	-25.98663	SAX_LV_EPICARDIAL	3	1.0	12
41.15527	5.65670	-24.60832	SAX_LV_EPICARDIAL	3	1.0	12
38.97919	3.44716	-24.08843	SAX_LV_EPICARDIAL	3	1.0	12
36.80310	1.23762	-23.56854	SAX_LV_EPICARDIAL	3	1.0	12
34.62702	-0.97192	-23.04865	SAX_LV_EPICARDIAL	3	1.0	12
31.33708	-3.18145	-23.38718	SAX_LV_EPICARDIAL	3	1.0	12
29.16100	-5.39099	-22.86729	SAX_LV_EPICARDIAL	3	1.0	12
26.40219	-6.49576	-23.89498	SAX_LV_EPICARDIAL	3	1.0	12
23.11226	-8.70530	-24.23351	SAX_LV_EPICARDIAL	3	1.0	12
20.35345	-9.81007	-25.26120	SAX_LV_EPICARDIAL	3	1.0	12
17.59464	-10.91484	-26.28889	SAX_LV_EPICARDIAL	3	1.0	12
10.17404	-3.18148	-39.69721	SAX_LV_ENDOCARDIAL	3	1.0	12
8.47748	-2.07671	-42.10322	SAX_LV_ENDOCARDIAL	3	1.0	12
6.24979	-2.07671	-43.82006	SAX_LV_ENDOCARDIAL	3	1.0	12
4.55322	-0.97195	-46.22606	SAX_LV_ENDOCARDIAL	3	1.0	12
2.85665	0.13282	-48.63207	SAX_LV_ENDOCARDIAL	3	1.0	12
1.16009	1.23759	-51.03807	SAX_LV_ENDOCARDIAL	3	1.0	12
-0.00536	3.44712	-54.13323	SAX_LV_ENDOCARDIAL	3	1.0	12
-1.17081	5.65666	-57.22839	SAX_LV_ENDOCARDIAL	3	1.0	12
-2.33625	7.86619	-60.32355	SAX_LV_ENDOCARDIAL	3	1.0	12
-1.27401	10.07573	-61.70186	SAX_LV_ENDOCARDIAL	3	1.0	12
-1.32561	12.28526	-63.93860	SAX_LV_ENDOCARDIAL	3	1.0	12
-0.26337	14.49480	-65.31691	SAX_LV_ENDOCARDIAL	3	1.0	12
0.79887	16.70433	-66.69522	SAX_LV_ENDOCARDIAL	3	1.0	12
1.86111	18.91387	-68.07354	SAX_LV_ENDOCARDIAL	3	1.0	12
4.03720	21.12341	-68.59343	SAX_LV_ENDOCARDIAL	3	1.0	12
7.32713	23.33295	-68.25489	SAX_LV_ENDOCARDIAL	3	1.0	12
9.50321	25.54249	-68.77479	SAX_LV_ENDOCARDIAL	3	1.0	12
12.26202	26.64726	-67.74710	SAX_LV_ENDOCARDIAL	3	1.0	12
15.55195	28.85679	-67.40856	SAX_LV_ENDOCARDIAL	3	1.0	12
17.77964	28.85680	-65.69172	SAX_LV_ENDOCARDIAL	3	1.0	12
20.53845	29.96157	-64.66403	SAX_LV_ENDOCARDIAL	3	1.0	12
22.76614	29.96157	-62.94718	SAX_LV_ENDOCARDIAL	3	1.0	12
24.99383	29.96157	-61.23034	SAX_LV_ENDOCARDIAL	3	1.0	12
27.22152	29.96157	-59.51349	SAX_LV_ENDOCARDIAL	3	1.0	12
29.44921	29.96158	-57.79665	SAX_LV_ENDOCARDIAL	3	1.0	12
31.14577	28.85681	-55.39064	SAX_LV_ENDOCARDIAL	3	1.0	12
32.84234	27.75204	-52.98464	SAX_LV_ENDOCARDIAL	3	1.0	12
34.53891	26.64728	-50.57864	SAX_LV_ENDOCARDIAL	3	1.0	12
36.23548	25.54251	-48.17264	SAX_LV_ENDOCARDIAL	3	1.0	12
37.40092	23.33298	-45.07748	SAX_LV_ENDOCARDIAL	3	1.0	12
37.45252	21.12344	-42.84074	SAX_LV_ENDOCARDIAL	3	1.0	12
38.61797	18.91391	-39.74558	SAX_LV_ENDOCARDIAL	3	1.0	12
38.66957	16.70437	-37.50885	SAX_LV_ENDOCARDIAL	3	1.0	12
38.72118	14.49484	-35.27211	SAX_LV_ENDOCARDIAL	3	1.0	12
37.65893	12.28530	-33.89380	SAX_LV_ENDOCARDIAL	3	1.0	12
36.59669	10.07576	-32.51548	SAX_LV_ENDOCARDIAL	3	1.0	12
35.53445	7.86623	-31.13717	SAX_LV_ENDOCARDIAL	3	1.0	12
33.35836	5.65669	-30.61728	SAX_LV_ENDOCARDIAL	3	1.0	12
32.29612	3.44715	-29.23897	SAX_LV_ENDOCARDIAL	3	1.0	12
29.00619	1.23761	-29.57750	SAX_LV_ENDOCARDIAL	3	1.0	12
25.71626	-0.97192	-29.91603	SAX_LV_ENDOCARDIAL	3	1.0	12
22.95745	-2.07670	-30.94372	SAX_LV_ENDOCARDIAL	3	1.0	12
20.72976	-2.07670	-32.66057	SAX_LV_ENDOCARDIAL	3	1.0	12
18.50208	-2.07670	-34.37741	SAX_LV_ENDOCARDIAL	3	1.0	12
15.74327	-3.18147	-35.40510	SAX_LV_ENDOCARDIAL	3	1.0	12
13.51558	-3.18147	-37.12195	SAX_LV_ENDOCARDIAL	3	1.0	12
11.28789	-3.18147	-38.83879	SAX_LV_ENDOCARDIAL	3	1.0	12
9.90094	-15.33392	-27.82438	RV_INSERT	3	1.0	12
-14.10902	11.18048	-72.69209	RV_INSERT	3	1.0	12
-27.70659	-31.80881	-68.87058	SAX_RV_FREEWALL	4	1.0	12
-29.40316	-30.70404	-71.27658	SAX_RV_FREEWALL	4	1.0	12
-31.09973	-29.59927	-73.68259	SAX_RV_FREEWALL	4	1.0	12
-32.79630	-28.49451	-76.08859	SAX_RV_FREEWALL	4	1.0	12
-34.49286	-27.38974	-78.49459	SAX_RV_FREEWALL	4	1.0	12
-35.65831	-25.18021	-81.58975	SAX_RV_FREEWALL	4	1.0	12
-35.70991	-22.97067	-83.82649	SAX_RV_FREEWALL	4	1.0	12
-35.76152	-20.76114	-86.06322	SAX_RV_FREEWALL	4	1.0	12
-34.69927	-18.55160	-87.44154	SAX_RV_FREEWALL	4	1.0	12
-32.52319	-16.34206	-87.96143	SAX_RV_FREEWALL	4	1.0	12
-29.23326	-14.13252	-87.62289	SAX_RV_FREEWALL	4	1.0	12
-27.05717	-11.92299	-88.14279	SAX_RV_FREEWALL	4	1.0	12
-23.76724	-9.71345	-87.80425	SAX_RV_FREEWALL	4	1.0	12
-20.47731	-7.50391	-87.46572	SAX_RV_FREEWALL	4	1.0	12
-18.30122	-5.29437	-87.98561	SAX_RV_FREEWALL	4	1.0	12
-15.01129	-3.08483	-87.64708	SAX_RV_FREEWALL	4	1.0	12
-11.72136	-0.87529	-87.30855	SAX_RV_FREEWALL	4	1.0	12
-8.43143	1.33425	-86.97002	SAX_RV_FREEWALL	4	1.0	12
-5.67262	2.43902	-85.94233	SAX_RV_FREEWALL	4	1.0	12
-2.91381	3.54379	-84.91464	SAX_RV_FREEWALL	4	1.0	12
6.61617	-22.97063	-51.20642	SAX_RV_FREEWALL	4	1.0	12
3.85736	-24.07540	-52.23411	SAX_RV_FREEWALL	4	1.0	12
1.62967	-24.07540	-53.95095	SAX_RV_FREEWALL	4	1.0	12
-0.59802	-24.07540	-55.66780	SAX_RV_FREEWALL	4	1.0	12
-3.35683	-25.18018	-56.69549	SAX_RV_FREEWALL	4	1.0	12
-5.58452	-25.18018	-58.41233	SAX_RV_FREEWALL	4	1.0	12
-8.34333	-26.28495	-59.44002	SAX_RV_FREEWALL	4	1.0	12
-11.10214	-27.38972	-60.46771	SAX_RV_FREEWALL	4	1.0	12
-13.86094	-28.49449	-61.49540	SAX_RV_FREEWALL	4	1.0	12
-16.61975	-29.59926	-62.52309	SAX_RV_FREEWALL	4	1.0	12
-19.37856	-30.70403	-63.55078	SAX_RV_FREEWALL	4	1.0	12
-21.60625	-30.70403	-65.26762	SAX_RV_FREEWALL	4	1.0	12
-23.83394	-30.70403	-66.98447	SAX_RV_FREEWALL	4	1.0	12
-26.59275	-31.80880	-68.01216	SAX_RV_FREEWALL	4	1.0	12
-31.52765	-35.12311	-68.51996	SAX_RV_EPICARDIAL	4	1.0	12
-33.22421	-34.01835	-70.92596	SAX_RV_EPICARDIAL	4	1.0	12
-34.92078	-32.91358	-73.33196	SAX_RV_EPICARDIAL	4	1.0	12
-36.61735	-31.80881	-75.73796	SAX_RV_EPICARDIAL	4	1.0	12
-37.78279	-29.59928	-78.83312	SAX_RV_EPICARDIAL	4	1.0	12
-38.94824	-27.38975	-81.92828	SAX_RV_EPICARDIAL	4	1.0	12
-40.64481	-26.28498	-84.33428	SAX_RV_EPICARDIAL	4	1.0	12
-40.69641	-24.07544	-86.57102	SAX_RV_EPICARDIAL	4	1.0	12
-39.63417	-21.86591	-87.94933	SAX_RV_EPICARDIAL	4	1.0	12
-38.57193	-19.65637	-89.32765	SAX_RV_EPICARDIAL	4	1.0	12
-36.39584	-17.44683	-89.84754	SAX_RV_EPICARDIAL	4	1.0	12
-34.21975	-15.23730	-90.36743	SAX_RV_EPICARDIAL	4	1.0	12
-32.04367	-13.02776	-90.88732	SAX_RV_EPICARDIAL	4	1.0	12
-28.75374	-10.81822	-90.54879	SAX_RV_EPICARDIAL	4	1.0	12
-26.57765	-8.60868	-91.06868	SAX_RV_EPICARDIAL	4	1.0	12
-23.28772	-6.39914	-90.73015	SAX_RV_EPICARDIAL	4	1.0	12
-21.11164	-4.18961	-91.25004	SAX_RV_EPICARDIAL	4	1.0	12
-17.82171	-1.98007	-90.91150	SAX_RV_EPICARDIAL	4	1.0	12
-14.53178	0.22947	-90.57297	SAX_RV_EPICARDIAL	4	1.0	12
-11.24184	2.43901	-90.23444	SAX_RV_EPICARDIAL	4	1.0	12
-7.95191	4.64855	-89.89591	SAX_RV_EPICARDIAL	4	1.0	12
-4.66198	6.85809	-89.55738	SAX_RV_EPICARDIAL	4	1.0	12
-1.90317	7.96286	-88.52969	SAX_RV_EPICARDIAL	4	1.0	12
0.32451	7.96286	-86.81284	SAX_RV_EPICARDIAL	4	1.0	12
1.48996	5.75333	-83.71768	SAX_RV_EPICARDIAL	4	1.0	12
-0.68613	3.54379	-83.19779	SAX_RV_EPICARDIAL	4	1.0	12
10.48882	-21.86586	-49.32031	SAX_RV_EPICARDIAL	4	1.0	12
10.54042	-24.07539	-47.08357	SAX_RV_EPICARDIAL	4	1.0	12
7.78161	-25.18016	-48.11126	SAX_RV_EPICARDIAL	4	1.0	12
5.02280	-26.28493	-49.13895	SAX_RV_EPICARDIAL	4	1.0	12
2.79512	-26.28494	-50.85580	SAX_RV_EPICARDIAL	4	1.0	12
0.03631	-27.38971	-51.88348	SAX_RV_EPICARDIAL	4	1.0	12
-2.19138	-27.38971	-53.60033	SAX_RV_EPICARDIAL	4	1.0	12
-4.41907	-27.38971	-55.31718	SAX_RV_EPICARDIAL	4	1.0	12
-7.70900	-29.59925	-55.65571	SAX_RV_EPICARDIAL	4	1.0	12
-10.46781	-30.70402	-56.68340	SAX_RV_EPICARDIAL	4	1.0	12
-13.22662	-31.80879	-57.71109	SAX_RV_EPICARDIAL	4	1.0	12
-15.98543	-32.91356	-58.73877	SAX_RV_EPICARDIAL	4	1.0	12
-18.74424	-34.01833	-59.76646	SAX_RV_EPICARDIAL	4	1.0	12
-20.97193	-34.01833	-61.48331	SAX_RV_EPICARDIAL	4	1.0	12
-23.19961	-34.01834	-63.20015	SAX_RV_EPICARDIAL	4	1.0	12
-25.95842	-35.12311	-64.22784	SAX_RV_EPICARDIAL	4	1.0	12
-28.18611	-35.12311	-65.94469	SAX_RV_EPICARDIAL	4	1.0	12
-30.41380	-35.12311	-67.66153	SAX_RV_EPICARDIAL	4	1.0	12
-0.68613	3.54379	-83.19779	SAX_RV_SEPTUM	4	1.0	12
-1.74837	1.33425	-81.81948	SAX_RV_SEPTUM	4	1.0	12
-1.69677	-0.87528	-79.58274	SAX_RV_SEPTUM	4	1.0	12
-1.64516	-3.08482	-77.34601	SAX_RV_SEPTUM	4	1.0	12
-1.59356	-5.29435	-75.10927	SAX_RV_SEPTUM	4	1.0	12
-2.65580	-7.50389	-73.73096	SAX_RV_SEPTUM	4	1.0	12
-2.60420	-9.71343	-71.49422	SAX_RV_SEPTUM	4	1.0	12
-1.43875	-11.92296	-68.39906	SAX_RV_SEPTUM	4	1.0	12
-1.38715	-14.13250	-66.16232	SAX_RV_SEPTUM	4	1.0	12
0.30942	-15.23726	-63.75632	SAX_RV_SEPTUM	4	1.0	12
1.47486	-17.44680	-60.66116	SAX_RV_SEPTUM	4	1.0	12
3.17143	-18.55156	-58.25516	SAX_RV_SEPTUM	4	1.0	12
5.39912	-18.55156	-56.53832	SAX_RV_SEPTUM	4	1.0	12
7.09569	-19.65633	-54.13231	SAX_RV_SEPTUM	4	1.0	12
8.79225	-20.76109	-51.72631	SAX_RV_SEPTUM	4	1.0	12
9.37498	-21.86586	-50.17873	SAX_RV_SEPTUM	4	1.0	12
13.83035	-21.86585	-46.74504	SAX_LV_EPICARDIAL	4	1.0	12
3.66605	7.96286	-84.23757	SAX_LV_EPICARDIAL	4	1.0	12
5.84213	10.17240	-84.75746	SAX_LV_EPICARDIAL	4	1.0	12
8.01822	12.38194	-85.27735	SAX_LV_EPICARDIAL	4	1.0	12
10.19430	14.59148	-85.79724	SAX_LV_EPICARDIAL	4	1.0	12
12.37039	16.80102	-86.31714	SAX_LV_EPICARDIAL	4	1.0	12
15.66032	19.01055	-85.97860	SAX_LV_EPICARDIAL	4	1.0	12
18.95025	21.22009	-85.64007	SAX_LV_EPICARDIAL	4	1.0	12
21.70906	22.32486	-84.61238	SAX_LV_EPICARDIAL	4	1.0	12
24.46787	23.42963	-83.58469	SAX_LV_EPICARDIAL	4	1.0	12
27.22668	24.53440	-82.55700	SAX_LV_EPICARDIAL	4	1.0	12
29.98549	25.63917	-81.52932	SAX_LV_EPICARDIAL	4	1.0	12
32.21318	25.63918	-79.81247	SAX_LV_EPICARDIAL	4	1.0	12
34.44087	25.63918	-78.09562	SAX_LV_EPICARDIAL	4	1.0	12
36.66855	25.63918	-76.37878	SAX_LV_EPICARDIAL	4	1.0	12
38.89624	25.63918	-74.66193	SAX_LV_EPICARDIAL	4	1.0	12
41.12393	25.63919	-72.94509	SAX_LV_EPICARDIAL	4	1.0	12
43.35162	25.63919	-71.22824	SAX_LV_EPICARDIAL	4	1.0	12
45.04819	24.53442	-68.82224	SAX_LV_EPICARDIAL	4	1.0	12
46.74475	23.42966	-66.41624	SAX_LV_EPICARDIAL	4	1.0	12
48.97244	23.42966	-64.69939	SAX_LV_EPICARDIAL	4	1.0	12
50.13789	21.22012	-61.60423	SAX_LV_EPICARDIAL	4	1.0	12
51.83446	20.11536	-59.19823	SAX_LV_EPICARDIAL	4	1.0	12
51.88606	17.90582	-56.96149	SAX_LV_EPICARDIAL	4	1.0	12
53.05151	15.69629	-53.86633	SAX_LV_EPICARDIAL	4	1.0	12
53.10311	13.48675	-51.62960	SAX_LV_EPICARDIAL	4	1.0	12
53.15471	11.27722	-49.39286	SAX_LV_EPICARDIAL	4	1.0	12
52.09247	9.06768	-48.01455	SAX_LV_EPICARDIAL	4	1.0	12
52.14407	6.85814	-45.77781	SAX_LV_EPICARDIAL	4	1.0	12
51.08183	4.64861	-44.39950	SAX_LV_EPICARDIAL	4	1.0	12
50.01959	2.43907	-43.02119	SAX_LV_EPICARDIAL	4	1.0	12
48.95735	0.22954	-41.64287	SAX_LV_EPICARDIAL	4	1.0	12
47.89510	-1.98000	-40.26456	SAX_LV_EPICARDIAL	4	1.0	12
45.71902	-4.18954	-39.74467	SAX_LV_EPICARDIAL	4	1.0	12
44.65678	-6.39908	-38.36635	SAX_LV_EPICARDIAL	4	1.0	12
42.48069	-8.60861	-37.84646	SAX_LV_EPICARDIAL	4	1.0	12
40.30460	-10.81815	-37.32657	SAX_LV_EPICARDIAL	4	1.0	12
37.01467	-13.02769	-37.66511	SAX_LV_EPICARDIAL	4	1.0	12
33.72474	-15.23723	-38.00364	SAX_LV_EPICARDIAL	4	1.0	12
30.43481	-17.44677	-38.34217	SAX_LV_EPICARDIAL	4	1.0	12
27.67600	-18.55154	-39.36986	SAX_LV_EPICARDIAL	4	1.0	12
24.91719	-19.65631	-40.39755	SAX_LV_EPICARDIAL	4	1.0	12
22.68951	-19.65631	-42.11439	SAX_LV_EPICARDIAL	4	1.0	12
19.93070	-20.76108	-43.14208	SAX_LV_EPICARDIAL	4	1.0	12
17.70301	-20.76108	-44.85893	SAX_LV_EPICARDIAL	4	1.0	12
14.94420	-21.86585	-45.88662	SAX_LV_EPICARDIAL	4	1.0	12
21.42085	-13.02771	-49.68302	SAX_LV_ENDOCARDIAL	4	1.0	12
19.72429	-11.92294	-52.08903	SAX_LV_ENDOCARDIAL	4	1.0	12
17.49660	-11.92294	-53.80587	SAX_LV_ENDOCARDIAL	4	1.0	12
15.26891	-11.92294	-55.52272	SAX_LV_ENDOCARDIAL	4	1.0	12
13.57234	-10.81818	-57.92872	SAX_LV_ENDOCARDIAL	4	1.0	12
11.87577	-9.71341	-60.33472	SAX_LV_ENDOCARDIAL	4	1.0	12
10.17921	-8.60865	-62.74073	SAX_LV_ENDOCARDIAL	4	1.0	12
8.48264	-7.50388	-65.14673	SAX_LV_ENDOCARDIAL	4	1.0	12
8.43104	-5.29434	-67.38346	SAX_LV_ENDOCARDIAL	4	1.0	12
7.26559	-3.08481	-70.47862	SAX_LV_ENDOCARDIAL	4	1.0	12
8.32783	-0.87527	-71.85694	SAX_LV_ENDOCARDIAL	4	1.0	12
8.27623	1.33426	-74.09367	SAX_LV_ENDOCARDIAL	4	1.0	12
9.33847	3.54380	-75.47199	SAX_LV_ENDOCARDIAL	4	1.0	12
10.40071	5.75334	-76.85030	SAX_LV_ENDOCARDIAL	4	1.0	12
11.46296	7.96287	-78.22861	SAX_LV_ENDOCARDIAL	4	1.0	12
13.63904	10.17241	-78.74850	SAX_LV_ENDOCARDIAL	4	1.0	12
15.81513	12.38195	-79.26839	SAX_LV_ENDOCARDIAL	4	1.0	12
19.10506	14.59149	-78.92986	SAX_LV_ENDOCARDIAL	4	1.0	12
21.86387	15.69626	-77.90217	SAX_LV_ENDOCARDIAL	4	1.0	12
24.62268	16.80103	-76.87448	SAX_LV_ENDOCARDIAL	4	1.0	12
27.38149	17.90580	-75.84680	SAX_LV_ENDOCARDIAL	4	1.0	12
29.60917	17.90580	-74.12995	SAX_LV_ENDOCARDIAL	4	1.0	12
31.83686	17.90580	-72.41310	SAX_LV_ENDOCARDIAL	4	1.0	12
34.06455	17.90580	-70.69626	SAX_LV_ENDOCARDIAL	4	1.0	12
36.29224	17.90581	-68.97941	SAX_LV_ENDOCARDIAL	4	1.0	12
37.98881	16.80104	-66.57341	SAX_LV_ENDOCARDIAL	4	1.0	12
39.68538	15.69627	-64.16741	SAX_LV_ENDOCARDIAL	4	1.0	12
41.38194	14.59151	-61.76141	SAX_LV_ENDOCARDIAL	4	1.0	12
42.54739	12.38197	-58.66625	SAX_LV_ENDOCARDIAL	4	1.0	12
43.71284	10.17244	-55.57109	SAX_LV_ENDOCARDIAL	4	1.0	12
43.76444	7.96290	-53.33435	SAX_LV_ENDOCARDIAL	4	1.0	12
43.81604	5.75337	-51.09762	SAX_LV_ENDOCARDIAL	4	1.0	12
42.75380	3.54383	-49.71930	SAX_LV_ENDOCARDIAL	4	1.0	12
41.69156	1.33430	-48.34099	SAX_LV_ENDOCARDIAL	4	1.0	12
40.62931	-0.87524	-46.96268	SAX_LV_ENDOCARDIAL	4	1.0	12
38.45323	-3.08478	-46.44278	SAX_LV_ENDOCARDIAL	4	1.0	12
37.39099	-5.29432	-45.06447	SAX_LV_ENDOCARDIAL	4	1.0	12
34.10106	-7.50385	-45.40300	SAX_LV_ENDOCARDIAL	4	1.0	12
30.81113	-9.71339	-45.74154	SAX_LV_ENDOCARDIAL	4	1.0	12
27.52120	-11.92293	-46.08007	SAX_LV_ENDOCARDIAL	4	1.0	12
25.29351	-11.92293	-47.79691	SAX_LV_ENDOCARDIAL	4	1.0	12
22.53470	-13.02770	-48.82460	SAX_LV_ENDOCARDIAL	4	1.0	12
9.37498	-21.86586	-50.17873	RV_INSERT	4	1.0	12
-2.91381	3.54379	-84.91464	RV_INSERT	4	1.0	12
-20.64205	-29.50259	-94.16342	SAX_RV_FREEWALL	5	1.0	12
-20.69365	-27.29306	-96.40016	SAX_RV_FREEWALL	5	1.0	12
-17.40372	-25.08352	-96.06163	SAX_RV_FREEWALL	5	1.0	12
-14.64491	-23.97875	-95.03394	SAX_RV_FREEWALL	5	1.0	12
-12.46883	-21.76921	-95.55383	SAX_RV_FREEWALL	5	1.0	12
-9.17890	-19.55967	-95.21530	SAX_RV_FREEWALL	5	1.0	12
-5.88897	-17.35013	-94.87676	SAX_RV_FREEWALL	5	1.0	12
-3.71288	-15.14060	-95.39665	SAX_RV_FREEWALL	5	1.0	12
-0.42295	-12.93106	-95.05812	SAX_RV_FREEWALL	5	1.0	12
2.33586	-11.82629	-94.03043	SAX_RV_FREEWALL	5	1.0	12
5.62579	-9.61675	-93.69190	SAX_RV_FREEWALL	5	1.0	12
8.91572	-7.40721	-93.35337	SAX_RV_FREEWALL	5	1.0	12
11.67453	-6.30244	-92.32568	SAX_RV_FREEWALL	5	1.0	12
13.20119	-23.97872	-73.57337	SAX_RV_FREEWALL	5	1.0	12
10.97350	-23.97872	-75.29021	SAX_RV_FREEWALL	5	1.0	12
8.21469	-25.08349	-76.31790	SAX_RV_FREEWALL	5	1.0	12
5.98700	-25.08350	-78.03475	SAX_RV_FREEWALL	5	1.0	12
3.75932	-25.08350	-79.75159	SAX_RV_FREEWALL	5	1.0	12
1.00051	-26.18827	-80.77928	SAX_RV_FREEWALL	5	1.0	12
-1.75830	-27.29304	-81.80697	SAX_RV_FREEWALL	5	1.0	12
-4.51711	-28.39781	-82.83466	SAX_RV_FREEWALL	5	1.0	12
-6.74480	-28.39781	-84.55151	SAX_RV_FREEWALL	5	1.0	12
-8.97249	-28.39781	-86.26835	SAX_RV_FREEWALL	5	1.0	12
-11.20018	-28.39782	-87.98520	SAX_RV_FREEWALL	5	1.0	12
-13.95899	-29.50259	-89.01289	SAX_RV_FREEWALL	5	1.0	12
-16.18668	-29.50259	-90.72973	SAX_RV_FREEWALL	5	1.0	12
-18.41436	-29.50259	-92.44658	SAX_RV_FREEWALL	5	1.0	12
-21.12157	-32.81690	-91.23753	SAX_RV_EPICARDIAL	5	1.0	12
-22.81814	-31.71213	-93.64353	SAX_RV_EPICARDIAL	5	1.0	12
-21.75590	-29.50260	-95.02185	SAX_RV_EPICARDIAL	5	1.0	12
-20.69365	-27.29306	-96.40016	SAX_RV_EPICARDIAL	5	1.0	12
-19.63141	-25.08352	-97.77847	SAX_RV_EPICARDIAL	5	1.0	12
-17.45533	-22.87398	-98.29836	SAX_RV_EPICARDIAL	5	1.0	12
-15.27924	-20.66445	-98.81825	SAX_RV_EPICARDIAL	5	1.0	12
-11.98931	-18.45491	-98.47972	SAX_RV_EPICARDIAL	5	1.0	12
-8.69938	-16.24537	-98.14119	SAX_RV_EPICARDIAL	5	1.0	12
-5.40945	-14.03583	-97.80266	SAX_RV_EPICARDIAL	5	1.0	12
-2.11952	-11.82629	-97.46412	SAX_RV_EPICARDIAL	5	1.0	12
1.17041	-9.61675	-97.12559	SAX_RV_EPICARDIAL	5	1.0	12
4.46034	-7.40721	-96.78706	SAX_RV_EPICARDIAL	5	1.0	12
7.75027	-5.19768	-96.44853	SAX_RV_EPICARDIAL	5	1.0	12
10.50908	-4.09290	-95.42084	SAX_RV_EPICARDIAL	5	1.0	12
13.26789	-2.98813	-94.39315	SAX_RV_EPICARDIAL	5	1.0	12
15.49558	-2.98813	-92.67630	SAX_RV_EPICARDIAL	5	1.0	12
15.54718	-5.19767	-90.43957	SAX_RV_EPICARDIAL	5	1.0	12
14.48494	-7.40720	-89.06125	SAX_RV_EPICARDIAL	5	1.0	12
16.54272	-23.97872	-70.99810	SAX_RV_EPICARDIAL	5	1.0	12
15.48048	-26.18826	-69.61979	SAX_RV_EPICARDIAL	5	1.0	12
13.25279	-26.18826	-71.33663	SAX_RV_EPICARDIAL	5	1.0	12
10.49398	-27.29303	-72.36432	SAX_RV_EPICARDIAL	5	1.0	12
8.26630	-27.29303	-74.08117	SAX_RV_EPICARDIAL	5	1.0	12
5.50749	-28.39780	-75.10885	SAX_RV_EPICARDIAL	5	1.0	12
3.27980	-28.39780	-76.82570	SAX_RV_EPICARDIAL	5	1.0	12
0.52099	-29.50257	-77.85339	SAX_RV_EPICARDIAL	5	1.0	12
-2.23782	-30.60734	-78.88108	SAX_RV_EPICARDIAL	5	1.0	12
-4.46551	-30.60735	-80.59792	SAX_RV_EPICARDIAL	5	1.0	12
-7.22432	-31.71212	-81.62561	SAX_RV_EPICARDIAL	5	1.0	12
-9.45201	-31.71212	-83.34246	SAX_RV_EPICARDIAL	5	1.0	12
-11.67970	-31.71212	-85.05930	SAX_RV_EPICARDIAL	5	1.0	12
-14.43851	-32.81689	-86.08699	SAX_RV_EPICARDIAL	5	1.0	12
-16.66619	-32.81689	-87.80384	SAX_RV_EPICARDIAL	5	1.0	12
-18.89388	-32.81690	-89.52068	SAX_RV_EPICARDIAL	5	1.0	12
13.90222	-6.30244	-90.60883	SAX_RV_SEPTUM	5	1.0	12
13.95382	-8.51197	-88.37210	SAX_RV_SEPTUM	5	1.0	12
12.89158	-10.72151	-86.99378	SAX_RV_SEPTUM	5	1.0	12
11.82933	-12.93105	-85.61547	SAX_RV_SEPTUM	5	1.0	12
11.88094	-15.14058	-83.37873	SAX_RV_SEPTUM	5	1.0	12
11.93254	-17.35012	-81.14200	SAX_RV_SEPTUM	5	1.0	12
13.09799	-19.55965	-78.04684	SAX_RV_SEPTUM	5	1.0	12
14.26343	-21.76919	-74.95168	SAX_RV_SEPTUM	5	1.0	12
15.96000	-22.87395	-72.54568	SAX_RV_SEPTUM	5	1.0	12
20.46698	-25.08348	-66.87525	SAX_LV_EPICARDIAL	5	1.0	12
18.77041	-23.97872	-69.28125	SAX_LV_EPICARDIAL	5	1.0	12
18.30599	-4.09290	-89.41188	SAX_LV_EPICARDIAL	5	1.0	12
19.36823	-1.88336	-90.79019	SAX_LV_EPICARDIAL	5	1.0	12
22.65816	0.32618	-90.45166	SAX_LV_EPICARDIAL	5	1.0	12
24.83425	2.53572	-90.97155	SAX_LV_EPICARDIAL	5	1.0	12
27.59306	3.64049	-89.94386	SAX_LV_EPICARDIAL	5	1.0	12
30.35187	4.74526	-88.91617	SAX_LV_EPICARDIAL	5	1.0	12
33.11068	5.85003	-87.88848	SAX_LV_EPICARDIAL	5	1.0	12
35.86949	6.95480	-86.86080	SAX_LV_EPICARDIAL	5	1.0	12
38.09717	6.95480	-85.14395	SAX_LV_EPICARDIAL	5	1.0	12
40.85598	8.05957	-84.11626	SAX_LV_EPICARDIAL	5	1.0	12
43.08367	8.05957	-82.39942	SAX_LV_EPICARDIAL	5	1.0	12
45.31136	8.05957	-80.68257	SAX_LV_EPICARDIAL	5	1.0	12
47.00793	6.95481	-78.27657	SAX_LV_EPICARDIAL	5	1.0	12
49.23562	6.95481	-76.55972	SAX_LV_EPICARDIAL	5	1.0	12
50.93218	5.85005	-74.15372	SAX_LV_EPICARDIAL	5	1.0	12
52.62875	4.74528	-71.74772	SAX_LV_EPICARDIAL	5	1.0	12
53.79420	2.53574	-68.65256	SAX_LV_EPICARDIAL	5	1.0	12
53.84580	0.32621	-66.41582	SAX_LV_EPICARDIAL	5	1.0	12
53.89740	-1.88333	-64.17909	SAX_LV_EPICARDIAL	5	1.0	12
53.94901	-4.09286	-61.94235	SAX_LV_EPICARDIAL	5	1.0	12
52.88676	-6.30240	-60.56404	SAX_LV_EPICARDIAL	5	1.0	12
51.82452	-8.51193	-59.18572	SAX_LV_EPICARDIAL	5	1.0	12
50.76228	-10.72147	-57.80741	SAX_LV_EPICARDIAL	5	1.0	12
48.58619	-12.93101	-57.28752	SAX_LV_EPICARDIAL	5	1.0	12
47.52395	-15.14055	-55.90920	SAX_LV_EPICARDIAL	5	1.0	12
44.23402	-17.35008	-56.24774	SAX_LV_EPICARDIAL	5	1.0	12
42.05794	-19.55962	-55.72785	SAX_LV_EPICARDIAL	5	1.0	12
38.76801	-21.76916	-56.06638	SAX_LV_EPICARDIAL	5	1.0	12
36.00920	-22.87393	-57.09407	SAX_LV_EPICARDIAL	5	1.0	12
33.25039	-23.97870	-58.12176	SAX_LV_EPICARDIAL	5	1.0	12
30.49158	-25.08347	-59.14945	SAX_LV_EPICARDIAL	5	1.0	12
28.26389	-25.08347	-60.86629	SAX_LV_EPICARDIAL	5	1.0	12
26.03620	-25.08348	-62.58314	SAX_LV_EPICARDIAL	5	1.0	12
23.80851	-25.08348	-64.29998	SAX_LV_EPICARDIAL	5	1.0	12
21.58082	-25.08348	-66.01683	SAX_LV_EPICARDIAL	5	1.0	12
26.41251	-17.35010	-69.98250	SAX_LV_ENDOCARDIAL	5	1.0	12
24.71595	-16.24534	-72.38850	SAX_LV_ENDOCARDIAL	5	1.0	12
23.55050	-14.03580	-75.48366	SAX_LV_ENDOCARDIAL	5	1.0	12
21.85393	-12.93104	-77.88967	SAX_LV_ENDOCARDIAL	5	1.0	12
21.80233	-10.72150	-80.12640	SAX_LV_ENDOCARDIAL	5	1.0	12
22.86457	-8.51196	-81.50472	SAX_LV_ENDOCARDIAL	5	1.0	12
23.92681	-6.30243	-82.88303	SAX_LV_ENDOCARDIAL	5	1.0	12
26.10290	-4.09289	-83.40292	SAX_LV_ENDOCARDIAL	5	1.0	12
29.39283	-1.88335	-83.06439	SAX_LV_ENDOCARDIAL	5	1.0	12
32.15164	-0.77858	-82.03670	SAX_LV_ENDOCARDIAL	5	1.0	12
34.91045	0.32619	-81.00901	SAX_LV_ENDOCARDIAL	5	1.0	12
37.13814	0.32619	-79.29216	SAX_LV_ENDOCARDIAL	5	1.0	12
39.36583	0.32619	-77.57532	SAX_LV_ENDOCARDIAL	5	1.0	12
41.59351	0.32620	-75.85847	SAX_LV_ENDOCARDIAL	5	1.0	12
42.75896	-1.88334	-72.76331	SAX_LV_ENDOCARDIAL	5	1.0	12
44.45553	-2.98810	-70.35731	SAX_LV_ENDOCARDIAL	5	1.0	12
44.50713	-5.19764	-68.12058	SAX_LV_ENDOCARDIAL	5	1.0	12
43.44489	-7.40718	-66.74226	SAX_LV_ENDOCARDIAL	5	1.0	12
42.38265	-9.61671	-65.36395	SAX_LV_ENDOCARDIAL	5	1.0	12
40.20656	-11.82625	-64.84406	SAX_LV_ENDOCARDIAL	5	1.0	12
38.03047	-14.03579	-64.32417	SAX_LV_ENDOCARDIAL	5	1.0	12
34.74054	-16.24533	-64.66270	SAX_LV_ENDOCARDIAL	5	1.0	12
31.98174	-17.35010	-65.69039	SAX_LV_ENDOCARDIAL	5	1.0	12
29.75405	-17.35010	-67.40723	SAX_LV_ENDOCARDIAL	5	1.0	12
27.52636	-17.35010	-69.12408	SAX_LV_ENDOCARDIAL	5	1.0	12
15.96000	-22.87395	-72.54568	RV_INSERT	5	1.0	12
13.90222	-6.30244	-90.60883	RV_INSERT	5	1.0	12
16.97680	-23.88305	-99.20474	SAX_RV_FREEWALL	6	1.0	12
15.28023	-22.77828	-101.61074	SAX_RV_FREEWALL	6	1.0	12
14.11479	-20.56875	-104.70590	SAX_RV_FREEWALL	6	1.0	12
17.40472	-18.35921	-104.36737	SAX_RV_FREEWALL	6	1.0	12
20.16353	-17.25444	-103.33968	SAX_RV_FREEWALL	6	1.0	12
22.39122	-17.25444	-101.62283	SAX_RV_FREEWALL	6	1.0	12
21.43218	-23.88304	-95.77105	SAX_RV_FREEWALL	6	1.0	12
19.20449	-23.88305	-97.48789	SAX_RV_FREEWALL	6	1.0	12
12.04191	-27.19736	-99.71254	SAX_RV_EPICARDIAL	6	1.0	12
10.34534	-26.09259	-102.11854	SAX_RV_EPICARDIAL	6	1.0	12
9.17989	-23.88306	-105.21370	SAX_RV_EPICARDIAL	6	1.0	12
10.24213	-21.67352	-106.59201	SAX_RV_EPICARDIAL	6	1.0	12
12.41822	-19.46398	-107.11190	SAX_RV_EPICARDIAL	6	1.0	12
15.70815	-17.25444	-106.77337	SAX_RV_EPICARDIAL	6	1.0	12
18.46696	-16.14967	-105.74568	SAX_RV_EPICARDIAL	6	1.0	12
21.22577	-15.04490	-104.71799	SAX_RV_EPICARDIAL	6	1.0	12
23.45346	-15.04490	-103.00115	SAX_RV_EPICARDIAL	6	1.0	12
25.68115	-15.04490	-101.28430	SAX_RV_EPICARDIAL	6	1.0	12
26.26387	-16.14967	-99.73672	SAX_RV_EPICARDIAL	6	1.0	12
25.20163	-18.35920	-98.35841	SAX_RV_EPICARDIAL	6	1.0	12
24.19099	-22.77827	-94.74336	SAX_RV_EPICARDIAL	6	1.0	12
22.59763	-26.09258	-92.67589	SAX_RV_EPICARDIAL	6	1.0	12
20.36994	-26.09258	-94.39273	SAX_RV_EPICARDIAL	6	1.0	12
17.61113	-27.19735	-95.42042	SAX_RV_EPICARDIAL	6	1.0	12
15.38344	-27.19735	-97.13727	SAX_RV_EPICARDIAL	6	1.0	12
13.15575	-27.19736	-98.85412	SAX_RV_EPICARDIAL	6	1.0	12
24.08778	-18.35920	-99.21683	SAX_RV_SEPTUM	6	1.0	12
24.67051	-19.46397	-97.66925	SAX_RV_SEPTUM	6	1.0	12
24.72211	-21.67351	-95.43252	SAX_RV_SEPTUM	6	1.0	12
28.21845	-28.30211	-86.14704	SAX_LV_EPICARDIAL	6	1.0	12
26.52188	-27.19734	-88.55304	SAX_LV_EPICARDIAL	6	1.0	12
25.35643	-24.98781	-91.64820	SAX_LV_EPICARDIAL	6	1.0	12
29.55380	-13.94013	-99.39819	SAX_LV_EPICARDIAL	6	1.0	12
32.84373	-11.73059	-99.05966	SAX_LV_EPICARDIAL	6	1.0	12
34.48870	-10.62582	-98.89039	SAX_LV_EPICARDIAL	6	1.0	12
37.24750	-9.52105	-97.86270	SAX_LV_EPICARDIAL	6	1.0	12
40.00631	-8.41628	-96.83501	SAX_LV_EPICARDIAL	6	1.0	12
42.23400	-8.41628	-95.11817	SAX_LV_EPICARDIAL	6	1.0	12
44.46169	-8.41627	-93.40132	SAX_LV_EPICARDIAL	6	1.0	12
46.68938	-8.41627	-91.68448	SAX_LV_EPICARDIAL	6	1.0	12
48.38595	-9.52104	-89.27848	SAX_LV_EPICARDIAL	6	1.0	12
49.55139	-11.73057	-86.18332	SAX_LV_EPICARDIAL	6	1.0	12
49.60300	-13.94011	-83.94658	SAX_LV_EPICARDIAL	6	1.0	12
48.54075	-16.14964	-82.56827	SAX_LV_EPICARDIAL	6	1.0	12
48.59236	-18.35918	-80.33153	SAX_LV_EPICARDIAL	6	1.0	12
46.41627	-20.56872	-79.81164	SAX_LV_EPICARDIAL	6	1.0	12
45.35403	-22.77825	-78.43333	SAX_LV_EPICARDIAL	6	1.0	12
43.17794	-24.98779	-77.91344	SAX_LV_EPICARDIAL	6	1.0	12
39.88801	-27.19733	-78.25197	SAX_LV_EPICARDIAL	6	1.0	12
37.12920	-28.30210	-79.27966	SAX_LV_EPICARDIAL	6	1.0	12
34.90151	-28.30210	-80.99650	SAX_LV_EPICARDIAL	6	1.0	12
32.67383	-28.30210	-82.71335	SAX_LV_EPICARDIAL	6	1.0	12
30.44614	-28.30211	-84.43019	SAX_LV_EPICARDIAL	6	1.0	12
34.74671	-21.67350	-87.70671	SAX_LV_ENDOCARDIAL	6	1.0	12
33.05014	-20.56873	-90.11271	SAX_LV_ENDOCARDIAL	6	1.0	12
32.99854	-18.35919	-92.34945	SAX_LV_ENDOCARDIAL	6	1.0	12
34.06078	-16.14966	-93.72776	SAX_LV_ENDOCARDIAL	6	1.0	12
36.23687	-13.94012	-94.24765	SAX_LV_ENDOCARDIAL	6	1.0	12
38.46455	-13.94012	-92.53081	SAX_LV_ENDOCARDIAL	6	1.0	12
40.69224	-13.94012	-90.81396	SAX_LV_ENDOCARDIAL	6	1.0	12
41.85769	-16.14965	-87.71880	SAX_LV_ENDOCARDIAL	6	1.0	12
40.79545	-18.35919	-86.34049	SAX_LV_ENDOCARDIAL	6	1.0	12
38.61936	-20.56872	-85.82060	SAX_LV_ENDOCARDIAL	6	1.0	12
35.86055	-21.67349	-86.84829	SAX_LV_ENDOCARDIAL	6	1.0	12
24.08778	-18.35920	-99.21683	RV_INSERT	6	1.0	12
21.43218	-23.88304	-95.77105	RV_INSERT	6	1.0	12
9.64921	18.36146	-28.33811	LAX_LV_ENDOCARDIAL	9	1.0	12
11.45200	16.19313	-29.72950	LAX_LV_ENDOCARDIAL	9	1.0	12
13.25480	14.02479	-31.12088	LAX_LV_ENDOCARDIAL	9	1.0	12
15.05759	11.85646	-32.51227	LAX_LV_ENDOCARDIAL	9	1.0	12
16.80533	9.65297	-32.49893	LAX_LV_ENDOCARDIAL	9	1.0	12
18.55308	7.44949	-32.48558	LAX_LV_ENDOCARDIAL	9	1.0	12
20.35587	5.28115	-33.87697	LAX_LV_ENDOCARDIAL	9	1.0	12
22.04857	3.04251	-32.45889	LAX_LV_ENDOCARDIAL	9	1.0	12
23.79632	0.83902	-32.44554	LAX_LV_ENDOCARDIAL	9	1.0	12
25.54407	-1.36446	-32.43220	LAX_LV_ENDOCARDIAL	9	1.0	12
27.34686	-3.53280	-33.82358	LAX_LV_ENDOCARDIAL	9	1.0	12
29.20469	-5.66598	-36.61970	LAX_LV_ENDOCARDIAL	9	1.0	12
31.06253	-7.79916	-39.41582	LAX_LV_ENDOCARDIAL	9	1.0	12
32.04649	-8.83060	-42.21861	LAX_LV_ENDOCARDIAL	9	1.0	12
33.03045	-9.86204	-45.02141	LAX_LV_ENDOCARDIAL	9	1.0	12
33.14054	-9.79174	-47.83087	LAX_LV_ENDOCARDIAL	9	1.0	12
34.12451	-10.82318	-50.63366	LAX_LV_ENDOCARDIAL	9	1.0	12
35.10847	-11.85462	-53.43646	LAX_LV_ENDOCARDIAL	9	1.0	12
36.09243	-12.88606	-56.23925	LAX_LV_ENDOCARDIAL	9	1.0	12
36.20252	-12.81575	-59.04872	LAX_LV_ENDOCARDIAL	9	1.0	12
37.18648	-13.84719	-61.85151	LAX_LV_ENDOCARDIAL	9	1.0	12
38.17044	-14.87863	-64.65430	LAX_LV_ENDOCARDIAL	9	1.0	12
38.28053	-14.80833	-67.46377	LAX_LV_ENDOCARDIAL	9	1.0	12
39.26450	-15.83977	-70.26656	LAX_LV_ENDOCARDIAL	9	1.0	12
40.24846	-16.87121	-73.06935	LAX_LV_ENDOCARDIAL	9	1.0	12
40.35855	-16.80091	-75.87882	LAX_LV_ENDOCARDIAL	9	1.0	12
41.34251	-17.83234	-78.68161	LAX_LV_ENDOCARDIAL	9	1.0	12
41.45260	-17.76204	-81.49107	LAX_LV_ENDOCARDIAL	9	1.0	12
41.56269	-17.69174	-84.30054	LAX_LV_ENDOCARDIAL	9	1.0	12
41.67278	-17.62143	-87.11000	LAX_LV_ENDOCARDIAL	9	1.0	12
40.90899	-16.44939	-89.92614	LAX_LV_ENDOCARDIAL	9	1.0	12
40.14521	-15.27734	-92.74228	LAX_LV_ENDOCARDIAL	9	1.0	12
39.38142	-14.10529	-95.55842	LAX_LV_ENDOCARDIAL	9	1.0	12
37.57863	-11.93696	-94.16703	LAX_LV_ENDOCARDIAL	9	1.0	12
35.77584	-9.76862	-92.77564	LAX_LV_ENDOCARDIAL	9	1.0	12
33.97305	-7.60029	-91.38426	LAX_LV_ENDOCARDIAL	9	1.0	12
32.17026	-5.43195	-89.99287	LAX_LV_ENDOCARDIAL	9	1.0	12
30.36747	-3.26362	-88.60148	LAX_LV_ENDOCARDIAL	9	1.0	12
28.56468	-1.09528	-87.21010	LAX_LV_ENDOCARDIAL	9	1.0	12
26.76189	1.07305	-85.81871	LAX_LV_ENDOCARDIAL	9	1.0	12
24.95910	3.24139	-84.42732	LAX_LV_ENDOCARDIAL	9	1.0	12
23.21135	5.44487	-84.44067	LAX_LV_ENDOCARDIAL	9	1.0	12
21.40856	7.61321	-83.04928	LAX_LV_ENDOCARDIAL	9	1.0	12
19.66081	9.81670	-83.06263	LAX_LV_ENDOCARDIAL	9	1.0	12
17.91306	12.02018	-83.07597	LAX_LV_ENDOCARDIAL	9	1.0	12
16.11027	14.18852	-81.68459	LAX_LV_ENDOCARDIAL	9	1.0	12
14.30748	16.35685	-80.29320	LAX_LV_ENDOCARDIAL	9	1.0	12
12.50469	18.52519	-78.90181	LAX_LV_ENDOCARDIAL	9	1.0	12
10.70190	20.69352	-77.51043	LAX_LV_ENDOCARDIAL	9	1.0	12
8.89911	22.86186	-76.11904	LAX_LV_ENDOCARDIAL	9	1.0	12
7.04127	24.99504	-73.32292	LAX_LV_ENDOCARDIAL	9	1.0	12
5.18344	27.12822	-70.52680	LAX_LV_ENDOCARDIAL	9	1.0	12
4.19948	28.15966	-67.72401	LAX_LV_ENDOCARDIAL	9	1.0	12
2.34164	30.29285	-64.92789	LAX_LV_ENDOCARDIAL	9	1.0	12
0.48380	32.42603	-62.13177	LAX_LV_ENDOCARDIAL	9	1.0	12
-1.31899	34.59437	-60.74038	LAX_LV_ENDOCARDIAL	9	1.0	12
18.11272	7.16827	-21.24772	LAX_LV_EPICARDIAL	9	1.0	12
19.91551	4.99994	-22.63911	LAX_LV_EPICARDIAL	9	1.0	12
21.66326	2.79645	-22.62576	LAX_LV_EPICARDIAL	9	1.0	12
23.41101	0.59296	-22.61241	LAX_LV_EPICARDIAL	9	1.0	12
25.21380	-1.57537	-24.00380	LAX_LV_EPICARDIAL	9	1.0	12
27.01659	-3.74371	-25.39519	LAX_LV_EPICARDIAL	9	1.0	12
28.81938	-5.91204	-26.78657	LAX_LV_EPICARDIAL	9	1.0	12
30.56713	-8.11553	-26.77323	LAX_LV_EPICARDIAL	9	1.0	12
32.42496	-10.24871	-29.56935	LAX_LV_EPICARDIAL	9	1.0	12
34.28280	-12.38190	-32.36547	LAX_LV_EPICARDIAL	9	1.0	12
35.26676	-13.41334	-35.16826	LAX_LV_EPICARDIAL	9	1.0	12
36.25072	-14.44478	-37.97105	LAX_LV_EPICARDIAL	9	1.0	12
38.10856	-16.57796	-40.76717	LAX_LV_EPICARDIAL	9	1.0	12
38.21865	-16.50766	-43.57664	LAX_LV_EPICARDIAL	9	1.0	12
39.20261	-17.53909	-46.37943	LAX_LV_EPICARDIAL	9	1.0	12
40.18657	-18.57053	-49.18222	LAX_LV_EPICARDIAL	9	1.0	12
41.17054	-19.60197	-51.98501	LAX_LV_EPICARDIAL	9	1.0	12
41.28063	-19.53167	-54.79448	LAX_LV_EPICARDIAL	9	1.0	12
42.26459	-20.56311	-57.59727	LAX_LV_EPICARDIAL	9	1.0	12
43.24855	-21.59455	-60.40006	LAX_LV_EPICARDIAL	9	1.0	12
43.35864	-21.52425	-63.20953	LAX_LV_EPICARDIAL	9	1.0	12
44.34260	-22.55569	-66.01232	LAX_LV_EPICARDIAL	9	1.0	12
45.32656	-23.58713	-68.81511	LAX_LV_EPICARDIAL	9	1.0	12
45.43665	-23.51682	-71.62458	LAX_LV_EPICARDIAL	9	1.0	12
45.54674	-23.44652	-74.43405	LAX_LV_EPICARDIAL	9	1.0	12
45.65683	-23.37621	-77.24351	LAX_LV_EPICARDIAL	9	1.0	12
45.76692	-23.30591	-80.05298	LAX_LV_EPICARDIAL	9	1.0	12
45.87701	-23.23561	-82.86244	LAX_LV_EPICARDIAL	9	1.0	12
45.11323	-22.06356	-85.67858	LAX_LV_EPICARDIAL	9	1.0	12
45.22331	-21.99326	-88.48804	LAX_LV_EPICARDIAL	9	1.0	12
44.45953	-20.82121	-91.30418	LAX_LV_EPICARDIAL	9	1.0	12
44.56962	-20.75090	-94.11365	LAX_LV_EPICARDIAL	9	1.0	12
43.80584	-19.57886	-96.92979	LAX_LV_EPICARDIAL	9	1.0	12
43.04205	-18.40681	-99.74592	LAX_LV_EPICARDIAL	9	1.0	12
41.34935	-16.16817	-101.16400	LAX_LV_EPICARDIAL	9	1.0	12
39.60160	-13.96468	-101.17735	LAX_LV_EPICARDIAL	9	1.0	12
37.85386	-11.76120	-101.19069	LAX_LV_EPICARDIAL	9	1.0	12
36.05106	-9.59286	-99.79931	LAX_LV_EPICARDIAL	9	1.0	12
34.30332	-7.38938	-99.81265	LAX_LV_EPICARDIAL	9	1.0	12
32.50053	-5.22104	-98.42127	LAX_LV_EPICARDIAL	9	1.0	12
30.69774	-3.05271	-97.02988	LAX_LV_EPICARDIAL	9	1.0	12
28.94999	-0.84922	-97.04323	LAX_LV_EPICARDIAL	9	1.0	12
27.14720	1.31912	-95.65184	LAX_LV_EPICARDIAL	9	1.0	12
25.39945	3.52260	-95.66518	LAX_LV_EPICARDIAL	9	1.0	12
23.59666	5.69094	-94.27380	LAX_LV_EPICARDIAL	9	1.0	12
21.84891	7.89442	-94.28714	LAX_LV_EPICARDIAL	9	1.0	12
20.04612	10.06276	-92.89576	LAX_LV_EPICARDIAL	9	1.0	12
18.29838	12.26625	-92.90910	LAX_LV_EPICARDIAL	9	1.0	12
16.49559	14.43458	-91.51772	LAX_LV_EPICARDIAL	9	1.0	12
14.69279	16.60292	-90.12633	LAX_LV_EPICARDIAL	9	1.0	12
12.89000	18.77125	-88.73494	LAX_LV_EPICARDIAL	9	1.0	12
11.14226	20.97474	-88.74829	LAX_LV_EPICARDIAL	9	1.0	12
9.33947	23.14307	-87.35690	LAX_LV_EPICARDIAL	9	1.0	12
7.53667	25.31141	-85.96551	LAX_LV_EPICARDIAL	9	1.0	12
5.73388	27.47974	-84.57413	LAX_LV_EPICARDIAL	9	1.0	12
3.93109	29.64808	-83.18274	LAX_LV_EPICARDIAL	9	1.0	12
2.07326	31.78126	-80.38662	LAX_LV_EPICARDIAL	9	1.0	12
0.27047	33.94960	-78.99523	LAX_LV_EPICARDIAL	9	1.0	12
-1.58737	36.08278	-76.19911	LAX_LV_EPICARDIAL	9	1.0	12
-3.44521	38.21596	-73.40299	LAX_LV_EPICARDIAL	9	1.0	12
-4.42917	39.24740	-70.60020	LAX_LV_EPICARDIAL	9	1.0	12
-4.53926	39.17710	-67.79074	LAX_LV_EPICARDIAL	9	1.0	12
-4.64935	39.10679	-64.98127	LAX_LV_EPICARDIAL	9	1.0	12
-3.88556	37.93475	-62.16513	LAX_LV_EPICARDIAL	9	1.0	12
8.72030	19.42806	-26.94005	LAX_LV_EPICARDIAL	9	1.0	12
8.61021	19.35775	-24.13059	LAX_LV_EPICARDIAL	9	1.0	12
10.30291	17.11911	-22.71251	LAX_LV_EPICARDIAL	9	1.0	12
12.05066	14.91563	-22.69916	LAX_LV_EPICARDIAL	9	1.0	12
13.74336	12.67699	-21.28108	LAX_LV_EPICARDIAL	9	1.0	12
15.49110	10.47350	-21.26774	LAX_LV_EPICARDIAL	9	1.0	12
17.23885	8.27001	-21.25439	LAX_LV_EPICARDIAL	9	1.0	12
7.02759	21.66669	-28.35813	MITRAL_VALVE	9	1.0	12
-3.12178	36.76270	-59.34900	MITRAL_VALVE	9	1.0	12
-24.38212	-13.23885	-11.15238	LAX_RV_FREEWALL	8	1.0	1.0
-22.85716	-14.59731	-13.54336	LAX_RV_FREEWALL	8	1.0	1.0
-21.33219	-15.95576	-15.93434	LAX_RV_FREEWALL	8	1.0	1.0
-19.52831	-15.95576	-18.09216	LAX_RV_FREEWALL	8	1.0	1.0
-17.72442	-15.95576	-20.24997	LAX_RV_FREEWALL	8	1.0	1.0
-16.19946	-17.31421	-22.64095	LAX_RV_FREEWALL	8	1.0	1.0
-14.67449	-18.67266	-25.03193	LAX_RV_FREEWALL	8	1.0	1.0
-13.14952	-20.03111	-27.42291	LAX_RV_FREEWALL	8	1.0	1.0
-11.62455	-21.38956	-29.81389	LAX_RV_FREEWALL	8	1.0	1.0
-10.09958	-22.74801	-32.20487	LAX_RV_FREEWALL	8	1.0	1.0
-8.29570	-22.74801	-34.36269	LAX_RV_FREEWALL	8	1.0	1.0
-6.49182	-22.74802	-36.52050	LAX_RV_FREEWALL	8	1.0	1.0
-4.68794	-22.74802	-38.67832	LAX_RV_FREEWALL	8	1.0	1.0
-2.88406	-22.74802	-40.83614	LAX_RV_FREEWALL	8	1.0	1.0
-1.08018	-22.74802	-42.99396	LAX_RV_FREEWALL	8	1.0	1.0
0.72370	-22.74802	-45.15178	LAX_RV_FREEWALL	8	1.0	1.0
2.52759	-22.74802	-47.30959	LAX_RV_FREEWALL	8	1.0	1.0
4.05255	-24.10647	-49.70057	LAX_RV_FREEWALL	8	1.0	1.0
5.85644	-24.10648	-51.85839	LAX_RV_FREEWALL	8	1.0	1.0
7.66032	-24.10648	-54.01621	LAX_RV_FREEWALL	8	1.0	1.0
-8.49131	-10.52197	-29.02750	LAX_RV_FREEWALL	8	1.0	1.0
-10.29519	-10.52197	-26.86969	LAX_RV_FREEWALL	8	1.0	1.0
-12.37798	-11.88042	-24.94503	LAX_RV_FREEWALL	8	1.0	1.0
-13.90295	-10.52197	-22.55405	LAX_RV_FREEWALL	8	1.0	1.0
-15.70683	-10.52197	-20.39623	LAX_RV_FREEWALL	8	1.0	1.0
-17.51071	-10.52196	-18.23842	LAX_RV_FREEWALL	8	1.0	1.0
-19.31460	-10.52196	-16.08060	LAX_RV_FREEWALL	8	1.0	1.0
-21.11848	-10.52196	-13.92278	LAX_RV_FREEWALL	8	1.0	1.0
-22.92236	-10.52196	-11.76496	LAX_RV_FREEWALL	8	1.0	1.0
-26.74383	-15.95575	-9.46089	LAX_RV_EPICARDIAL	8	1.0	1.0
-25.21886	-17.31420	-11.85187	LAX_RV_EPICARDIAL	8	1.0	1.0
-23.69389	-18.67265	-14.24284	LAX_RV_EPICARDIAL	8	1.0	1.0
-21.89001	-18.67265	-16.40066	LAX_RV_EPICARDIAL	8	1.0	1.0
-20.36504	-20.03110	-18.79164	LAX_RV_EPICARDIAL	8	1.0	1.0
-18.56116	-20.03111	-20.94946	LAX_RV_EPICARDIAL	8	1.0	1.0
-17.03619	-21.38956	-23.34044	LAX_RV_EPICARDIAL	8	1.0	1.0
-15.51123	-22.74801	-25.73142	LAX_RV_EPICARDIAL	8	1.0	1.0
-13.98626	-24.10646	-28.12240	LAX_RV_EPICARDIAL	8	1.0	1.0
-12.46129	-25.46491	-30.51338	LAX_RV_EPICARDIAL	8	1.0	1.0
-10.65741	-25.46491	-32.67119	LAX_RV_EPICARDIAL	8	1.0	1.0
-9.13244	-26.82336	-35.06217	LAX_RV_EPICARDIAL	8	1.0	1.0
-7.32856	-26.82336	-37.21999	LAX_RV_EPICARDIAL	8	1.0	1.0
-5.52468	-26.82336	-39.37781	LAX_RV_EPICARDIAL	8	1.0	1.0
-3.72080	-26.82336	-41.53563	LAX_RV_EPICARDIAL	8	1.0	1.0
-1.63800	-25.46492	-43.46028	LAX_RV_EPICARDIAL	8	1.0	1.0
0.16588	-25.46492	-45.61810	LAX_RV_EPICARDIAL	8	1.0	1.0
1.96976	-25.46492	-47.77592	LAX_RV_EPICARDIAL	8	1.0	1.0
3.77364	-25.46492	-49.93373	LAX_RV_EPICARDIAL	8	1.0	1.0
5.57752	-25.46492	-52.09155	LAX_RV_EPICARDIAL	8	1.0	1.0
7.38140	-25.46493	-54.24937	LAX_RV_EPICARDIAL	8	1.0	1.0
9.18529	-25.46493	-56.40719	LAX_RV_EPICARDIAL	8	1.0	1.0
-7.58937	-10.52197	-30.10641	LAX_RV_EPICARDIAL	8	1.0	1.0
-9.45845	-6.44662	-26.17020	LAX_RV_EPICARDIAL	8	1.0	1.0
-11.54124	-7.80507	-24.24555	LAX_RV_EPICARDIAL	8	1.0	1.0
-13.34513	-7.80507	-22.08773	LAX_RV_EPICARDIAL	8	1.0	1.0
-15.14901	-7.80507	-19.92991	LAX_RV_EPICARDIAL	8	1.0	1.0
-16.95289	-7.80507	-17.77209	LAX_RV_EPICARDIAL	8	1.0	1.0
-18.75677	-7.80506	-15.61428	LAX_RV_EPICARDIAL	8	1.0	1.0
-20.56065	-7.80506	-13.45646	LAX_RV_EPICARDIAL	8	1.0	1.0
-22.36453	-7.80506	-11.29864	LAX_RV_EPICARDIAL	8	1.0	1.0
-24.44733	-9.16351	-9.37399	LAX_RV_EPICARDIAL	8	1.0	1.0
-25.90709	-11.88040	-8.76140	LAX_RV_EPICARDIAL	8	1.0	1.0
-26.46492	-14.59730	-9.22772	LAX_RV_EPICARDIAL	8	1.0	1.0
9.74311	-22.74803	-55.94086	LAX_RV_SEPTUM	8	1.0	1.0
9.12008	-21.38958	-54.62879	LAX_RV_SEPTUM	8	1.0	1.0
7.59511	-20.03113	-52.23781	LAX_RV_SEPTUM	8	1.0	1.0
6.07015	-18.67268	-49.84683	LAX_RV_SEPTUM	8	1.0	1.0
4.26627	-18.67268	-47.68902	LAX_RV_SEPTUM	8	1.0	1.0
2.74130	-17.31423	-45.29804	LAX_RV_SEPTUM	8	1.0	1.0
1.21633	-15.95578	-42.90706	LAX_RV_SEPTUM	8	1.0	1.0
-0.30864	-14.59733	-40.51608	LAX_RV_SEPTUM	8	1.0	1.0
-1.83361	-13.23888	-38.12510	LAX_RV_SEPTUM	8	1.0	1.0
-3.63749	-13.23887	-35.96728	LAX_RV_SEPTUM	8	1.0	1.0
-5.16246	-11.88042	-33.57630	LAX_RV_SEPTUM	8	1.0	1.0
-6.68743	-10.52197	-31.18532	LAX_RV_SEPTUM	8	1.0	1.0
-7.03154	-7.80508	-29.64009	LAX_LV_EPICARDIAL	8	1.0	1.0
12.44893	-22.74803	-59.17759	LAX_LV_EPICARDIAL	8	1.0	1.0
14.25281	-22.74804	-61.33541	LAX_LV_EPICARDIAL	8	1.0	1.0
15.77778	-24.10649	-63.72639	LAX_LV_EPICARDIAL	8	1.0	1.0
17.58166	-24.10649	-65.88420	LAX_LV_EPICARDIAL	8	1.0	1.0
19.38555	-24.10649	-68.04202	LAX_LV_EPICARDIAL	8	1.0	1.0
20.91051	-25.46494	-70.43300	LAX_LV_EPICARDIAL	8	1.0	1.0
22.71439	-25.46494	-72.59082	LAX_LV_EPICARDIAL	8	1.0	1.0
24.23936	-26.82339	-74.98180	LAX_LV_EPICARDIAL	8	1.0	1.0
26.04324	-26.82339	-77.13961	LAX_LV_EPICARDIAL	8	1.0	1.0
27.56821	-28.18184	-79.53059	LAX_LV_EPICARDIAL	8	1.0	1.0
29.37209	-28.18185	-81.68841	LAX_LV_EPICARDIAL	8	1.0	1.0
31.17598	-28.18185	-83.84623	LAX_LV_EPICARDIAL	8	1.0	1.0
33.25877	-26.82340	-85.77088	LAX_LV_EPICARDIAL	8	1.0	1.0
35.06265	-26.82340	-87.92870	LAX_LV_EPICARDIAL	8	1.0	1.0
36.86653	-26.82340	-90.08652	LAX_LV_EPICARDIAL	8	1.0	1.0
38.94933	-25.46496	-92.01118	LAX_LV_EPICARDIAL	8	1.0	1.0
41.31103	-22.74806	-93.70267	LAX_LV_EPICARDIAL	8	1.0	1.0
43.67274	-20.03117	-95.39416	LAX_LV_EPICARDIAL	8	1.0	1.0
45.13251	-17.31427	-96.00675	LAX_LV_EPICARDIAL	8	1.0	1.0
46.59227	-14.59737	-96.61933	LAX_LV_EPICARDIAL	8	1.0	1.0
47.15010	-11.88047	-96.15301	LAX_LV_EPICARDIAL	8	1.0	1.0
46.80598	-9.16358	-94.60778	LAX_LV_EPICARDIAL	8	1.0	1.0
46.46187	-6.44668	-93.06254	LAX_LV_EPICARDIAL	8	1.0	1.0
46.11775	-3.72978	-91.51731	LAX_LV_EPICARDIAL	8	1.0	1.0
45.77364	-1.01288	-89.97208	LAX_LV_EPICARDIAL	8	1.0	1.0
44.52758	1.70402	-87.34794	LAX_LV_EPICARDIAL	8	1.0	1.0
44.18347	4.42092	-85.80271	LAX_LV_EPICARDIAL	8	1.0	1.0
43.83935	7.13781	-84.25747	LAX_LV_EPICARDIAL	8	1.0	1.0
43.49524	9.85471	-82.71224	LAX_LV_EPICARDIAL	8	1.0	1.0
43.15112	12.57161	-81.16701	LAX_LV_EPICARDIAL	8	1.0	1.0
42.80701	15.28851	-79.62178	LAX_LV_EPICARDIAL	8	1.0	1.0
42.46289	18.00541	-78.07654	LAX_LV_EPICARDIAL	8	1.0	1.0
42.11878	20.72231	-76.53131	LAX_LV_EPICARDIAL	8	1.0	1.0
41.77466	23.43921	-74.98608	LAX_LV_EPICARDIAL	8	1.0	1.0
41.43055	26.15610	-73.44084	LAX_LV_EPICARDIAL	8	1.0	1.0
41.08643	28.87300	-71.89561	LAX_LV_EPICARDIAL	8	1.0	1.0
39.84038	31.58990	-69.27147	LAX_LV_EPICARDIAL	8	1.0	1.0
39.49626	34.30680	-67.72624	LAX_LV_EPICARDIAL	8	1.0	1.0
38.25021	37.02370	-65.10210	LAX_LV_EPICARDIAL	8	1.0	1.0
37.00415	39.74060	-62.47796	LAX_LV_EPICARDIAL	8	1.0	1.0
35.47918	41.09905	-60.08698	LAX_LV_EPICARDIAL	8	1.0	1.0
34.23313	43.81595	-57.46284	LAX_LV_EPICARDIAL	8	1.0	1.0
32.70816	45.17440	-55.07186	LAX_LV_EPICARDIAL	8	1.0	1.0
31.18319	46.53285	-52.68088	LAX_LV_EPICARDIAL	8	1.0	1.0
29.37931	46.53285	-50.52306	LAX_LV_EPICARDIAL	8	1.0	1.0
27.85434	47.89130	-48.13208	LAX_LV_EPICARDIAL	8	1.0	1.0
26.05046	47.89130	-45.97426	LAX_LV_EPICARDIAL	8	1.0	1.0
24.52549	49.24975	-43.58328	LAX_LV_EPICARDIAL	8	1.0	1.0
22.44270	47.89131	-41.65863	LAX_LV_EPICARDIAL	8	1.0	1.0
20.35990	46.53286	-39.73397	LAX_LV_EPICARDIAL	8	1.0	1.0
0.07168	18.00545	-27.36783	LAX_LV_EPICARDIAL	8	1.0	1.0
-1.73220	18.00545	-25.21001	LAX_LV_EPICARDIAL	8	1.0	1.0
-4.45612	0.34562	-29.32003	LAX_LV_ENDOCARDIAL	8	1.0	1.0
-2.37333	1.70406	-31.24468	LAX_LV_ENDOCARDIAL	8	1.0	1.0
-0.29054	3.06251	-33.16934	LAX_LV_ENDOCARDIAL	8	1.0	1.0
1.51335	3.06251	-35.32716	LAX_LV_ENDOCARDIAL	8	1.0	1.0
3.31723	3.06251	-37.48497	LAX_LV_ENDOCARDIAL	8	1.0	1.0
4.84219	1.70406	-39.87595	LAX_LV_ENDOCARDIAL	8	1.0	1.0
6.08825	-1.01284	-42.50009	LAX_LV_ENDOCARDIAL	8	1.0	1.0
7.61322	-2.37129	-44.89107	LAX_LV_ENDOCARDIAL	8	1.0	1.0
9.13819	-3.72974	-47.28205	LAX_LV_ENDOCARDIAL	8	1.0	1.0
10.66316	-5.08819	-49.67303	LAX_LV_ENDOCARDIAL	8	1.0	1.0
12.18812	-6.44664	-52.06401	LAX_LV_ENDOCARDIAL	8	1.0	1.0
13.71309	-7.80510	-54.45499	LAX_LV_ENDOCARDIAL	8	1.0	1.0
15.23806	-9.16355	-56.84597	LAX_LV_ENDOCARDIAL	8	1.0	1.0
16.76303	-10.52200	-59.23695	LAX_LV_ENDOCARDIAL	8	1.0	1.0
18.28800	-11.88045	-61.62793	LAX_LV_ENDOCARDIAL	8	1.0	1.0
20.09188	-11.88045	-63.78575	LAX_LV_ENDOCARDIAL	8	1.0	1.0
21.61685	-13.23890	-66.17673	LAX_LV_ENDOCARDIAL	8	1.0	1.0
23.14182	-14.59735	-68.56771	LAX_LV_ENDOCARDIAL	8	1.0	1.0
24.66678	-15.95580	-70.95868	LAX_LV_ENDOCARDIAL	8	1.0	1.0
26.47067	-15.95580	-73.11650	LAX_LV_ENDOCARDIAL	8	1.0	1.0
27.99563	-17.31425	-75.50748	LAX_LV_ENDOCARDIAL	8	1.0	1.0
29.52060	-18.67270	-77.89846	LAX_LV_ENDOCARDIAL	8	1.0	1.0
31.32448	-18.67270	-80.05628	LAX_LV_ENDOCARDIAL	8	1.0	1.0
33.12837	-18.67271	-82.21410	LAX_LV_ENDOCARDIAL	8	1.0	1.0
34.93225	-18.67271	-84.37191	LAX_LV_ENDOCARDIAL	8	1.0	1.0
36.45721	-20.03116	-86.76289	LAX_LV_ENDOCARDIAL	8	1.0	1.0
38.26110	-20.03116	-88.92071	LAX_LV_ENDOCARDIAL	8	1.0	1.0
40.06498	-20.03116	-91.07853	LAX_LV_ENDOCARDIAL	8	1.0	1.0
41.52474	-17.31427	-91.69111	LAX_LV_ENDOCARDIAL	8	1.0	1.0
42.08257	-14.59737	-91.22479	LAX_LV_ENDOCARDIAL	8	1.0	1.0
41.73845	-11.88047	-89.67956	LAX_LV_ENDOCARDIAL	8	1.0	1.0
40.49240	-9.16357	-87.05542	LAX_LV_ENDOCARDIAL	8	1.0	1.0
38.96743	-7.80512	-84.66444	LAX_LV_ENDOCARDIAL	8	1.0	1.0
37.72137	-5.08822	-82.04029	LAX_LV_ENDOCARDIAL	8	1.0	1.0
37.37726	-2.37132	-80.49506	LAX_LV_ENDOCARDIAL	8	1.0	1.0
37.03314	0.34558	-78.94983	LAX_LV_ENDOCARDIAL	8	1.0	1.0
35.78709	3.06248	-76.32569	LAX_LV_ENDOCARDIAL	8	1.0	1.0
34.54103	5.77937	-73.70155	LAX_LV_ENDOCARDIAL	8	1.0	1.0
33.29498	8.49627	-71.07741	LAX_LV_ENDOCARDIAL	8	1.0	1.0
32.95086	11.21317	-69.53217	LAX_LV_ENDOCARDIAL	8	1.0	1.0
31.70481	13.93007	-66.90803	LAX_LV_ENDOCARDIAL	8	1.0	1.0
31.36069	16.64697	-65.36280	LAX_LV_ENDOCARDIAL	8	1.0	1.0
30.11464	19.36387	-62.73866	LAX_LV_ENDOCARDIAL	8	1.0	1.0
30.67246	22.08077	-62.27233	LAX_LV_ENDOCARDIAL	8	1.0	1.0
31.23029	24.79766	-61.80601	LAX_LV_ENDOCARDIAL	8	1.0	1.0
30.88617	27.51456	-60.26078	LAX_LV_ENDOCARDIAL	8	1.0	1.0
29.64012	30.23146	-57.63664	LAX_LV_ENDOCARDIAL	8	1.0	1.0
28.39406	32.94836	-55.01250	LAX_LV_ENDOCARDIAL	8	1.0	1.0
27.14801	35.66526	-52.38835	LAX_LV_ENDOCARDIAL	8	1.0	1.0
25.34412	35.66526	-50.23054	LAX_LV_ENDOCARDIAL	8	1.0	1.0
24.09807	38.38216	-47.60640	LAX_LV_ENDOCARDIAL	8	1.0	1.0
22.01527	37.02371	-45.68174	LAX_LV_ENDOCARDIAL	8	1.0	1.0
20.49031	38.38216	-43.29076	LAX_LV_ENDOCARDIAL	8	1.0	1.0
0.07168	18.00545	-27.36783	LAX_LV_ENDOCARDIAL	8	1.0	1.0
-1.73220	18.00545	-25.21001	LAX_LV_ENDOCARDIAL	8	1.0	1.0
-26.74383	-15.95575	-9.46089	LAX_RV_EPICARDIAL	8	1.0	1.0
-25.21886	-17.31420	-11.85187	LAX_RV_EPICARDIAL	8	1.0	1.0
-23.69389	-18.67265	-14.24284	LAX_RV_EPICARDIAL	8	1.0	1.0
-21.89001	-18.67265	-16.40066	LAX_RV_EPICARDIAL	8	1.0	1.0
-20.36504	-20.03110	-18.79164	LAX_RV_EPICARDIAL	8	1.0	1.0
-18.56116	-20.03111	-20.94946	LAX_RV_EPICARDIAL	8	1.0	1.0
-17.03619	-21.38956	-23.34044	LAX_RV_EPICARDIAL	8	1.0	1.0
-15.51123	-22.74801	-25.73142	LAX_RV_EPICARDIAL	8	1.0	1.0
-13.98626	-24.10646	-28.12240	LAX_RV_EPICARDIAL	8	1.0	1.0
-12.46129	-25.46491	-30.51338	LAX_RV_EPICARDIAL	8	1.0	1.0
-10.65741	-25.46491	-32.67119	LAX_RV_EPICARDIAL	8	1.0	1.0
-9.13244	-26.82336	-35.06217	LAX_RV_EPICARDIAL	8	1.0	1.0
-7.32856	-26.82336	-37.21999	LAX_RV_EPICARDIAL	8	1.0	1.0
-5.52468	-26.82336	-39.37781	LAX_RV_EPICARDIAL	8	1.0	1.0
-3.72080	-26.82336	-41.53563	LAX_RV_EPICARDIAL	8	1.0	1.0
-1.63800	-25.46492	-43.46028	LAX_RV_EPICARDIAL	8	1.0	1.0
0.16588	-25.46492	-45.61810	LAX_RV_EPICARDIAL	8	1.0	1.0
1.96976	-25.46492	-47.77592	LAX_RV_EPICARDIAL	8	1.0	1.0
3.77364	-25.46492	-49.93373	LAX_RV_EPICARDIAL	8	1.0	1.0
5.57752	-25.46492	-52.09155	LAX_RV_EPICARDIAL	8	1.0	1.0
7.38140	-25.46493	-54.24937	LAX_RV_EPICARDIAL	8	1.0	1.0
9.18529	-25.46493	-56.40719	LAX_RV_EPICARDIAL	8	1.0	1.0
-7.58937	-10.52197	-30.10641	LAX_RV_EPICARDIAL	8	1.0	1.0
-9.45845	-6.44662	-26.17020	LAX_RV_EPICARDIAL	8	1.0	1.0
-11.54124	-7.80507	-24.24555	LAX_RV_EPICARDIAL	8	1.0	1.0
-13.34513	-7.80507	-22.08773	LAX_RV_EPICARDIAL	8	1.0	1.0
-15.14901	-7.80507	-19.92991	LAX_RV_EPICARDIAL	8	1.0	1.0
-16.95289	-7.80507	-17.77209	LAX_RV_EPICARDIAL	8	1.0	1.0
-18.75677	-7.80506	-15.61428	LAX_RV_EPICARDIAL	8	1.0	1.0
-20.56065	-7.80506	-13.45646	LAX_RV_EPICARDIAL	8	1.0	1.0
-22.36453	-7.80506	-11.29864	LAX_RV_EPICARDIAL	8	1.0	1.0
-24.44733	-9.16351	-9.37399	LAX_RV_EPICARDIAL	8	1.0	1.0
-25.90709	-11.88040	-8.76140	LAX_RV_EPICARDIAL	8	1.0	1.0
-26.46492	-14.59730	-9.22772	LAX_RV_EPICARDIAL	8	1.0	1.0
18.96534	39.74062	-40.89978	MITRAL_VALVE	8	1.0	1.0
1.81036	22.08079	-27.74725	MITRAL_VALVE	8	1.0	1.0
-4.71693	16.64700	-22.20645	AORTA_VALVE	8	1.0	1.0
-7.71977	-2.37128	-26.54962	AORTA_VALVE	8	1.0	1.0
-47.14268	0.68635	-76.86197	LAX_RV_FREEWALL	7	1.0	12
-49.72073	-0.91494	-79.43293	LAX_RV_FREEWALL	7	1.0	12
-51.00975	-1.71558	-80.71841	LAX_RV_FREEWALL	7	1.0	12
-50.78824	-3.31688	-83.01992	LAX_RV_FREEWALL	7	1.0	12
-49.16694	-4.91817	-85.18671	LAX_RV_FREEWALL	7	1.0	12
-47.54565	-6.51946	-87.35350	LAX_RV_FREEWALL	7	1.0	12
-47.32414	-8.12075	-89.65501	LAX_RV_FREEWALL	7	1.0	12
-44.30306	-9.72204	-91.68707	LAX_RV_FREEWALL	7	1.0	12
-41.39274	-10.52269	-92.56837	LAX_RV_FREEWALL	7	1.0	12
-38.37167	-12.12398	-94.60044	LAX_RV_FREEWALL	7	1.0	12
-35.46135	-12.92463	-95.48174	LAX_RV_FREEWALL	7	1.0	12
-32.55103	-13.72527	-96.36305	LAX_RV_FREEWALL	7	1.0	12
-29.64071	-14.52592	-97.24435	LAX_RV_FREEWALL	7	1.0	12
-26.73039	-15.32657	-98.12566	LAX_RV_FREEWALL	7	1.0	12
-23.82007	-16.12721	-99.00697	LAX_RV_FREEWALL	7	1.0	12
-21.02051	-16.12721	-98.73752	LAX_RV_FREEWALL	7	1.0	12
-18.11019	-16.92786	-99.61882	LAX_RV_FREEWALL	7	1.0	12
-15.19987	-17.72851	-100.50013	LAX_RV_FREEWALL	7	1.0	12
-12.28955	-18.52915	-101.38144	LAX_RV_FREEWALL	7	1.0	12
-9.37923	-19.32980	-102.26274	LAX_RV_FREEWALL	7	1.0	12
-6.46891	-20.13045	-103.14405	LAX_RV_FREEWALL	7	1.0	12
-3.55860	-20.93109	-104.02535	LAX_RV_FREEWALL	7	1.0	12
-0.75903	-20.93109	-103.75591	LAX_RV_FREEWALL	7	1.0	12
2.15129	-21.73174	-104.63721	LAX_RV_FREEWALL	7	1.0	12
4.95085	-21.73174	-104.36776	LAX_RV_FREEWALL	7	1.0	12
7.75041	-21.73174	-104.09831	LAX_RV_FREEWALL	7	1.0	12
10.66073	-22.53239	-104.97962	LAX_RV_FREEWALL	7	1.0	12
13.46029	-22.53239	-104.71017	LAX_RV_FREEWALL	7	1.0	12
16.37061	-23.33303	-105.59148	LAX_RV_FREEWALL	7	1.0	12
19.17017	-23.33304	-105.32203	LAX_RV_FREEWALL	7	1.0	12
21.85898	-22.53239	-103.90182	LAX_RV_FREEWALL	7	1.0	12
24.43703	-20.93110	-101.33086	LAX_RV_FREEWALL	7	1.0	12
-48.65322	1.48700	-75.84594	LAX_RV_EPICARDIAL	7	1.0	12
-51.45278	1.48700	-76.11539	LAX_RV_EPICARDIAL	7	1.0	12
-54.25234	1.48700	-76.38484	LAX_RV_EPICARDIAL	7	1.0	12
-56.83039	-0.11429	-78.95580	LAX_RV_EPICARDIAL	7	1.0	12
-58.00866	-1.71558	-81.39204	LAX_RV_EPICARDIAL	7	1.0	12
-56.38736	-3.31687	-83.55882	LAX_RV_EPICARDIAL	7	1.0	12
-54.76607	-4.91817	-85.72561	LAX_RV_EPICARDIAL	7	1.0	12
-54.54456	-6.51946	-88.02712	LAX_RV_EPICARDIAL	7	1.0	12
-54.32304	-8.12075	-90.32863	LAX_RV_EPICARDIAL	7	1.0	12
-52.70175	-9.72204	-92.49542	LAX_RV_EPICARDIAL	7	1.0	12
-49.68067	-11.32333	-94.52748	LAX_RV_EPICARDIAL	7	1.0	12
-46.65960	-12.92462	-96.55954	LAX_RV_EPICARDIAL	7	1.0	12
-43.74928	-13.72527	-97.44085	LAX_RV_EPICARDIAL	7	1.0	12
-40.83896	-14.52592	-98.32215	LAX_RV_EPICARDIAL	7	1.0	12
-37.92864	-15.32656	-99.20346	LAX_RV_EPICARDIAL	7	1.0	12
-35.12908	-15.32656	-98.93401	LAX_RV_EPICARDIAL	7	1.0	12
-32.10800	-16.92786	-100.96607	LAX_RV_EPICARDIAL	7	1.0	12
-29.19768	-17.72850	-101.84738	LAX_RV_EPICARDIAL	7	1.0	12
-26.28736	-18.52915	-102.72868	LAX_RV_EPICARDIAL	7	1.0	12
-23.37705	-19.32980	-103.60999	LAX_RV_EPICARDIAL	7	1.0	12
-20.57748	-19.32980	-103.34054	LAX_RV_EPICARDIAL	7	1.0	12
-17.66716	-20.13044	-104.22185	LAX_RV_EPICARDIAL	7	1.0	12
-14.75685	-20.93109	-105.10315	LAX_RV_EPICARDIAL	7	1.0	12
-11.84653	-21.73174	-105.98446	LAX_RV_EPICARDIAL	7	1.0	12
-8.93621	-22.53238	-106.86576	LAX_RV_EPICARDIAL	7	1.0	12
-6.02589	-23.33303	-107.74707	LAX_RV_EPICARDIAL	7	1.0	12
-3.11557	-24.13367	-108.62838	LAX_RV_EPICARDIAL	7	1.0	12
-0.31601	-24.13368	-108.35893	LAX_RV_EPICARDIAL	7	1.0	12
2.48356	-24.13368	-108.08948	LAX_RV_EPICARDIAL	7	1.0	12
5.28312	-24.13368	-107.82003	LAX_RV_EPICARDIAL	7	1.0	12
8.08268	-24.13368	-107.55058	LAX_RV_EPICARDIAL	7	1.0	12
10.88224	-24.13368	-107.28113	LAX_RV_EPICARDIAL	7	1.0	12
13.68181	-24.13368	-107.01168	LAX_RV_EPICARDIAL	7	1.0	12
16.59212	-24.93433	-107.89299	LAX_RV_EPICARDIAL	7	1.0	12
19.39169	-24.93433	-107.62354	LAX_RV_EPICARDIAL	7	1.0	12
22.19125	-24.93433	-107.35409	LAX_RV_EPICARDIAL	7	1.0	12
24.88006	-24.13368	-105.93388	LAX_RV_EPICARDIAL	7	1.0	12
26.05832	-22.53239	-103.49765	LAX_RV_EPICARDIAL	7	1.0	12
28.74713	-21.73175	-102.07744	LAX_RV_EPICARDIAL	7	1.0	12
-19.18711	11.09474	-59.07293	LAX_RV_SEPTUM	7	1.0	12
24.21552	-19.32981	-99.02935	LAX_RV_SEPTUM	7	1.0	12
21.30520	-18.52916	-98.14804	LAX_RV_SEPTUM	7	1.0	12
18.28412	-16.92787	-96.11598	LAX_RV_SEPTUM	7	1.0	12
15.37380	-16.12722	-95.23468	LAX_RV_SEPTUM	7	1.0	12
12.35273	-14.52593	-93.20261	LAX_RV_SEPTUM	7	1.0	12
9.33165	-12.92464	-91.17055	LAX_RV_SEPTUM	7	1.0	12
6.31058	-11.32335	-89.13849	LAX_RV_SEPTUM	7	1.0	12
3.28950	-9.72206	-87.10643	LAX_RV_SEPTUM	7	1.0	12
1.66821	-8.12076	-84.93964	LAX_RV_SEPTUM	7	1.0	12
-1.35287	-6.51947	-82.90758	LAX_RV_SEPTUM	7	1.0	12
-2.97416	-4.91818	-80.74080	LAX_RV_SEPTUM	7	1.0	12
-4.59546	-3.31689	-78.57401	LAX_RV_SEPTUM	7	1.0	12
-6.21675	-1.71560	-76.40722	LAX_RV_SEPTUM	7	1.0	12
-7.83805	-0.11431	-74.24044	LAX_RV_SEPTUM	7	1.0	12
-9.45934	1.48699	-72.07365	LAX_RV_SEPTUM	7	1.0	12
-11.08064	3.08828	-69.90686	LAX_RV_SEPTUM	7	1.0	12
-12.70193	4.68957	-67.74008	LAX_RV_SEPTUM	7	1.0	12
-15.72300	6.29086	-65.70802	LAX_RV_SEPTUM	7	1.0	12
-17.34430	7.89215	-63.54123	LAX_RV_SEPTUM	7	1.0	12
-17.56581	9.49344	-61.23972	LAX_RV_SEPTUM	7	1.0	12
-19.00565	19.90184	-46.27990	LAX_LV_EPICARDIAL	7	1.0	12
-20.29467	19.10119	-47.56538	LAX_LV_EPICARDIAL	7	1.0	12
-18.67338	17.49990	-49.73216	LAX_LV_EPICARDIAL	7	1.0	12
-19.85165	15.89861	-52.16840	LAX_LV_EPICARDIAL	7	1.0	12
-19.63013	14.29732	-54.46991	LAX_LV_EPICARDIAL	7	1.0	12
-19.40862	12.69603	-56.77142	LAX_LV_EPICARDIAL	7	1.0	12
28.52562	-20.13046	-99.77593	LAX_LV_EPICARDIAL	7	1.0	12
31.43594	-20.93110	-100.65724	LAX_LV_EPICARDIAL	7	1.0	12
34.23550	-20.93110	-100.38779	LAX_LV_EPICARDIAL	7	1.0	12
37.03506	-20.93110	-100.11834	LAX_LV_EPICARDIAL	7	1.0	12
39.72387	-20.13046	-98.69813	LAX_LV_EPICARDIAL	7	1.0	12
42.41267	-19.32981	-97.27793	LAX_LV_EPICARDIAL	7	1.0	12
45.10148	-18.52917	-95.85773	LAX_LV_EPICARDIAL	7	1.0	12
46.27975	-16.92788	-93.42149	LAX_LV_EPICARDIAL	7	1.0	12
48.85780	-15.32659	-90.85053	LAX_LV_EPICARDIAL	7	1.0	12
48.63628	-13.72530	-88.54902	LAX_LV_EPICARDIAL	7	1.0	12
49.81455	-12.12401	-86.11278	LAX_LV_EPICARDIAL	7	1.0	12
50.99282	-10.52271	-83.67655	LAX_LV_EPICARDIAL	7	1.0	12
52.17109	-8.92142	-81.24031	LAX_LV_EPICARDIAL	7	1.0	12
53.34936	-7.32013	-78.80408	LAX_LV_EPICARDIAL	7	1.0	12
53.12784	-5.71884	-76.50256	LAX_LV_EPICARDIAL	7	1.0	12
54.30611	-4.11755	-74.06633	LAX_LV_EPICARDIAL	7	1.0	12
54.08460	-2.51626	-71.76482	LAX_LV_EPICARDIAL	7	1.0	12
55.26287	-0.91497	-69.32858	LAX_LV_EPICARDIAL	7	1.0	12
55.04135	0.68632	-67.02707	LAX_LV_EPICARDIAL	7	1.0	12
54.81984	2.28761	-64.72556	LAX_LV_EPICARDIAL	7	1.0	12
55.99811	3.88890	-62.28933	LAX_LV_EPICARDIAL	7	1.0	12
55.77660	5.49020	-59.98781	LAX_LV_EPICARDIAL	7	1.0	12
54.15530	7.09149	-57.82103	LAX_LV_EPICARDIAL	7	1.0	12
53.93379	8.69278	-55.51952	LAX_LV_EPICARDIAL	7	1.0	12
52.31249	10.29407	-53.35273	LAX_LV_EPICARDIAL	7	1.0	12
52.09098	11.89536	-51.05122	LAX_LV_EPICARDIAL	7	1.0	12
51.86947	13.49665	-48.74971	LAX_LV_EPICARDIAL	7	1.0	12
50.24817	15.09794	-46.58292	LAX_LV_EPICARDIAL	7	1.0	12
50.02666	16.69924	-44.28141	LAX_LV_EPICARDIAL	7	1.0	12
48.40537	18.30053	-42.11463	LAX_LV_EPICARDIAL	7	1.0	12
48.18385	19.90182	-39.81311	LAX_LV_EPICARDIAL	7	1.0	12
46.56256	21.50311	-37.64633	LAX_LV_EPICARDIAL	7	1.0	12
44.94126	23.10440	-35.47954	LAX_LV_EPICARDIAL	7	1.0	12
43.31997	24.70569	-33.31276	LAX_LV_EPICARDIAL	7	1.0	12
40.29889	26.30699	-31.28069	LAX_LV_EPICARDIAL	7	1.0	12
37.27782	27.90828	-29.24863	LAX_LV_EPICARDIAL	7	1.0	12
34.25674	29.50957	-27.21657	LAX_LV_EPICARDIAL	7	1.0	12
31.34642	30.31022	-26.33526	LAX_LV_EPICARDIAL	7	1.0	12
28.43611	31.11086	-25.45396	LAX_LV_EPICARDIAL	7	1.0	12
25.63654	31.11086	-25.72341	LAX_LV_EPICARDIAL	7	1.0	12
-15.98457	18.30055	-48.31196	LAX_LV_ENDOCARDIAL	7	1.0	12
-14.36328	16.69925	-50.47875	LAX_LV_ENDOCARDIAL	7	1.0	12
-12.74198	15.09796	-52.64553	LAX_LV_ENDOCARDIAL	7	1.0	12
-11.12069	13.49667	-54.81232	LAX_LV_ENDOCARDIAL	7	1.0	12
-8.09961	11.89538	-56.84438	LAX_LV_ENDOCARDIAL	7	1.0	12
-6.47832	10.29409	-59.01117	LAX_LV_ENDOCARDIAL	7	1.0	12
-3.45724	8.69279	-61.04323	LAX_LV_ENDOCARDIAL	7	1.0	12
-1.83595	7.09150	-63.21001	LAX_LV_ENDOCARDIAL	7	1.0	12
1.18513	5.49021	-65.24208	LAX_LV_ENDOCARDIAL	7	1.0	12
2.80642	3.88892	-67.40886	LAX_LV_ENDOCARDIAL	7	1.0	12
5.82750	2.28763	-69.44092	LAX_LV_ENDOCARDIAL	7	1.0	12
7.44879	0.68634	-71.60771	LAX_LV_ENDOCARDIAL	7	1.0	12
9.07009	-0.91496	-73.77450	LAX_LV_ENDOCARDIAL	7	1.0	12
10.69138	-2.51625	-75.94128	LAX_LV_ENDOCARDIAL	7	1.0	12
12.31267	-4.11754	-78.10807	LAX_LV_ENDOCARDIAL	7	1.0	12
13.93397	-5.71883	-80.27486	LAX_LV_ENDOCARDIAL	7	1.0	12
16.95504	-7.32012	-82.30692	LAX_LV_ENDOCARDIAL	7	1.0	12
19.97612	-8.92141	-84.33898	LAX_LV_ENDOCARDIAL	7	1.0	12
22.99719	-10.52271	-86.37104	LAX_LV_ENDOCARDIAL	7	1.0	12
26.01827	-12.12400	-88.40310	LAX_LV_ENDOCARDIAL	7	1.0	12
29.03935	-13.72529	-90.43516	LAX_LV_ENDOCARDIAL	7	1.0	12
32.06042	-15.32658	-92.46723	LAX_LV_ENDOCARDIAL	7	1.0	12
34.97074	-16.12723	-93.34853	LAX_LV_ENDOCARDIAL	7	1.0	12
37.88106	-16.92788	-94.22984	LAX_LV_ENDOCARDIAL	7	1.0	12
40.56987	-16.12723	-92.80963	LAX_LV_ENDOCARDIAL	7	1.0	12
40.34835	-14.52594	-90.50812	LAX_LV_ENDOCARDIAL	7	1.0	12
41.52662	-12.92465	-88.07189	LAX_LV_ENDOCARDIAL	7	1.0	12
41.30511	-11.32336	-85.77038	LAX_LV_ENDOCARDIAL	7	1.0	12
42.48338	-9.72207	-83.33414	LAX_LV_ENDOCARDIAL	7	1.0	12
42.26186	-8.12078	-81.03263	LAX_LV_ENDOCARDIAL	7	1.0	12
42.04035	-6.51948	-78.73112	LAX_LV_ENDOCARDIAL	7	1.0	12
43.21862	-4.91819	-76.29488	LAX_LV_ENDOCARDIAL	7	1.0	12
42.99710	-3.31690	-73.99337	LAX_LV_ENDOCARDIAL	7	1.0	12
42.77559	-1.71561	-71.69186	LAX_LV_ENDOCARDIAL	7	1.0	12
42.55408	-0.11432	-69.39035	LAX_LV_ENDOCARDIAL	7	1.0	12
42.33257	1.48697	-67.08884	LAX_LV_ENDOCARDIAL	7	1.0	12
43.51083	3.08826	-64.65260	LAX_LV_ENDOCARDIAL	7	1.0	12
43.28932	4.68955	-62.35109	LAX_LV_ENDOCARDIAL	7	1.0	12
41.66803	6.29085	-60.18431	LAX_LV_ENDOCARDIAL	7	1.0	12
41.44651	7.89214	-57.88279	LAX_LV_ENDOCARDIAL	7	1.0	12
41.22500	9.49343	-55.58128	LAX_LV_ENDOCARDIAL	7	1.0	12
39.60371	11.09472	-53.41450	LAX_LV_ENDOCARDIAL	7	1.0	12
39.38219	12.69601	-51.11299	LAX_LV_ENDOCARDIAL	7	1.0	12
37.76090	14.29730	-48.94620	LAX_LV_ENDOCARDIAL	7	1.0	12
37.53939	15.89859	-46.64469	LAX_LV_ENDOCARDIAL	7	1.0	12
37.31787	17.49988	-44.34318	LAX_LV_ENDOCARDIAL	7	1.0	12
35.69658	19.10118	-42.17639	LAX_LV_ENDOCARDIAL	7	1.0	12
32.67550	20.70247	-40.14433	LAX_LV_ENDOCARDIAL	7	1.0	12
31.05421	22.30376	-37.97754	LAX_LV_ENDOCARDIAL	7	1.0	12
28.03313	23.90505	-35.94548	LAX_LV_ENDOCARDIAL	7	1.0	12
25.01206	25.50634	-33.91342	LAX_LV_ENDOCARDIAL	7	1.0	12
21.99098	27.10764	-31.88136	LAX_LV_ENDOCARDIAL	7	1.0	12
20.36969	28.70893	-29.71457	LAX_LV_ENDOCARDIAL	7	1.0	12
-48.65322	1.48700	-75.84594	LAX_RV_EPICARDIAL	7	1.0	12
-51.45278	1.48700	-76.11539	LAX_RV_EPICARDIAL	7	1.0	12
-54.25234	1.48700	-76.38484	LAX_RV_EPICARDIAL	7	1.0	12
-56.83039	-0.11429	-78.95580	LAX_RV_EPICARDIAL	7	1.0	12
-58.00866	-1.71558	-81.39204	LAX_RV_EPICARDIAL	7	1.0	12
-56.38736	-3.31687	-83.55882	LAX_RV_EPICARDIAL	7	1.0	12
-54.76607	-4.91817	-85.72561	LAX_RV_EPICARDIAL	7	1.0	12
-54.54456	-6.51946	-88.02712	LAX_RV_EPICARDIAL	7	1.0	12
-54.32304	-8.12075	-90.32863	LAX_RV_EPICARDIAL	7	1.0	12
-52.70175	-9.72204	-92.49542	LAX_RV_EPICARDIAL	7	1.0	12
-49.68067	-11.32333	-94.52748	LAX_RV_EPICARDIAL	7	1.0	12
-46.65960	-12.92462	-96.55954	LAX_RV_EPICARDIAL	7	1.0	12
-43.74928	-13.72527	-97.44085	LAX_RV_EPICARDIAL	7	1.0	12
-40.83896	-14.52592	-98.32215	LAX_RV_EPICARDIAL	7	1.0	12
-37.92864	-15.32656	-99.20346	LAX_RV_EPICARDIAL	7	1.0	12
-35.12908	-15.32656	-98.93401	LAX_RV_EPICARDIAL	7	1.0	12
-32.10800	-16.92786	-100.96607	LAX_RV_EPICARDIAL	7	1.0	12
-29.19768	-17.72850	-101.84738	LAX_RV_EPICARDIAL	7	1.0	12
-26.28736	-18.52915	-102.72868	LAX_RV_EPICARDIAL	7	1.0	12
-23.37705	-19.32980	-103.60999	LAX_RV_EPICARDIAL	7	1.0	12
-20.57748	-19.32980	-103.34054	LAX_RV_EPICARDIAL	7	1.0	12
-17.66716	-20.13044	-104.22185	LAX_RV_EPICARDIAL	7	1.0	12
-14.75685	-20.93109	-105.10315	LAX_RV_EPICARDIAL	7	1.0	12
-11.84653	-21.73174	-105.98446	LAX_RV_EPICARDIAL	7	1.0	12
-8.93621	-22.53238	-106.86576	LAX_RV_EPICARDIAL	7	1.0	12
-6.02589	-23.33303	-107.74707	LAX_RV_EPICARDIAL	7	1.0	12
-3.11557	-24.13367	-108.62838	LAX_RV_EPICARDIAL	7	1.0	12
-0.31601	-24.13368	-108.35893	LAX_RV_EPICARDIAL	7	1.0	12
2.48356	-24.13368	-108.08948	LAX_RV_EPICARDIAL	7	1.0	12
5.28312	-24.13368	-107.82003	LAX_RV_EPICARDIAL	7	1.0	12
8.08268	-24.13368	-107.55058	LAX_RV_EPICARDIAL	7	1.0	12
10.88224	-24.13368	-107.28113	LAX_RV_EPICARDIAL	7	1.0	12
13.68181	-24.13368	-107.01168	LAX_RV_EPICARDIAL	7	1.0	12
16.59212	-24.93433	-107.89299	LAX_RV_EPICARDIAL	7	1.0	12
19.39169	-24.93433	-107.62354	LAX_RV_EPICARDIAL	7	1.0	12
22.19125	-24.93433	-107.35409	LAX_RV_EPICARDIAL	7	1.0	12
24.88006	-24.13368	-105.93388	LAX_RV_EPICARDIAL	7	1.0	12
26.05832	-22.53239	-103.49765	LAX_RV_EPICARDIAL	7	1.0	12
28.74713	-21.73175	-102.07744	LAX_RV_EPICARDIAL	7	1.0	12
21.32644	31.91151	-24.97683	MITRAL_VALVE	7	1.0	12
-16.31684	20.70248	-44.85969	MITRAL_VALVE	7	1.0	12
-47.36419	2.28764	-74.56046	TRICUSPID_VALVE	7	1.0	12
-20.58689	11.09474	-59.20766	TRICUSPID_VALVE	7	1.0	12
37.03506	-20.93110	-100.11834	APEX_POINT	7	1.0	12
-10.69615	-17.18623	-3.95481	LAX_RV_FREEWALL	11	1.0	12
-10.31784	-17.17635	-6.74174	LAX_RV_FREEWALL	11	1.0	12
-9.93953	-17.16647	-9.52866	LAX_RV_FREEWALL	11	1.0	12
-9.47580	-18.56023	-12.30896	LAX_RV_FREEWALL	11	1.0	12
-9.09749	-18.55035	-15.09589	LAX_RV_FREEWALL	11	1.0	12
-8.71917	-18.54047	-17.88281	LAX_RV_FREEWALL	11	1.0	12
-8.25545	-19.93423	-20.66311	LAX_RV_FREEWALL	11	1.0	12
-7.87713	-19.92436	-23.45004	LAX_RV_FREEWALL	11	1.0	12
-7.41341	-21.31812	-26.23034	LAX_RV_FREEWALL	11	1.0	12
-7.03509	-21.30824	-29.01726	LAX_RV_FREEWALL	11	1.0	12
-6.57136	-22.70200	-31.79757	LAX_RV_FREEWALL	11	1.0	12
-6.19305	-22.69212	-34.58449	LAX_RV_FREEWALL	11	1.0	12
-5.72932	-24.08588	-37.36479	LAX_RV_FREEWALL	11	1.0	12
-5.35101	-24.07600	-40.15172	LAX_RV_FREEWALL	11	1.0	12
-4.88728	-25.46976	-42.93202	LAX_RV_FREEWALL	11	1.0	12
-4.50897	-25.45988	-45.71894	LAX_RV_FREEWALL	11	1.0	12
-4.13066	-25.45000	-48.50587	LAX_RV_FREEWALL	11	1.0	12
-3.75235	-25.44012	-51.29279	LAX_RV_FREEWALL	11	1.0	12
-3.45945	-24.02660	-54.08633	LAX_RV_FREEWALL	11	1.0	12
-3.08114	-24.01673	-56.87325	LAX_RV_FREEWALL	11	1.0	12
-2.70283	-24.00685	-59.66018	LAX_RV_FREEWALL	11	1.0	12
-2.23910	-25.40061	-62.44048	LAX_RV_FREEWALL	11	1.0	12
-1.86079	-25.39073	-65.22740	LAX_RV_FREEWALL	11	1.0	12
-1.39706	-26.78449	-68.00771	LAX_RV_FREEWALL	11	1.0	12
-1.01875	-26.77461	-70.79463	LAX_RV_FREEWALL	11	1.0	12
-0.64043	-26.76473	-73.58155	LAX_RV_FREEWALL	11	1.0	12
-0.26212	-26.75485	-76.36848	LAX_RV_FREEWALL	11	1.0	12
0.20161	-28.14861	-79.14878	LAX_RV_FREEWALL	11	1.0	12
0.57992	-28.13873	-81.93570	LAX_RV_FREEWALL	11	1.0	12
0.87281	-26.72521	-84.72925	LAX_RV_FREEWALL	11	1.0	12
1.25113	-26.71534	-87.51617	LAX_RV_FREEWALL	11	1.0	12
1.62944	-26.70546	-90.30309	LAX_RV_FREEWALL	11	1.0	12
2.00775	-26.69558	-93.09002	LAX_RV_FREEWALL	11	1.0	12
2.38606	-26.68570	-95.87694	LAX_RV_FREEWALL	11	1.0	12
2.76438	-26.67582	-98.66386	LAX_RV_FREEWALL	11	1.0	12
3.14269	-26.66594	-101.45079	LAX_RV_FREEWALL	11	1.0	12
3.43558	-25.25242	-104.24433	LAX_RV_FREEWALL	11	1.0	12
3.72848	-23.83891	-107.03787	LAX_RV_FREEWALL	11	1.0	12
3.55765	-21.03163	-107.05111	LAX_RV_FREEWALL	11	1.0	12
3.38682	-18.22435	-107.06435	LAX_RV_FREEWALL	11	1.0	12
3.02683	-15.42202	-105.68413	LAX_RV_FREEWALL	11	1.0	12
2.47768	-12.62462	-102.91044	LAX_RV_FREEWALL	11	1.0	12
2.11770	-9.82228	-101.53022	LAX_RV_FREEWALL	11	1.0	12
1.75771	-7.01994	-100.15000	LAX_RV_FREEWALL	11	1.0	12
1.20856	-4.22254	-97.37631	LAX_RV_FREEWALL	11	1.0	12
0.84858	-1.42021	-95.99609	LAX_RV_FREEWALL	11	1.0	12
0.29943	1.37719	-93.22240	LAX_RV_FREEWALL	11	1.0	12
-0.24971	4.17459	-90.44872	LAX_RV_FREEWALL	11	1.0	12
-0.60970	6.97693	-89.06850	LAX_RV_FREEWALL	11	1.0	12
-0.98801	6.96705	-86.28157	LAX_RV_FREEWALL	11	1.0	12
-1.00634	4.15483	-84.87487	LAX_RV_SEPTUM	11	1.0	12
-1.21382	1.33768	-82.07471	LAX_RV_SEPTUM	11	1.0	12
-1.42130	-1.47948	-79.27455	LAX_RV_SEPTUM	11	1.0	12
-1.62878	-4.29663	-76.47439	LAX_RV_SEPTUM	11	1.0	12
-1.83626	-7.11379	-73.67423	LAX_RV_SEPTUM	11	1.0	12
-2.12915	-8.52731	-70.88068	LAX_RV_SEPTUM	11	1.0	12
-2.42205	-9.94082	-68.08714	LAX_RV_SEPTUM	11	1.0	12
-2.80036	-9.95070	-65.30022	LAX_RV_SEPTUM	11	1.0	12
-3.09326	-11.36422	-62.50668	LAX_RV_SEPTUM	11	1.0	12
-3.47157	-11.37410	-59.71975	LAX_RV_SEPTUM	11	1.0	12
-3.76447	-12.78762	-56.92621	LAX_RV_SEPTUM	11	1.0	12
-4.14278	-12.79750	-54.13929	LAX_RV_SEPTUM	11	1.0	12
-4.52109	-12.80737	-51.35236	LAX_RV_SEPTUM	11	1.0	12
-4.81399	-14.22089	-48.55882	LAX_RV_SEPTUM	11	1.0	12
-5.19230	-14.23077	-45.77190	LAX_RV_SEPTUM	11	1.0	12
-5.57061	-14.24065	-42.98497	LAX_RV_SEPTUM	11	1.0	12
-5.94892	-14.25053	-40.19805	LAX_RV_SEPTUM	11	1.0	12
-6.32724	-14.26041	-37.41113	LAX_RV_SEPTUM	11	1.0	12
-6.79096	-12.86665	-34.63082	LAX_RV_SEPTUM	11	1.0	12
-7.16928	-12.87653	-31.84390	LAX_RV_SEPTUM	11	1.0	12
-7.63300	-11.48277	-29.06360	LAX_RV_SEPTUM	11	1.0	12
-8.09673	-10.08901	-26.28329	LAX_RV_SEPTUM	11	1.0	12
-8.56046	-8.69525	-23.50299	LAX_RV_SEPTUM	11	1.0	12
-9.02419	-7.30149	-20.72269	LAX_RV_SEPTUM	11	1.0	12
-9.48792	-5.90773	-17.94238	LAX_RV_SEPTUM	11	1.0	12
-9.95164	-4.51397	-15.16208	LAX_RV_SEPTUM	11	1.0	12
-10.50079	-1.71657	-12.38839	LAX_RV_SEPTUM	11	1.0	12
-10.71447	-19.99845	-2.54811	LAX_RV_EPICARDIAL	11	1.0	12
-10.33616	-19.98857	-5.33503	LAX_RV_EPICARDIAL	11	1.0	12
-9.95785	-19.97869	-8.12196	LAX_RV_EPICARDIAL	11	1.0	12
-9.49412	-21.37245	-10.90226	LAX_RV_EPICARDIAL	11	1.0	12
-9.11581	-21.36257	-13.68918	LAX_RV_EPICARDIAL	11	1.0	12
-8.65208	-22.75633	-16.46949	LAX_RV_EPICARDIAL	11	1.0	12
-8.27377	-22.74645	-19.25641	LAX_RV_EPICARDIAL	11	1.0	12
-7.81004	-24.14021	-22.03672	LAX_RV_EPICARDIAL	11	1.0	12
-7.34631	-25.53397	-24.81702	LAX_RV_EPICARDIAL	11	1.0	12
-6.96800	-25.52409	-27.60394	LAX_RV_EPICARDIAL	11	1.0	12
-6.50427	-26.91785	-30.38425	LAX_RV_EPICARDIAL	11	1.0	12
-6.12596	-26.90797	-33.17117	LAX_RV_EPICARDIAL	11	1.0	12
-5.66223	-28.30173	-35.95147	LAX_RV_EPICARDIAL	11	1.0	12
-5.28392	-28.29185	-38.73840	LAX_RV_EPICARDIAL	11	1.0	12
-4.90561	-28.28197	-41.52532	LAX_RV_EPICARDIAL	11	1.0	12
-4.52730	-28.27210	-44.31224	LAX_RV_EPICARDIAL	11	1.0	12
-4.14898	-28.26222	-47.09917	LAX_RV_EPICARDIAL	11	1.0	12
-3.77067	-28.25234	-49.88609	LAX_RV_EPICARDIAL	11	1.0	12
-3.39236	-28.24246	-52.67301	LAX_RV_EPICARDIAL	11	1.0	12
-3.09946	-26.82894	-55.46655	LAX_RV_EPICARDIAL	11	1.0	12
-2.72115	-26.81906	-58.25348	LAX_RV_EPICARDIAL	11	1.0	12
-2.25742	-28.21282	-61.03378	LAX_RV_EPICARDIAL	11	1.0	12
-1.87911	-28.20294	-63.82070	LAX_RV_EPICARDIAL	11	1.0	12
-1.41538	-29.59670	-66.60101	LAX_RV_EPICARDIAL	11	1.0	12
-0.95165	-30.99046	-69.38131	LAX_RV_EPICARDIAL	11	1.0	12
-0.57334	-30.98059	-72.16823	LAX_RV_EPICARDIAL	11	1.0	12
-0.28045	-29.56707	-74.96178	LAX_RV_EPICARDIAL	11	1.0	12
0.09787	-29.55719	-77.74870	LAX_RV_EPICARDIAL	11	1.0	12
0.47618	-29.54731	-80.53562	LAX_RV_EPICARDIAL	11	1.0	12
0.85449	-29.53743	-83.32255	LAX_RV_EPICARDIAL	11	1.0	12
1.23280	-29.52755	-86.10947	LAX_RV_EPICARDIAL	11	1.0	12
1.61111	-29.51767	-88.89639	LAX_RV_EPICARDIAL	11	1.0	12
1.98943	-29.50780	-91.68332	LAX_RV_EPICARDIAL	11	1.0	12
2.36774	-29.49792	-94.47024	LAX_RV_EPICARDIAL	11	1.0	12
2.74605	-29.48804	-97.25716	LAX_RV_EPICARDIAL	11	1.0	12
3.12436	-29.47816	-100.04409	LAX_RV_EPICARDIAL	11	1.0	12
3.41726	-28.06464	-102.83763	LAX_RV_EPICARDIAL	11	1.0	12
3.79557	-28.05476	-105.62455	LAX_RV_EPICARDIAL	11	1.0	12
4.08847	-26.64125	-108.41809	LAX_RV_EPICARDIAL	11	1.0	12
4.38136	-25.22773	-111.21164	LAX_RV_EPICARDIAL	11	1.0	12
4.21053	-22.42045	-111.22487	LAX_RV_EPICARDIAL	11	1.0	12
4.03970	-19.61317	-111.23811	LAX_RV_EPICARDIAL	11	1.0	12
3.86887	-16.80590	-111.25135	LAX_RV_EPICARDIAL	11	1.0	12
3.50888	-14.00356	-109.87113	LAX_RV_EPICARDIAL	11	1.0	12
3.14889	-11.20122	-108.49091	LAX_RV_EPICARDIAL	11	1.0	12
2.59975	-8.40382	-105.71722	LAX_RV_EPICARDIAL	11	1.0	12
2.23976	-5.60148	-104.33700	LAX_RV_EPICARDIAL	11	1.0	12
1.87977	-2.79915	-102.95678	LAX_RV_EPICARDIAL	11	1.0	12
1.33063	-0.00175	-100.18309	LAX_RV_EPICARDIAL	11	1.0	12
0.78149	2.79565	-97.40941	LAX_RV_EPICARDIAL	11	1.0	12
0.23234	5.59305	-94.63572	LAX_RV_EPICARDIAL	11	1.0	12
-0.12765	8.39539	-93.25550	LAX_RV_EPICARDIAL	11	1.0	12
-0.48763	11.19772	-91.87528	LAX_RV_EPICARDIAL	11	1.0	12
-0.95136	12.59148	-89.09497	LAX_RV_EPICARDIAL	11	1.0	12
-1.32967	12.58161	-86.30805	LAX_RV_EPICARDIAL	11	1.0	12
-1.15884	9.77433	-86.29481	LAX_RV_EPICARDIAL	11	1.0	12
-0.98801	6.96705	-86.28157	LAX_RV_EPICARDIAL	11	1.0	12
-11.34903	-15.79741	0.21895	PULMONARY_VALVE	11	1.0	12
-11.06826	-1.73139	-8.20801	PULMONARY_VALVE	11	1.0	12
