x	y	z	contour type	frameID	weight	time frame
-40.50133	-22.05875	-31.53655	SAX_RV_FREEWALL	2	1.0	4
-42.19789	-20.95398	-33.94256	SAX_RV_FREEWALL	2	1.0	4
-43.89446	-19.84921	-36.34856	SAX_RV_FREEWALL	2	1.0	4
-46.12215	-19.84922	-38.06540	SAX_RV_FREEWALL	2	1.0	4
-47.81872	-18.74445	-40.47141	SAX_RV_FREEWALL	2	1.0	4
-50.04641	-18.74445	-42.18825	SAX_RV_FREEWALL	2	1.0	4
-51.74297	-17.63969	-44.59425	SAX_RV_FREEWALL	2	1.0	4
-53.43954	-16.53492	-47.00026	SAX_RV_FREEWALL	2	1.0	4
-55.13611	-15.43016	-49.40626	SAX_RV_FREEWALL	2	1.0	4
-57.36380	-15.43016	-51.12310	SAX_RV_FREEWALL	2	1.0	4
-59.06036	-14.32539	-53.52911	SAX_RV_FREEWALL	2	1.0	4
-60.75693	-13.22063	-55.93511	SAX_RV_FREEWALL	2	1.0	4
-62.45350	-12.11586	-58.34111	SAX_RV_FREEWALL	2	1.0	4
-62.50510	-9.90632	-60.57785	SAX_RV_FREEWALL	2	1.0	4
-61.44286	-7.69679	-61.95616	SAX_RV_FREEWALL	2	1.0	4
-61.49446	-5.48725	-64.19290	SAX_RV_FREEWALL	2	1.0	4
-61.54606	-3.27772	-66.42963	SAX_RV_FREEWALL	2	1.0	4
-62.71151	-1.06818	-69.52479	SAX_RV_FREEWALL	2	1.0	4
-60.53542	1.14136	-70.04468	SAX_RV_FREEWALL	2	1.0	4
-59.47318	3.35089	-71.42300	SAX_RV_FREEWALL	2	1.0	4
-57.29710	5.56043	-71.94289	SAX_RV_FREEWALL	2	1.0	4
-56.23485	7.76997	-73.32120	SAX_RV_FREEWALL	2	1.0	4
-54.05877	9.97950	-73.84109	SAX_RV_FREEWALL	2	1.0	4
-51.88268	12.18904	-74.36098	SAX_RV_FREEWALL	2	1.0	4
-49.70660	14.39858	-74.88087	SAX_RV_FREEWALL	2	1.0	4
-47.53051	16.60812	-75.40076	SAX_RV_FREEWALL	2	1.0	4
-45.35442	18.81766	-75.92065	SAX_RV_FREEWALL	2	1.0	4
-43.17834	21.02719	-76.44054	SAX_RV_FREEWALL	2	1.0	4
-39.88841	23.23673	-76.10201	SAX_RV_FREEWALL	2	1.0	4
-36.59848	25.44627	-75.76348	SAX_RV_FREEWALL	2	1.0	4
-33.83967	26.55104	-74.73579	SAX_RV_FREEWALL	2	1.0	4
-31.08086	27.65581	-73.70810	SAX_RV_FREEWALL	2	1.0	4
-28.85317	27.65581	-71.99126	SAX_RV_FREEWALL	2	1.0	4
-27.15660	26.55105	-69.58525	SAX_RV_FREEWALL	2	1.0	4
-24.92891	26.55105	-67.86841	SAX_RV_FREEWALL	2	1.0	4
-5.80225	-5.48720	-21.27176	SAX_RV_FREEWALL	2	1.0	4
-6.86449	-7.69673	-19.89344	SAX_RV_FREEWALL	2	1.0	4
-9.04058	-9.90627	-19.37355	SAX_RV_FREEWALL	2	1.0	4
-8.98898	-12.11581	-17.13682	SAX_RV_FREEWALL	2	1.0	4
-7.29241	-13.22057	-14.73081	SAX_RV_FREEWALL	2	1.0	4
-6.12696	-15.43011	-11.63565	SAX_RV_FREEWALL	2	1.0	4
-8.30305	-17.63964	-11.11576	SAX_RV_FREEWALL	2	1.0	4
-11.06186	-18.74441	-12.14345	SAX_RV_FREEWALL	2	1.0	4
-13.82067	-19.84918	-13.17114	SAX_RV_FREEWALL	2	1.0	4
-16.04836	-19.84919	-14.88799	SAX_RV_FREEWALL	2	1.0	4
-18.80717	-20.95396	-15.91568	SAX_RV_FREEWALL	2	1.0	4
-21.03485	-20.95396	-17.63252	SAX_RV_FREEWALL	2	1.0	4
-23.79366	-22.05873	-18.66021	SAX_RV_FREEWALL	2	1.0	4
-26.02135	-22.05873	-20.37706	SAX_RV_FREEWALL	2	1.0	4
-28.24904	-22.05873	-22.09390	SAX_RV_FREEWALL	2	1.0	4
-30.47673	-22.05874	-23.81075	SAX_RV_FREEWALL	2	1.0	4
-32.70442	-22.05874	-25.52759	SAX_RV_FREEWALL	2	1.0	4
-34.93211	-22.05874	-27.24444	SAX_RV_FREEWALL	2	1.0	4
-37.15979	-22.05874	-28.96128	SAX_RV_FREEWALL	2	1.0	4
-39.38748	-22.05875	-30.67813	SAX_RV_FREEWALL	2	1.0	4
-40.98084	-25.37305	-28.61066	SAX_RV_EPICARDIAL	2	1.0	4
-42.67741	-24.26828	-31.01666	SAX_RV_EPICARDIAL	2	1.0	4
-44.37398	-23.16352	-33.42266	SAX_RV_EPICARDIAL	2	1.0	4
-46.07055	-22.05875	-35.82867	SAX_RV_EPICARDIAL	2	1.0	4
-48.29824	-22.05875	-37.54551	SAX_RV_EPICARDIAL	2	1.0	4
-49.99480	-20.95399	-39.95151	SAX_RV_EPICARDIAL	2	1.0	4
-52.22249	-20.95399	-41.66836	SAX_RV_EPICARDIAL	2	1.0	4
-53.91906	-19.84922	-44.07436	SAX_RV_EPICARDIAL	2	1.0	4
-55.61563	-18.74446	-46.48037	SAX_RV_EPICARDIAL	2	1.0	4
-57.84332	-18.74446	-48.19721	SAX_RV_EPICARDIAL	2	1.0	4
-59.53988	-17.63969	-50.60321	SAX_RV_EPICARDIAL	2	1.0	4
-61.76757	-17.63970	-52.32006	SAX_RV_EPICARDIAL	2	1.0	4
-63.46414	-16.53493	-54.72606	SAX_RV_EPICARDIAL	2	1.0	4
-65.16071	-15.43016	-57.13206	SAX_RV_EPICARDIAL	2	1.0	4
-65.74343	-14.32540	-58.67964	SAX_RV_EPICARDIAL	2	1.0	4
-65.79503	-12.11586	-60.91638	SAX_RV_EPICARDIAL	2	1.0	4
-65.84663	-9.90633	-63.15312	SAX_RV_EPICARDIAL	2	1.0	4
-64.78439	-7.69679	-64.53143	SAX_RV_EPICARDIAL	2	1.0	4
-63.72215	-5.48725	-65.90974	SAX_RV_EPICARDIAL	2	1.0	4
-64.88760	-3.27772	-69.00490	SAX_RV_EPICARDIAL	2	1.0	4
-65.47032	-2.17295	-70.55248	SAX_RV_EPICARDIAL	2	1.0	4
-64.40808	0.03658	-71.93079	SAX_RV_EPICARDIAL	2	1.0	4
-62.23199	2.24612	-72.45068	SAX_RV_EPICARDIAL	2	1.0	4
-61.16975	4.45566	-73.82900	SAX_RV_EPICARDIAL	2	1.0	4
-58.99366	6.66520	-74.34889	SAX_RV_EPICARDIAL	2	1.0	4
-57.93142	8.87473	-75.72720	SAX_RV_EPICARDIAL	2	1.0	4
-55.75534	11.08427	-76.24709	SAX_RV_EPICARDIAL	2	1.0	4
-53.57925	13.29381	-76.76698	SAX_RV_EPICARDIAL	2	1.0	4
-52.51701	15.50334	-78.14530	SAX_RV_EPICARDIAL	2	1.0	4
-49.22708	17.71288	-77.80676	SAX_RV_EPICARDIAL	2	1.0	4
-47.05099	19.92242	-78.32666	SAX_RV_EPICARDIAL	2	1.0	4
-44.87491	22.13196	-78.84655	SAX_RV_EPICARDIAL	2	1.0	4
-42.69882	24.34150	-79.36644	SAX_RV_EPICARDIAL	2	1.0	4
-39.40889	26.55104	-79.02790	SAX_RV_EPICARDIAL	2	1.0	4
-36.65008	27.65581	-78.00022	SAX_RV_EPICARDIAL	2	1.0	4
-33.36015	29.86534	-77.66168	SAX_RV_EPICARDIAL	2	1.0	4
-31.13246	29.86535	-75.94484	SAX_RV_EPICARDIAL	2	1.0	4
-28.90477	29.86535	-74.22799	SAX_RV_EPICARDIAL	2	1.0	4
-26.67708	29.86535	-72.51115	SAX_RV_EPICARDIAL	2	1.0	4
-24.44940	29.86535	-70.79430	SAX_RV_EPICARDIAL	2	1.0	4
-22.75283	28.76059	-68.38830	SAX_RV_EPICARDIAL	2	1.0	4
-22.11850	25.44628	-64.60398	SAX_RV_EPICARDIAL	2	1.0	4
-6.60648	-18.74441	-8.70976	SAX_RV_EPICARDIAL	2	1.0	4
-7.13760	-19.84918	-8.02060	SAX_RV_EPICARDIAL	2	1.0	4
-9.89641	-20.95395	-9.04829	SAX_RV_EPICARDIAL	2	1.0	4
-12.12410	-20.95395	-10.76514	SAX_RV_EPICARDIAL	2	1.0	4
-14.88291	-22.05872	-11.79283	SAX_RV_EPICARDIAL	2	1.0	4
-17.11060	-22.05872	-13.50967	SAX_RV_EPICARDIAL	2	1.0	4
-19.86941	-23.16349	-14.53736	SAX_RV_EPICARDIAL	2	1.0	4
-22.09710	-23.16350	-16.25421	SAX_RV_EPICARDIAL	2	1.0	4
-24.32478	-23.16350	-17.97105	SAX_RV_EPICARDIAL	2	1.0	4
-27.08359	-24.26827	-18.99874	SAX_RV_EPICARDIAL	2	1.0	4
-29.31128	-24.26827	-20.71559	SAX_RV_EPICARDIAL	2	1.0	4
-31.53897	-24.26827	-22.43243	SAX_RV_EPICARDIAL	2	1.0	4
-33.76666	-24.26828	-24.14928	SAX_RV_EPICARDIAL	2	1.0	4
-36.52547	-25.37305	-25.17697	SAX_RV_EPICARDIAL	2	1.0	4
-38.75316	-25.37305	-26.89381	SAX_RV_EPICARDIAL	2	1.0	4
-9.94801	-18.74441	-11.28503	SAX_RV_EPICARDIAL	2	1.0	4
-7.72033	-18.74441	-9.56818	SAX_RV_EPICARDIAL	2	1.0	4
-23.76347	24.34152	-64.77325	SAX_RV_SEPTUM	2	1.0	4
-23.18074	23.23675	-63.22567	SAX_RV_SEPTUM	2	1.0	4
-23.12914	21.02721	-60.98893	SAX_RV_SEPTUM	2	1.0	4
-23.07754	18.81768	-58.75220	SAX_RV_SEPTUM	2	1.0	4
-24.13978	16.60814	-57.37388	SAX_RV_SEPTUM	2	1.0	4
-24.08818	14.39861	-55.13715	SAX_RV_SEPTUM	2	1.0	4
-24.03658	12.18907	-52.90041	SAX_RV_SEPTUM	2	1.0	4
-23.98497	9.97953	-50.66367	SAX_RV_SEPTUM	2	1.0	4
-23.93337	7.77000	-48.42694	SAX_RV_SEPTUM	2	1.0	4
-23.88177	5.56046	-46.19020	SAX_RV_SEPTUM	2	1.0	4
-22.71632	3.35093	-43.09504	SAX_RV_SEPTUM	2	1.0	4
-22.66472	1.14139	-40.85831	SAX_RV_SEPTUM	2	1.0	4
-21.49927	-1.06814	-37.76315	SAX_RV_SEPTUM	2	1.0	4
-19.80271	-2.17291	-35.35715	SAX_RV_SEPTUM	2	1.0	4
-18.10614	-3.27767	-32.95114	SAX_RV_SEPTUM	2	1.0	4
-16.40957	-4.38244	-30.54514	SAX_RV_SEPTUM	2	1.0	4
-14.18188	-4.38244	-28.82830	SAX_RV_SEPTUM	2	1.0	4
-11.95420	-4.38243	-27.11145	SAX_RV_SEPTUM	2	1.0	4
-9.72651	-4.38243	-25.39460	SAX_RV_SEPTUM	2	1.0	4
-6.96770	-3.27766	-24.36692	SAX_RV_SEPTUM	2	1.0	4
-4.74001	-3.27766	-22.65007	SAX_RV_SEPTUM	2	1.0	4
-2.51232	-3.27766	-20.93322	SAX_RV_SEPTUM	2	1.0	4
-19.94242	27.65582	-65.12387	SAX_LV_EPICARDIAL	2	1.0	4
-18.88017	29.86536	-66.50219	SAX_LV_EPICARDIAL	2	1.0	4
-16.70409	32.07490	-67.02208	SAX_LV_EPICARDIAL	2	1.0	4
-14.52800	34.28443	-67.54197	SAX_LV_EPICARDIAL	2	1.0	4
-13.46576	36.49397	-68.92028	SAX_LV_EPICARDIAL	2	1.0	4
-11.28967	38.70351	-69.44017	SAX_LV_EPICARDIAL	2	1.0	4
-7.99974	40.91305	-69.10164	SAX_LV_EPICARDIAL	2	1.0	4
-5.82366	43.12258	-69.62153	SAX_LV_EPICARDIAL	2	1.0	4
-2.53373	45.33212	-69.28300	SAX_LV_EPICARDIAL	2	1.0	4
0.75620	47.54166	-68.94447	SAX_LV_EPICARDIAL	2	1.0	4
3.51501	48.64643	-67.91678	SAX_LV_EPICARDIAL	2	1.0	4
6.27382	49.75120	-66.88909	SAX_LV_EPICARDIAL	2	1.0	4
9.03263	50.85597	-65.86140	SAX_LV_EPICARDIAL	2	1.0	4
11.26032	50.85598	-64.14455	SAX_LV_EPICARDIAL	2	1.0	4
14.01913	51.96075	-63.11687	SAX_LV_EPICARDIAL	2	1.0	4
16.24682	51.96075	-61.40002	SAX_LV_EPICARDIAL	2	1.0	4
18.47451	51.96075	-59.68317	SAX_LV_EPICARDIAL	2	1.0	4
20.70219	51.96075	-57.96633	SAX_LV_EPICARDIAL	2	1.0	4
22.92988	51.96076	-56.24948	SAX_LV_EPICARDIAL	2	1.0	4
25.15757	51.96076	-54.53264	SAX_LV_EPICARDIAL	2	1.0	4
26.85414	50.85599	-52.12663	SAX_LV_EPICARDIAL	2	1.0	4
29.08183	50.85599	-50.40979	SAX_LV_EPICARDIAL	2	1.0	4
30.77839	49.75123	-48.00379	SAX_LV_EPICARDIAL	2	1.0	4
32.47496	48.64646	-45.59778	SAX_LV_EPICARDIAL	2	1.0	4
33.64041	46.43693	-42.50263	SAX_LV_EPICARDIAL	2	1.0	4
34.80585	44.22739	-39.40747	SAX_LV_EPICARDIAL	2	1.0	4
35.97130	42.01786	-36.31231	SAX_LV_EPICARDIAL	2	1.0	4
36.02290	39.80832	-34.07557	SAX_LV_EPICARDIAL	2	1.0	4
36.07451	37.59879	-31.83883	SAX_LV_EPICARDIAL	2	1.0	4
36.12611	35.38925	-29.60210	SAX_LV_EPICARDIAL	2	1.0	4
35.06387	33.17972	-28.22378	SAX_LV_EPICARDIAL	2	1.0	4
35.11547	30.97018	-25.98705	SAX_LV_EPICARDIAL	2	1.0	4
34.05323	28.76064	-24.60874	SAX_LV_EPICARDIAL	2	1.0	4
32.99098	26.55111	-23.23042	SAX_LV_EPICARDIAL	2	1.0	4
31.92874	24.34157	-21.85211	SAX_LV_EPICARDIAL	2	1.0	4
29.75266	22.13203	-21.33222	SAX_LV_EPICARDIAL	2	1.0	4
28.69041	19.92250	-19.95390	SAX_LV_EPICARDIAL	2	1.0	4
26.51433	17.71296	-19.43401	SAX_LV_EPICARDIAL	2	1.0	4
24.33824	15.50342	-18.91412	SAX_LV_EPICARDIAL	2	1.0	4
22.16216	13.29388	-18.39423	SAX_LV_EPICARDIAL	2	1.0	4
19.98607	11.08435	-17.87434	SAX_LV_EPICARDIAL	2	1.0	4
16.69614	8.87481	-18.21287	SAX_LV_EPICARDIAL	2	1.0	4
13.40621	6.66527	-18.55141	SAX_LV_EPICARDIAL	2	1.0	4
10.64740	5.56050	-19.57910	SAX_LV_EPICARDIAL	2	1.0	4
7.35747	3.35096	-19.91763	SAX_LV_EPICARDIAL	2	1.0	4
4.59866	2.24619	-20.94532	SAX_LV_EPICARDIAL	2	1.0	4
1.83985	1.14142	-21.97301	SAX_LV_EPICARDIAL	2	1.0	4
-0.91896	0.03665	-23.00069	SAX_LV_EPICARDIAL	2	1.0	4
-14.38829	4.45571	-37.77524	SAX_LV_ENDOCARDIAL	2	1.0	4
-16.08486	5.56047	-40.18124	SAX_LV_ENDOCARDIAL	2	1.0	4
-17.25031	7.77001	-43.27640	SAX_LV_ENDOCARDIAL	2	1.0	4
-17.30191	9.97954	-45.51314	SAX_LV_ENDOCARDIAL	2	1.0	4
-17.35351	12.18908	-47.74987	SAX_LV_ENDOCARDIAL	2	1.0	4
-17.40511	14.39861	-49.98661	SAX_LV_ENDOCARDIAL	2	1.0	4
-17.45672	16.60815	-52.22335	SAX_LV_ENDOCARDIAL	2	1.0	4
-16.39447	18.81768	-53.60166	SAX_LV_ENDOCARDIAL	2	1.0	4
-16.44608	21.02722	-55.83840	SAX_LV_ENDOCARDIAL	2	1.0	4
-15.38384	23.23676	-57.21671	SAX_LV_ENDOCARDIAL	2	1.0	4
-14.32159	25.44629	-58.59502	SAX_LV_ENDOCARDIAL	2	1.0	4
-13.25935	27.65583	-59.97334	SAX_LV_ENDOCARDIAL	2	1.0	4
-12.19711	29.86537	-61.35165	SAX_LV_ENDOCARDIAL	2	1.0	4
-10.02102	32.07490	-61.87154	SAX_LV_ENDOCARDIAL	2	1.0	4
-7.84494	34.28444	-62.39143	SAX_LV_ENDOCARDIAL	2	1.0	4
-5.66885	36.49398	-62.91132	SAX_LV_ENDOCARDIAL	2	1.0	4
-2.37892	38.70352	-62.57279	SAX_LV_ENDOCARDIAL	2	1.0	4
0.91101	40.91306	-62.23426	SAX_LV_ENDOCARDIAL	2	1.0	4
3.66982	42.01783	-61.20657	SAX_LV_ENDOCARDIAL	2	1.0	4
6.42863	43.12260	-60.17888	SAX_LV_ENDOCARDIAL	2	1.0	4
9.18744	44.22737	-59.15119	SAX_LV_ENDOCARDIAL	2	1.0	4
11.94625	45.33214	-58.12350	SAX_LV_ENDOCARDIAL	2	1.0	4
14.70506	46.43691	-57.09581	SAX_LV_ENDOCARDIAL	2	1.0	4
16.93274	46.43691	-55.37897	SAX_LV_ENDOCARDIAL	2	1.0	4
19.16043	46.43691	-53.66212	SAX_LV_ENDOCARDIAL	2	1.0	4
21.38812	46.43692	-51.94528	SAX_LV_ENDOCARDIAL	2	1.0	4
23.08469	45.33215	-49.53927	SAX_LV_ENDOCARDIAL	2	1.0	4
24.78126	44.22738	-47.13327	SAX_LV_ENDOCARDIAL	2	1.0	4
26.47782	43.12262	-44.72727	SAX_LV_ENDOCARDIAL	2	1.0	4
27.64327	40.91308	-41.63211	SAX_LV_ENDOCARDIAL	2	1.0	4
27.69487	38.70355	-39.39537	SAX_LV_ENDOCARDIAL	2	1.0	4
27.74648	36.49401	-37.15864	SAX_LV_ENDOCARDIAL	2	1.0	4
27.79808	34.28448	-34.92190	SAX_LV_ENDOCARDIAL	2	1.0	4
27.84968	32.07494	-32.68517	SAX_LV_ENDOCARDIAL	2	1.0	4
26.78744	29.86540	-31.30685	SAX_LV_ENDOCARDIAL	2	1.0	4
26.83904	27.65587	-29.07012	SAX_LV_ENDOCARDIAL	2	1.0	4
25.77680	25.44633	-27.69180	SAX_LV_ENDOCARDIAL	2	1.0	4
24.71456	23.23680	-26.31349	SAX_LV_ENDOCARDIAL	2	1.0	4
22.53847	21.02726	-25.79360	SAX_LV_ENDOCARDIAL	2	1.0	4
20.36238	18.81772	-25.27371	SAX_LV_ENDOCARDIAL	2	1.0	4
17.07245	16.60818	-25.61224	SAX_LV_ENDOCARDIAL	2	1.0	4
13.78252	14.39864	-25.95077	SAX_LV_ENDOCARDIAL	2	1.0	4
10.49259	12.18910	-26.28930	SAX_LV_ENDOCARDIAL	2	1.0	4
7.73378	11.08433	-27.31699	SAX_LV_ENDOCARDIAL	2	1.0	4
4.97497	9.97956	-28.34468	SAX_LV_ENDOCARDIAL	2	1.0	4
2.21617	8.87479	-29.37237	SAX_LV_ENDOCARDIAL	2	1.0	4
-1.07376	6.66525	-29.71090	SAX_LV_ENDOCARDIAL	2	1.0	4
-3.30145	6.66525	-31.42775	SAX_LV_ENDOCARDIAL	2	1.0	4
-6.06026	5.56048	-32.45544	SAX_LV_ENDOCARDIAL	2	1.0	4
-8.81907	4.45571	-33.48313	SAX_LV_ENDOCARDIAL	2	1.0	4
-11.04676	4.45571	-35.19997	SAX_LV_ENDOCARDIAL	2	1.0	4
-13.27445	4.45571	-36.91682	SAX_LV_ENDOCARDIAL	2	1.0	4
-2.51232	-3.27766	-20.93322	RV_INSERT	2	1.0	4
-23.76347	24.34152	-64.77325	RV_INSERT	2	1.0	4
-37.68475	-28.59118	-51.31614	SAX_RV_FREEWALL	3	1.0	4
-39.38132	-27.48642	-53.72214	SAX_RV_FREEWALL	3	1.0	4
-41.60901	-27.48642	-55.43899	SAX_RV_FREEWALL	3	1.0	4
-43.83670	-27.48642	-57.15583	SAX_RV_FREEWALL	3	1.0	4
-45.53326	-26.38165	-59.56184	SAX_RV_FREEWALL	3	1.0	4
-47.22983	-25.27689	-61.96784	SAX_RV_FREEWALL	3	1.0	4
-48.92640	-24.17212	-64.37384	SAX_RV_FREEWALL	3	1.0	4
-50.09185	-21.96259	-67.46900	SAX_RV_FREEWALL	3	1.0	4
-51.25729	-19.75305	-70.56416	SAX_RV_FREEWALL	3	1.0	4
-52.95386	-18.64829	-72.97016	SAX_RV_FREEWALL	3	1.0	4
-53.00546	-16.43875	-75.20690	SAX_RV_FREEWALL	3	1.0	4
-53.05706	-14.22922	-77.44363	SAX_RV_FREEWALL	3	1.0	4
-51.99482	-12.01968	-78.82195	SAX_RV_FREEWALL	3	1.0	4
-52.04642	-9.81014	-81.05868	SAX_RV_FREEWALL	3	1.0	4
-50.98418	-7.60061	-82.43700	SAX_RV_FREEWALL	3	1.0	4
-49.92194	-5.39107	-83.81531	SAX_RV_FREEWALL	3	1.0	4
-47.74585	-3.18153	-84.33520	SAX_RV_FREEWALL	3	1.0	4
-46.68361	-0.97200	-85.71351	SAX_RV_FREEWALL	3	1.0	4
-43.39368	1.23754	-85.37498	SAX_RV_FREEWALL	3	1.0	4
-41.21760	3.44708	-85.89487	SAX_RV_FREEWALL	3	1.0	4
-39.04151	5.65662	-86.41476	SAX_RV_FREEWALL	3	1.0	4
-35.75158	7.86616	-86.07623	SAX_RV_FREEWALL	3	1.0	4
-32.46165	10.07569	-85.73770	SAX_RV_FREEWALL	3	1.0	4
-29.17172	12.28523	-85.39917	SAX_RV_FREEWALL	3	1.0	4
-26.41291	13.39000	-84.37148	SAX_RV_FREEWALL	3	1.0	4
-23.65410	14.49477	-83.34379	SAX_RV_FREEWALL	3	1.0	4
-20.89529	15.59955	-82.31610	SAX_RV_FREEWALL	3	1.0	4
-18.13648	16.70432	-81.28841	SAX_RV_FREEWALL	3	1.0	4
-15.37767	17.80909	-80.26072	SAX_RV_FREEWALL	3	1.0	4
-13.14998	17.80909	-78.54388	SAX_RV_FREEWALL	3	1.0	4
2.73835	-18.64823	-30.04902	SAX_RV_FREEWALL	3	1.0	4
-0.02046	-19.75300	-31.07671	SAX_RV_FREEWALL	3	1.0	4
-2.77927	-20.85777	-32.10440	SAX_RV_FREEWALL	3	1.0	4
-5.53808	-21.96254	-33.13209	SAX_RV_FREEWALL	3	1.0	4
-8.29689	-23.06731	-34.15978	SAX_RV_FREEWALL	3	1.0	4
-11.05570	-24.17208	-35.18746	SAX_RV_FREEWALL	3	1.0	4
-13.81450	-25.27685	-36.21515	SAX_RV_FREEWALL	3	1.0	4
-16.57331	-26.38163	-37.24284	SAX_RV_FREEWALL	3	1.0	4
-19.33212	-27.48640	-38.27053	SAX_RV_FREEWALL	3	1.0	4
-21.55981	-27.48640	-39.98738	SAX_RV_FREEWALL	3	1.0	4
-24.31862	-28.59117	-41.01507	SAX_RV_FREEWALL	3	1.0	4
-26.54631	-28.59117	-42.73191	SAX_RV_FREEWALL	3	1.0	4
-28.77400	-28.59117	-44.44876	SAX_RV_FREEWALL	3	1.0	4
-31.00169	-28.59117	-46.16560	SAX_RV_FREEWALL	3	1.0	4
-33.22938	-28.59118	-47.88245	SAX_RV_FREEWALL	3	1.0	4
-35.45706	-28.59118	-49.59929	SAX_RV_FREEWALL	3	1.0	4
-40.39196	-31.90549	-50.10709	SAX_RV_EPICARDIAL	3	1.0	4
-42.08853	-30.80072	-52.51309	SAX_RV_EPICARDIAL	3	1.0	4
-44.31622	-30.80072	-54.22994	SAX_RV_EPICARDIAL	3	1.0	4
-46.01278	-29.69596	-56.63594	SAX_RV_EPICARDIAL	3	1.0	4
-48.24047	-29.69596	-58.35279	SAX_RV_EPICARDIAL	3	1.0	4
-49.93704	-28.59119	-60.75879	SAX_RV_EPICARDIAL	3	1.0	4
-51.63361	-27.48643	-63.16479	SAX_RV_EPICARDIAL	3	1.0	4
-52.21633	-26.38166	-64.71237	SAX_RV_EPICARDIAL	3	1.0	4
-53.38178	-24.17213	-67.80753	SAX_RV_EPICARDIAL	3	1.0	4
-54.54722	-21.96259	-70.90269	SAX_RV_EPICARDIAL	3	1.0	4
-55.71267	-19.75306	-73.99785	SAX_RV_EPICARDIAL	3	1.0	4
-56.29539	-18.64829	-75.54543	SAX_RV_EPICARDIAL	3	1.0	4
-56.34699	-16.43875	-77.78217	SAX_RV_EPICARDIAL	3	1.0	4
-55.28475	-14.22922	-79.16048	SAX_RV_EPICARDIAL	3	1.0	4
-55.33636	-12.01968	-81.39721	SAX_RV_EPICARDIAL	3	1.0	4
-54.27411	-9.81015	-82.77553	SAX_RV_EPICARDIAL	3	1.0	4
-53.21187	-7.60061	-84.15384	SAX_RV_EPICARDIAL	3	1.0	4
-52.14963	-5.39107	-85.53216	SAX_RV_EPICARDIAL	3	1.0	4
-51.08739	-3.18154	-86.91047	SAX_RV_EPICARDIAL	3	1.0	4
-48.91130	-0.97200	-87.43036	SAX_RV_EPICARDIAL	3	1.0	4
-46.73522	1.23754	-87.95025	SAX_RV_EPICARDIAL	3	1.0	4
-44.55913	3.44708	-88.47014	SAX_RV_EPICARDIAL	3	1.0	4
-42.38304	5.65661	-88.99003	SAX_RV_EPICARDIAL	3	1.0	4
-39.09311	7.86615	-88.65150	SAX_RV_EPICARDIAL	3	1.0	4
-35.80318	10.07569	-88.31297	SAX_RV_EPICARDIAL	3	1.0	4
-32.51325	12.28523	-87.97443	SAX_RV_EPICARDIAL	3	1.0	4
-29.75444	13.39000	-86.94675	SAX_RV_EPICARDIAL	3	1.0	4
-26.46451	15.59954	-86.60821	SAX_RV_EPICARDIAL	3	1.0	4
-23.17458	17.80908	-86.26968	SAX_RV_EPICARDIAL	3	1.0	4
-20.41577	18.91385	-85.24199	SAX_RV_EPICARDIAL	3	1.0	4
-17.65696	20.01862	-84.21430	SAX_RV_EPICARDIAL	3	1.0	4
-14.36703	22.22816	-83.87577	SAX_RV_EPICARDIAL	3	1.0	4
-12.13934	22.22816	-82.15893	SAX_RV_EPICARDIAL	3	1.0	4
-9.91166	22.22816	-80.44208	SAX_RV_EPICARDIAL	3	1.0	4
7.67325	-15.33392	-29.54122	SAX_RV_EPICARDIAL	3	1.0	4
9.36981	-16.43869	-27.13522	SAX_RV_EPICARDIAL	3	1.0	4
7.19373	-18.64823	-26.61533	SAX_RV_EPICARDIAL	3	1.0	4
3.90380	-20.85777	-26.95386	SAX_RV_EPICARDIAL	3	1.0	4
0.61387	-23.06730	-27.29239	SAX_RV_EPICARDIAL	3	1.0	4
-2.14494	-24.17208	-28.32008	SAX_RV_EPICARDIAL	3	1.0	4
-4.90375	-25.27685	-29.34777	SAX_RV_EPICARDIAL	3	1.0	4
-7.66256	-26.38162	-30.37546	SAX_RV_EPICARDIAL	3	1.0	4
-10.42137	-27.48639	-31.40315	SAX_RV_EPICARDIAL	3	1.0	4
-13.18018	-28.59116	-32.43084	SAX_RV_EPICARDIAL	3	1.0	4
-15.93899	-29.69593	-33.45853	SAX_RV_EPICARDIAL	3	1.0	4
-18.16668	-29.69593	-35.17537	SAX_RV_EPICARDIAL	3	1.0	4
-20.92549	-30.80070	-36.20306	SAX_RV_EPICARDIAL	3	1.0	4
-23.15317	-30.80070	-37.91991	SAX_RV_EPICARDIAL	3	1.0	4
-25.91198	-31.90547	-38.94760	SAX_RV_EPICARDIAL	3	1.0	4
-28.13967	-31.90548	-40.66444	SAX_RV_EPICARDIAL	3	1.0	4
-30.36736	-31.90548	-42.38129	SAX_RV_EPICARDIAL	3	1.0	4
-32.59505	-31.90548	-44.09813	SAX_RV_EPICARDIAL	3	1.0	4
-34.82274	-31.90548	-45.81498	SAX_RV_EPICARDIAL	3	1.0	4
-37.05043	-31.90548	-47.53182	SAX_RV_EPICARDIAL	3	1.0	4
-39.27811	-31.90549	-49.24867	SAX_RV_EPICARDIAL	3	1.0	4
-11.45342	16.70432	-76.13787	SAX_RV_SEPTUM	3	1.0	4
-12.51566	14.49479	-74.75956	SAX_RV_SEPTUM	3	1.0	4
-12.46406	12.28525	-72.52282	SAX_RV_SEPTUM	3	1.0	4
-12.41245	10.07571	-70.28609	SAX_RV_SEPTUM	3	1.0	4
-12.36085	7.86618	-68.04935	SAX_RV_SEPTUM	3	1.0	4
-13.42309	5.65664	-66.67104	SAX_RV_SEPTUM	3	1.0	4
-13.37149	3.44711	-64.43430	SAX_RV_SEPTUM	3	1.0	4
-13.31989	1.23757	-62.19757	SAX_RV_SEPTUM	3	1.0	4
-13.26829	-0.97196	-59.96083	SAX_RV_SEPTUM	3	1.0	4
-13.21668	-3.18150	-57.72409	SAX_RV_SEPTUM	3	1.0	4
-12.05124	-5.39103	-54.62893	SAX_RV_SEPTUM	3	1.0	4
-10.88579	-7.60057	-51.53377	SAX_RV_SEPTUM	3	1.0	4
-9.72034	-9.81010	-48.43862	SAX_RV_SEPTUM	3	1.0	4
-8.02378	-10.91487	-46.03261	SAX_RV_SEPTUM	3	1.0	4
-6.32721	-12.01963	-43.62661	SAX_RV_SEPTUM	3	1.0	4
-4.63064	-13.12440	-41.22061	SAX_RV_SEPTUM	3	1.0	4
-2.40295	-13.12440	-39.50376	SAX_RV_SEPTUM	3	1.0	4
-0.17526	-13.12440	-37.78692	SAX_RV_SEPTUM	3	1.0	4
1.52130	-14.22916	-35.38092	SAX_RV_SEPTUM	3	1.0	4
3.74899	-14.22916	-33.66407	SAX_RV_SEPTUM	3	1.0	4
5.44556	-15.33393	-31.25807	SAX_RV_SEPTUM	3	1.0	4
6.02828	-16.43869	-29.71049	SAX_RV_SEPTUM	3	1.0	4
-8.74621	20.01863	-77.34692	SAX_LV_EPICARDIAL	3	1.0	4
-7.68397	22.22816	-78.72523	SAX_LV_EPICARDIAL	3	1.0	4
-5.50788	24.43770	-79.24512	SAX_LV_EPICARDIAL	3	1.0	4
-3.33180	26.64724	-79.76502	SAX_LV_EPICARDIAL	3	1.0	4
-0.04187	28.85678	-79.42648	SAX_LV_EPICARDIAL	3	1.0	4
2.13422	31.06632	-79.94637	SAX_LV_EPICARDIAL	3	1.0	4
5.42415	33.27586	-79.60784	SAX_LV_EPICARDIAL	3	1.0	4
8.18296	34.38063	-78.58015	SAX_LV_EPICARDIAL	3	1.0	4
11.47289	36.59016	-78.24162	SAX_LV_EPICARDIAL	3	1.0	4
14.23170	37.69494	-77.21393	SAX_LV_EPICARDIAL	3	1.0	4
16.99051	38.79971	-76.18624	SAX_LV_EPICARDIAL	3	1.0	4
19.74932	39.90448	-75.15855	SAX_LV_EPICARDIAL	3	1.0	4
22.50813	41.00925	-74.13087	SAX_LV_EPICARDIAL	3	1.0	4
25.26694	42.11402	-73.10318	SAX_LV_EPICARDIAL	3	1.0	4
27.49463	42.11402	-71.38633	SAX_LV_EPICARDIAL	3	1.0	4
29.72231	42.11402	-69.66948	SAX_LV_EPICARDIAL	3	1.0	4
31.95000	42.11402	-67.95264	SAX_LV_EPICARDIAL	3	1.0	4
34.17769	42.11403	-66.23579	SAX_LV_EPICARDIAL	3	1.0	4
36.40538	42.11403	-64.51895	SAX_LV_EPICARDIAL	3	1.0	4
38.63307	42.11403	-62.80210	SAX_LV_EPICARDIAL	3	1.0	4
40.32964	41.00926	-60.39610	SAX_LV_EPICARDIAL	3	1.0	4
42.02620	39.90450	-57.99010	SAX_LV_EPICARDIAL	3	1.0	4
43.72277	38.79973	-55.58410	SAX_LV_EPICARDIAL	3	1.0	4
45.41934	37.69497	-53.17809	SAX_LV_EPICARDIAL	3	1.0	4
46.58478	35.48543	-50.08293	SAX_LV_EPICARDIAL	3	1.0	4
47.75023	33.27590	-46.98777	SAX_LV_EPICARDIAL	3	1.0	4
47.80183	31.06636	-44.75104	SAX_LV_EPICARDIAL	3	1.0	4
48.96728	28.85683	-41.65588	SAX_LV_EPICARDIAL	3	1.0	4
49.01888	26.64729	-39.41914	SAX_LV_EPICARDIAL	3	1.0	4
47.95664	24.43776	-38.04083	SAX_LV_EPICARDIAL	3	1.0	4
48.00824	22.22822	-35.80409	SAX_LV_EPICARDIAL	3	1.0	4
46.94600	20.01868	-34.42578	SAX_LV_EPICARDIAL	3	1.0	4
46.99760	17.80915	-32.18904	SAX_LV_EPICARDIAL	3	1.0	4
45.93536	15.59961	-30.81073	SAX_LV_EPICARDIAL	3	1.0	4
44.87312	13.39008	-29.43242	SAX_LV_EPICARDIAL	3	1.0	4
43.81088	11.18054	-28.05410	SAX_LV_EPICARDIAL	3	1.0	4
41.63479	8.97100	-27.53421	SAX_LV_EPICARDIAL	3	1.0	4
40.57255	6.76146	-26.15590	SAX_LV_EPICARDIAL	3	1.0	4
38.39646	4.55193	-25.63601	SAX_LV_EPICARDIAL	3	1.0	4
37.33422	2.34239	-24.25770	SAX_LV_EPICARDIAL	3	1.0	4
35.15814	0.13285	-23.73780	SAX_LV_EPICARDIAL	3	1.0	4
32.98205	-2.07669	-23.21791	SAX_LV_EPICARDIAL	3	1.0	4
29.69212	-4.28622	-23.55645	SAX_LV_EPICARDIAL	3	1.0	4
27.51603	-6.49576	-23.03656	SAX_LV_EPICARDIAL	3	1.0	4
24.22610	-8.70530	-23.37509	SAX_LV_EPICARDIAL	3	1.0	4
21.46729	-9.81007	-24.40278	SAX_LV_EPICARDIAL	3	1.0	4
18.70848	-10.91484	-25.43047	SAX_LV_EPICARDIAL	3	1.0	4
15.94967	-12.01961	-26.45815	SAX_LV_EPICARDIAL	3	1.0	4
13.19087	-13.12438	-27.48584	SAX_LV_EPICARDIAL	3	1.0	4
10.96318	-13.12438	-29.20269	SAX_LV_EPICARDIAL	3	1.0	4
7.99796	-5.39101	-39.17732	SAX_LV_ENDOCARDIAL	3	1.0	4
6.30139	-4.28625	-41.58333	SAX_LV_ENDOCARDIAL	3	1.0	4
4.07370	-4.28625	-43.30017	SAX_LV_ENDOCARDIAL	3	1.0	4
2.37714	-3.18148	-45.70617	SAX_LV_ENDOCARDIAL	3	1.0	4
0.68057	-2.07672	-48.11218	SAX_LV_ENDOCARDIAL	3	1.0	4
-0.48488	0.13282	-51.20733	SAX_LV_ENDOCARDIAL	3	1.0	4
-1.65033	2.34235	-54.30249	SAX_LV_ENDOCARDIAL	3	1.0	4
-2.81577	4.55189	-57.39765	SAX_LV_ENDOCARDIAL	3	1.0	4
-2.86737	6.76142	-59.63439	SAX_LV_ENDOCARDIAL	3	1.0	4
-2.91898	8.97096	-61.87113	SAX_LV_ENDOCARDIAL	3	1.0	4
-2.97058	11.18049	-64.10786	SAX_LV_ENDOCARDIAL	3	1.0	4
-3.02218	13.39003	-66.34460	SAX_LV_ENDOCARDIAL	3	1.0	4
-1.95994	15.59956	-67.72291	SAX_LV_ENDOCARDIAL	3	1.0	4
-0.89770	17.80910	-69.10122	SAX_LV_ENDOCARDIAL	3	1.0	4
0.16454	20.01864	-70.47954	SAX_LV_ENDOCARDIAL	3	1.0	4
2.34063	22.22817	-70.99943	SAX_LV_ENDOCARDIAL	3	1.0	4
4.51672	24.43771	-71.51932	SAX_LV_ENDOCARDIAL	3	1.0	4
6.69280	26.64725	-72.03921	SAX_LV_ENDOCARDIAL	3	1.0	4
8.86889	28.85679	-72.55910	SAX_LV_ENDOCARDIAL	3	1.0	4
12.15882	31.06633	-72.22057	SAX_LV_ENDOCARDIAL	3	1.0	4
14.91763	32.17110	-71.19288	SAX_LV_ENDOCARDIAL	3	1.0	4
17.67644	33.27587	-70.16519	SAX_LV_ENDOCARDIAL	3	1.0	4
20.43525	34.38064	-69.13750	SAX_LV_ENDOCARDIAL	3	1.0	4
23.19406	35.48541	-68.10981	SAX_LV_ENDOCARDIAL	3	1.0	4
25.42174	35.48541	-66.39297	SAX_LV_ENDOCARDIAL	3	1.0	4
27.64943	35.48541	-64.67612	SAX_LV_ENDOCARDIAL	3	1.0	4
29.87712	35.48542	-62.95928	SAX_LV_ENDOCARDIAL	3	1.0	4
32.10481	35.48542	-61.24243	SAX_LV_ENDOCARDIAL	3	1.0	4
34.33250	35.48542	-59.52558	SAX_LV_ENDOCARDIAL	3	1.0	4
36.56019	35.48542	-57.80874	SAX_LV_ENDOCARDIAL	3	1.0	4
38.25675	34.38066	-55.40274	SAX_LV_ENDOCARDIAL	3	1.0	4
39.95332	33.27589	-52.99673	SAX_LV_ENDOCARDIAL	3	1.0	4
41.11877	31.06636	-49.90158	SAX_LV_ENDOCARDIAL	3	1.0	4
41.17037	28.85682	-47.66484	SAX_LV_ENDOCARDIAL	3	1.0	4
42.33582	26.64729	-44.56968	SAX_LV_ENDOCARDIAL	3	1.0	4
42.38742	24.43775	-42.33294	SAX_LV_ENDOCARDIAL	3	1.0	4
42.43902	22.22821	-40.09621	SAX_LV_ENDOCARDIAL	3	1.0	4
41.37678	20.01868	-38.71789	SAX_LV_ENDOCARDIAL	3	1.0	4
41.42838	17.80914	-36.48116	SAX_LV_ENDOCARDIAL	3	1.0	4
40.36614	15.59961	-35.10284	SAX_LV_ENDOCARDIAL	3	1.0	4
39.30390	13.39007	-33.72453	SAX_LV_ENDOCARDIAL	3	1.0	4
37.12781	11.18053	-33.20464	SAX_LV_ENDOCARDIAL	3	1.0	4
36.06557	8.97100	-31.82633	SAX_LV_ENDOCARDIAL	3	1.0	4
33.88948	6.76146	-31.30644	SAX_LV_ENDOCARDIAL	3	1.0	4
32.82724	4.55192	-29.92812	SAX_LV_ENDOCARDIAL	3	1.0	4
30.65116	2.34238	-29.40823	SAX_LV_ENDOCARDIAL	3	1.0	4
27.36123	0.13284	-29.74676	SAX_LV_ENDOCARDIAL	3	1.0	4
25.18514	-2.07669	-29.22687	SAX_LV_ENDOCARDIAL	3	1.0	4
22.42633	-3.18146	-30.25456	SAX_LV_ENDOCARDIAL	3	1.0	4
19.66752	-4.28623	-31.28225	SAX_LV_ENDOCARDIAL	3	1.0	4
16.90871	-5.39100	-32.30994	SAX_LV_ENDOCARDIAL	3	1.0	4
14.68102	-5.39101	-34.02679	SAX_LV_ENDOCARDIAL	3	1.0	4
12.45334	-5.39101	-35.74363	SAX_LV_ENDOCARDIAL	3	1.0	4
10.22565	-5.39101	-37.46048	SAX_LV_ENDOCARDIAL	3	1.0	4
5.22135	-16.93461	-29.83928	RV_INSERT	3	1.0	4
-12.98129	17.84567	-78.45024	RV_INSERT	3	1.0	4
-29.35156	-32.91358	-69.03985	SAX_RV_FREEWALL	4	1.0	4
-31.04813	-31.80881	-71.44585	SAX_RV_FREEWALL	4	1.0	4
-33.27581	-31.80881	-73.16270	SAX_RV_FREEWALL	4	1.0	4
-35.50350	-31.80881	-74.87954	SAX_RV_FREEWALL	4	1.0	4
-37.20007	-30.70405	-77.28554	SAX_RV_FREEWALL	4	1.0	4
-38.36552	-28.49451	-80.38070	SAX_RV_FREEWALL	4	1.0	4
-39.53096	-26.28498	-83.47586	SAX_RV_FREEWALL	4	1.0	4
-39.58257	-24.07544	-85.71260	SAX_RV_FREEWALL	4	1.0	4
-39.63417	-21.86591	-87.94933	SAX_RV_FREEWALL	4	1.0	4
-39.68577	-19.65637	-90.18607	SAX_RV_FREEWALL	4	1.0	4
-39.73737	-17.44684	-92.42281	SAX_RV_FREEWALL	4	1.0	4
-38.67513	-15.23730	-93.80112	SAX_RV_FREEWALL	4	1.0	4
-36.49905	-13.02776	-94.32101	SAX_RV_FREEWALL	4	1.0	4
-33.20912	-10.81822	-93.98248	SAX_RV_FREEWALL	4	1.0	4
-31.03303	-8.60869	-94.50237	SAX_RV_FREEWALL	4	1.0	4
-27.74310	-6.39915	-94.16384	SAX_RV_FREEWALL	4	1.0	4
-25.56701	-4.18961	-94.68373	SAX_RV_FREEWALL	4	1.0	4
-22.80820	-3.08484	-93.65604	SAX_RV_FREEWALL	4	1.0	4
-19.51827	-0.87530	-93.31751	SAX_RV_FREEWALL	4	1.0	4
-16.22834	1.33424	-92.97897	SAX_RV_FREEWALL	4	1.0	4
-12.93841	3.54378	-92.64044	SAX_RV_FREEWALL	4	1.0	4
-10.17960	4.64855	-91.61275	SAX_RV_FREEWALL	4	1.0	4
-7.42079	5.75332	-90.58506	SAX_RV_FREEWALL	4	1.0	4
-4.66198	6.85809	-89.55738	SAX_RV_FREEWALL	4	1.0	4
-1.90317	7.96286	-88.52969	SAX_RV_FREEWALL	4	1.0	4
2.21239	-25.18017	-52.40337	SAX_RV_FREEWALL	4	1.0	4
-0.54642	-26.28494	-53.43106	SAX_RV_FREEWALL	4	1.0	4
-2.77410	-26.28494	-55.14791	SAX_RV_FREEWALL	4	1.0	4
-5.00179	-26.28494	-56.86476	SAX_RV_FREEWALL	4	1.0	4
-7.76060	-27.38972	-57.89244	SAX_RV_FREEWALL	4	1.0	4
-9.98829	-27.38972	-59.60929	SAX_RV_FREEWALL	4	1.0	4
-12.74710	-28.49449	-60.63698	SAX_RV_FREEWALL	4	1.0	4
-15.50591	-29.59926	-61.66467	SAX_RV_FREEWALL	4	1.0	4
-18.26472	-30.70403	-62.69236	SAX_RV_FREEWALL	4	1.0	4
-20.49241	-30.70403	-64.40920	SAX_RV_FREEWALL	4	1.0	4
-23.25122	-31.80880	-65.43689	SAX_RV_FREEWALL	4	1.0	4
-25.47891	-31.80880	-67.15374	SAX_RV_FREEWALL	4	1.0	4
-28.23771	-32.91357	-68.18143	SAX_RV_FREEWALL	4	1.0	4
-37.09687	-35.12312	-72.81207	SAX_RV_EPICARDIAL	4	1.0	4
-38.79343	-34.01835	-75.21807	SAX_RV_EPICARDIAL	4	1.0	4
-40.49000	-32.91359	-77.62408	SAX_RV_EPICARDIAL	4	1.0	4
-41.65545	-30.70405	-80.71924	SAX_RV_EPICARDIAL	4	1.0	4
-42.82089	-28.49452	-83.81439	SAX_RV_EPICARDIAL	4	1.0	4
-42.87250	-26.28498	-86.05113	SAX_RV_EPICARDIAL	4	1.0	4
-44.03794	-24.07545	-89.14629	SAX_RV_EPICARDIAL	4	1.0	4
-42.97570	-21.86591	-90.52460	SAX_RV_EPICARDIAL	4	1.0	4
-43.02730	-19.65638	-92.76134	SAX_RV_EPICARDIAL	4	1.0	4
-41.96506	-17.44684	-94.13965	SAX_RV_EPICARDIAL	4	1.0	4
-40.90282	-15.23730	-95.51797	SAX_RV_EPICARDIAL	4	1.0	4
-38.72673	-13.02777	-96.03786	SAX_RV_EPICARDIAL	4	1.0	4
-36.55065	-10.81823	-96.55775	SAX_RV_EPICARDIAL	4	1.0	4
-34.37456	-8.60869	-97.07764	SAX_RV_EPICARDIAL	4	1.0	4
-32.19848	-6.39915	-97.59753	SAX_RV_EPICARDIAL	4	1.0	4
-28.90855	-4.18961	-97.25900	SAX_RV_EPICARDIAL	4	1.0	4
-26.73246	-1.98008	-97.77889	SAX_RV_EPICARDIAL	4	1.0	4
-23.44253	0.22946	-97.44036	SAX_RV_EPICARDIAL	4	1.0	4
-20.15260	2.43900	-97.10182	SAX_RV_EPICARDIAL	4	1.0	4
-17.39379	3.54377	-96.07413	SAX_RV_EPICARDIAL	4	1.0	4
-14.63498	4.64854	-95.04644	SAX_RV_EPICARDIAL	4	1.0	4
-11.34505	6.85808	-94.70791	SAX_RV_EPICARDIAL	4	1.0	4
-8.58624	7.96285	-93.68022	SAX_RV_EPICARDIAL	4	1.0	4
-5.82743	9.06762	-92.65253	SAX_RV_EPICARDIAL	4	1.0	4
-3.06862	10.17239	-91.62485	SAX_RV_EPICARDIAL	4	1.0	4
-0.30981	11.27716	-90.59716	SAX_RV_EPICARDIAL	4	1.0	4
1.91788	11.27717	-88.88031	SAX_RV_EPICARDIAL	4	1.0	4
3.08332	9.06763	-85.78515	SAX_RV_EPICARDIAL	4	1.0	4
9.42658	-24.07539	-47.94199	SAX_RV_EPICARDIAL	4	1.0	4
6.66777	-25.18017	-48.96968	SAX_RV_EPICARDIAL	4	1.0	4
3.37784	-27.38970	-49.30822	SAX_RV_EPICARDIAL	4	1.0	4
1.15015	-27.38971	-51.02506	SAX_RV_EPICARDIAL	4	1.0	4
-1.60866	-28.49448	-52.05275	SAX_RV_EPICARDIAL	4	1.0	4
-3.83635	-28.49448	-53.76960	SAX_RV_EPICARDIAL	4	1.0	4
-6.59516	-29.59925	-54.79728	SAX_RV_EPICARDIAL	4	1.0	4
-8.82284	-29.59925	-56.51413	SAX_RV_EPICARDIAL	4	1.0	4
-11.58165	-30.70402	-57.54182	SAX_RV_EPICARDIAL	4	1.0	4
-14.34046	-31.80879	-58.56951	SAX_RV_EPICARDIAL	4	1.0	4
-17.09927	-32.91356	-59.59720	SAX_RV_EPICARDIAL	4	1.0	4
-19.85808	-34.01833	-60.62489	SAX_RV_EPICARDIAL	4	1.0	4
-22.08577	-34.01834	-62.34173	SAX_RV_EPICARDIAL	4	1.0	4
-24.84458	-35.12311	-63.36942	SAX_RV_EPICARDIAL	4	1.0	4
-27.07227	-35.12311	-65.08627	SAX_RV_EPICARDIAL	4	1.0	4
-29.29996	-35.12311	-66.80311	SAX_RV_EPICARDIAL	4	1.0	4
-31.52765	-35.12311	-68.51996	SAX_RV_EPICARDIAL	4	1.0	4
-33.75533	-35.12312	-70.23680	SAX_RV_EPICARDIAL	4	1.0	4
-35.98302	-35.12312	-71.95365	SAX_RV_EPICARDIAL	4	1.0	4
0.32451	7.96286	-86.81284	SAX_RV_SEPTUM	4	1.0	4
0.90724	6.85809	-85.26526	SAX_RV_SEPTUM	4	1.0	4
-0.15501	4.64856	-83.88695	SAX_RV_SEPTUM	4	1.0	4
-1.21725	2.43902	-82.50864	SAX_RV_SEPTUM	4	1.0	4
-2.27949	0.22948	-81.13032	SAX_RV_SEPTUM	4	1.0	4
-2.22789	-1.98005	-78.89359	SAX_RV_SEPTUM	4	1.0	4
-3.29013	-4.18959	-77.51527	SAX_RV_SEPTUM	4	1.0	4
-3.23853	-6.39912	-75.27854	SAX_RV_SEPTUM	4	1.0	4
-3.18692	-8.60866	-73.04180	SAX_RV_SEPTUM	4	1.0	4
-3.13532	-10.81819	-70.80506	SAX_RV_SEPTUM	4	1.0	4
-1.96987	-13.02773	-67.70990	SAX_RV_SEPTUM	4	1.0	4
-0.80443	-15.23726	-64.61474	SAX_RV_SEPTUM	4	1.0	4
0.36102	-17.44680	-61.51959	SAX_RV_SEPTUM	4	1.0	4
2.05759	-18.55156	-59.11358	SAX_RV_SEPTUM	4	1.0	4
3.75415	-19.65633	-56.70758	SAX_RV_SEPTUM	4	1.0	4
5.45072	-20.76110	-54.30158	SAX_RV_SEPTUM	4	1.0	4
7.14729	-21.86586	-51.89558	SAX_RV_SEPTUM	4	1.0	4
4.97120	-24.07540	-51.37569	SAX_RV_SEPTUM	4	1.0	4
5.25941	11.27717	-86.30504	SAX_LV_EPICARDIAL	4	1.0	4
7.43550	13.48671	-86.82493	SAX_LV_EPICARDIAL	4	1.0	4
8.49774	15.69624	-88.20325	SAX_LV_EPICARDIAL	4	1.0	4
11.78767	17.90578	-87.86471	SAX_LV_EPICARDIAL	4	1.0	4
15.07760	20.11532	-87.52618	SAX_LV_EPICARDIAL	4	1.0	4
18.36753	22.32486	-87.18765	SAX_LV_EPICARDIAL	4	1.0	4
21.65746	24.53440	-86.84912	SAX_LV_EPICARDIAL	4	1.0	4
24.41627	25.63917	-85.82143	SAX_LV_EPICARDIAL	4	1.0	4
27.17508	26.74394	-84.79374	SAX_LV_EPICARDIAL	4	1.0	4
29.93389	27.84871	-83.76605	SAX_LV_EPICARDIAL	4	1.0	4
32.69270	28.95348	-82.73836	SAX_LV_EPICARDIAL	4	1.0	4
34.92038	28.95348	-81.02152	SAX_LV_EPICARDIAL	4	1.0	4
37.14807	28.95349	-79.30467	SAX_LV_EPICARDIAL	4	1.0	4
39.37576	28.95349	-77.58783	SAX_LV_EPICARDIAL	4	1.0	4
41.60345	28.95349	-75.87098	SAX_LV_EPICARDIAL	4	1.0	4
43.30002	27.84872	-73.46498	SAX_LV_EPICARDIAL	4	1.0	4
45.52771	27.84873	-71.74813	SAX_LV_EPICARDIAL	4	1.0	4
47.22427	26.74396	-69.34213	SAX_LV_EPICARDIAL	4	1.0	4
48.92084	25.63919	-66.93613	SAX_LV_EPICARDIAL	4	1.0	4
50.61741	24.53443	-64.53013	SAX_LV_EPICARDIAL	4	1.0	4
51.78285	22.32489	-61.43497	SAX_LV_EPICARDIAL	4	1.0	4
52.94830	20.11536	-58.33981	SAX_LV_EPICARDIAL	4	1.0	4
52.99990	17.90582	-56.10307	SAX_LV_EPICARDIAL	4	1.0	4
53.05151	15.69629	-53.86633	SAX_LV_EPICARDIAL	4	1.0	4
53.10311	13.48675	-51.62960	SAX_LV_EPICARDIAL	4	1.0	4
53.15471	11.27722	-49.39286	SAX_LV_EPICARDIAL	4	1.0	4
53.20631	9.06768	-47.15613	SAX_LV_EPICARDIAL	4	1.0	4
52.14407	6.85814	-45.77781	SAX_LV_EPICARDIAL	4	1.0	4
51.08183	4.64861	-44.39950	SAX_LV_EPICARDIAL	4	1.0	4
50.01959	2.43907	-43.02119	SAX_LV_EPICARDIAL	4	1.0	4
48.95735	0.22954	-41.64287	SAX_LV_EPICARDIAL	4	1.0	4
46.78126	-1.98000	-41.12298	SAX_LV_EPICARDIAL	4	1.0	4
45.71902	-4.18954	-39.74467	SAX_LV_EPICARDIAL	4	1.0	4
43.54293	-6.39908	-39.22478	SAX_LV_EPICARDIAL	4	1.0	4
41.36685	-8.60861	-38.70489	SAX_LV_EPICARDIAL	4	1.0	4
39.19076	-10.81815	-38.18500	SAX_LV_EPICARDIAL	4	1.0	4
35.90083	-13.02769	-38.52353	SAX_LV_EPICARDIAL	4	1.0	4
33.72474	-15.23723	-38.00364	SAX_LV_EPICARDIAL	4	1.0	4
30.43481	-17.44677	-38.34217	SAX_LV_EPICARDIAL	4	1.0	4
27.67600	-18.55154	-39.36986	SAX_LV_EPICARDIAL	4	1.0	4
24.91719	-19.65631	-40.39755	SAX_LV_EPICARDIAL	4	1.0	4
22.15838	-20.76108	-41.42524	SAX_LV_EPICARDIAL	4	1.0	4
19.39957	-21.86585	-42.45293	SAX_LV_EPICARDIAL	4	1.0	4
17.17189	-21.86585	-44.16977	SAX_LV_EPICARDIAL	4	1.0	4
14.94420	-21.86585	-45.88662	SAX_LV_EPICARDIAL	4	1.0	4
12.71651	-21.86586	-47.60346	SAX_LV_EPICARDIAL	4	1.0	4
10.48882	-21.86586	-49.32031	SAX_LV_EPICARDIAL	4	1.0	4
18.13092	-15.23724	-50.02156	SAX_LV_ENDOCARDIAL	4	1.0	4
16.43436	-14.13248	-52.42756	SAX_LV_ENDOCARDIAL	4	1.0	4
14.20667	-14.13248	-54.14441	SAX_LV_ENDOCARDIAL	4	1.0	4
12.51010	-13.02771	-56.55041	SAX_LV_ENDOCARDIAL	4	1.0	4
10.81353	-11.92295	-58.95641	SAX_LV_ENDOCARDIAL	4	1.0	4
9.11697	-10.81818	-61.36241	SAX_LV_ENDOCARDIAL	4	1.0	4
7.95152	-8.60865	-64.45757	SAX_LV_ENDOCARDIAL	4	1.0	4
6.25495	-7.50388	-66.86357	SAX_LV_ENDOCARDIAL	4	1.0	4
6.20335	-5.29435	-69.10031	SAX_LV_ENDOCARDIAL	4	1.0	4
6.15175	-3.08481	-71.33705	SAX_LV_ENDOCARDIAL	4	1.0	4
6.10014	-0.87528	-73.57378	SAX_LV_ENDOCARDIAL	4	1.0	4
7.16239	1.33426	-74.95210	SAX_LV_ENDOCARDIAL	4	1.0	4
7.11078	3.54380	-77.18883	SAX_LV_ENDOCARDIAL	4	1.0	4
8.17303	5.75333	-78.56715	SAX_LV_ENDOCARDIAL	4	1.0	4
10.34911	7.96287	-79.08704	SAX_LV_ENDOCARDIAL	4	1.0	4
11.41135	10.17241	-80.46535	SAX_LV_ENDOCARDIAL	4	1.0	4
13.58744	12.38195	-80.98524	SAX_LV_ENDOCARDIAL	4	1.0	4
14.64968	14.59148	-82.36355	SAX_LV_ENDOCARDIAL	4	1.0	4
16.82577	16.80102	-82.88344	SAX_LV_ENDOCARDIAL	4	1.0	4
20.11570	19.01056	-82.54491	SAX_LV_ENDOCARDIAL	4	1.0	4
22.87451	20.11533	-81.51722	SAX_LV_ENDOCARDIAL	4	1.0	4
25.63332	21.22010	-80.48953	SAX_LV_ENDOCARDIAL	4	1.0	4
28.39213	22.32487	-79.46185	SAX_LV_ENDOCARDIAL	4	1.0	4
30.61981	22.32487	-77.74500	SAX_LV_ENDOCARDIAL	4	1.0	4
33.37862	23.42964	-76.71731	SAX_LV_ENDOCARDIAL	4	1.0	4
35.60631	23.42964	-75.00047	SAX_LV_ENDOCARDIAL	4	1.0	4
37.83400	23.42965	-73.28362	SAX_LV_ENDOCARDIAL	4	1.0	4
39.53057	22.32488	-70.87762	SAX_LV_ENDOCARDIAL	4	1.0	4
41.75826	22.32488	-69.16077	SAX_LV_ENDOCARDIAL	4	1.0	4
43.45482	21.22012	-66.75477	SAX_LV_ENDOCARDIAL	4	1.0	4
45.15139	20.11535	-64.34877	SAX_LV_ENDOCARDIAL	4	1.0	4
46.31684	17.90582	-61.25361	SAX_LV_ENDOCARDIAL	4	1.0	4
46.36844	15.69628	-59.01687	SAX_LV_ENDOCARDIAL	4	1.0	4
47.53389	13.48675	-55.92171	SAX_LV_ENDOCARDIAL	4	1.0	4
47.58549	11.27721	-53.68498	SAX_LV_ENDOCARDIAL	4	1.0	4
46.52325	9.06767	-52.30666	SAX_LV_ENDOCARDIAL	4	1.0	4
45.46101	6.85814	-50.92835	SAX_LV_ENDOCARDIAL	4	1.0	4
44.39876	4.64860	-49.55004	SAX_LV_ENDOCARDIAL	4	1.0	4
43.33652	2.43907	-48.17172	SAX_LV_ENDOCARDIAL	4	1.0	4
42.27428	0.22953	-46.79341	SAX_LV_ENDOCARDIAL	4	1.0	4
40.09819	-1.98001	-46.27352	SAX_LV_ENDOCARDIAL	4	1.0	4
37.92211	-4.18955	-45.75363	SAX_LV_ENDOCARDIAL	4	1.0	4
35.74602	-6.39908	-45.23374	SAX_LV_ENDOCARDIAL	4	1.0	4
33.56994	-8.60862	-44.71385	SAX_LV_ENDOCARDIAL	4	1.0	4
30.28001	-10.81816	-45.05238	SAX_LV_ENDOCARDIAL	4	1.0	4
27.52120	-11.92293	-46.08007	SAX_LV_ENDOCARDIAL	4	1.0	4
24.76239	-13.02770	-47.10776	SAX_LV_ENDOCARDIAL	4	1.0	4
22.00358	-14.13247	-48.13545	SAX_LV_ENDOCARDIAL	4	1.0	4
19.24477	-15.23724	-49.16313	SAX_LV_ENDOCARDIAL	4	1.0	4
0.83979	8.22852	-86.67987	RV_INSERT	4	1.0	4
6.08064	-23.20370	-51.38741	RV_INSERT	4	1.0	4
-15.65555	-28.39782	-91.41889	SAX_RV_FREEWALL	5	1.0	4
-16.82100	-26.18829	-94.51405	SAX_RV_FREEWALL	5	1.0	4
-15.75876	-23.97875	-95.89236	SAX_RV_FREEWALL	5	1.0	4
-14.69652	-21.76921	-97.27067	SAX_RV_FREEWALL	5	1.0	4
-12.52043	-19.55968	-97.79056	SAX_RV_FREEWALL	5	1.0	4
-10.34434	-17.35014	-98.31045	SAX_RV_FREEWALL	5	1.0	4
-8.16826	-15.14060	-98.83035	SAX_RV_FREEWALL	5	1.0	4
-4.87833	-12.93106	-98.49181	SAX_RV_FREEWALL	5	1.0	4
-1.58840	-10.72152	-98.15328	SAX_RV_FREEWALL	5	1.0	4
1.17041	-9.61675	-97.12559	SAX_RV_FREEWALL	5	1.0	4
4.46034	-7.40721	-96.78706	SAX_RV_FREEWALL	5	1.0	4
7.21915	-6.30244	-95.75937	SAX_RV_FREEWALL	5	1.0	4
10.50908	-4.09290	-95.42084	SAX_RV_FREEWALL	5	1.0	4
12.73677	-4.09290	-93.70399	SAX_RV_FREEWALL	5	1.0	4
9.85966	-23.97873	-76.14864	SAX_RV_FREEWALL	5	1.0	4
7.63197	-23.97873	-77.86548	SAX_RV_FREEWALL	5	1.0	4
5.40428	-23.97873	-79.58233	SAX_RV_FREEWALL	5	1.0	4
2.64547	-25.08350	-80.61002	SAX_RV_FREEWALL	5	1.0	4
-0.11334	-26.18827	-81.63770	SAX_RV_FREEWALL	5	1.0	4
-2.87215	-27.29304	-82.66539	SAX_RV_FREEWALL	5	1.0	4
-5.63096	-28.39781	-83.69308	SAX_RV_FREEWALL	5	1.0	4
-7.85864	-28.39781	-85.40993	SAX_RV_FREEWALL	5	1.0	4
-10.08633	-28.39782	-87.12677	SAX_RV_FREEWALL	5	1.0	4
-12.31402	-28.39782	-88.84362	SAX_RV_FREEWALL	5	1.0	4
-14.54171	-28.39782	-90.56046	SAX_RV_FREEWALL	5	1.0	4
-17.78004	-32.81689	-88.66226	SAX_RV_EPICARDIAL	5	1.0	4
-19.47661	-31.71213	-91.06826	SAX_RV_EPICARDIAL	5	1.0	4
-21.17317	-30.60736	-93.47427	SAX_RV_EPICARDIAL	5	1.0	4
-21.22478	-28.39783	-95.71100	SAX_RV_EPICARDIAL	5	1.0	4
-20.16253	-26.18829	-97.08932	SAX_RV_EPICARDIAL	5	1.0	4
-19.10029	-23.97875	-98.46763	SAX_RV_EPICARDIAL	5	1.0	4
-16.92421	-21.76922	-98.98752	SAX_RV_EPICARDIAL	5	1.0	4
-15.86196	-19.55968	-100.36583	SAX_RV_EPICARDIAL	5	1.0	4
-13.68588	-17.35014	-100.88572	SAX_RV_EPICARDIAL	5	1.0	4
-11.50979	-15.14060	-101.40561	SAX_RV_EPICARDIAL	5	1.0	4
-8.21986	-12.93107	-101.06708	SAX_RV_EPICARDIAL	5	1.0	4
-4.92993	-10.72153	-100.72855	SAX_RV_EPICARDIAL	5	1.0	4
-1.64000	-8.51199	-100.39002	SAX_RV_EPICARDIAL	5	1.0	4
1.64993	-6.30245	-100.05149	SAX_RV_EPICARDIAL	5	1.0	4
4.40874	-5.19768	-99.02380	SAX_RV_EPICARDIAL	5	1.0	4
7.69867	-2.98814	-98.68526	SAX_RV_EPICARDIAL	5	1.0	4
10.45748	-1.88337	-97.65758	SAX_RV_EPICARDIAL	5	1.0	4
13.21629	-0.77860	-96.62989	SAX_RV_EPICARDIAL	5	1.0	4
15.44398	-0.77860	-94.91304	SAX_RV_EPICARDIAL	5	1.0	4
17.67167	-0.77859	-93.19620	SAX_RV_EPICARDIAL	5	1.0	4
16.07830	-4.09290	-91.12872	SAX_RV_EPICARDIAL	5	1.0	4
15.42888	-23.97872	-71.85652	SAX_RV_EPICARDIAL	5	1.0	4
14.36664	-26.18826	-70.47821	SAX_RV_EPICARDIAL	5	1.0	4
12.13895	-26.18826	-72.19505	SAX_RV_EPICARDIAL	5	1.0	4
9.91126	-26.18826	-73.91190	SAX_RV_EPICARDIAL	5	1.0	4
7.68357	-26.18826	-75.62874	SAX_RV_EPICARDIAL	5	1.0	4
4.92476	-27.29303	-76.65643	SAX_RV_EPICARDIAL	5	1.0	4
2.16595	-28.39780	-77.68412	SAX_RV_EPICARDIAL	5	1.0	4
-0.59286	-29.50257	-78.71181	SAX_RV_EPICARDIAL	5	1.0	4
-3.35167	-30.60734	-79.73950	SAX_RV_EPICARDIAL	5	1.0	4
-6.11047	-31.71212	-80.76719	SAX_RV_EPICARDIAL	5	1.0	4
-8.33816	-31.71212	-82.48404	SAX_RV_EPICARDIAL	5	1.0	4
-10.56585	-31.71212	-84.20088	SAX_RV_EPICARDIAL	5	1.0	4
-12.79354	-31.71212	-85.91773	SAX_RV_EPICARDIAL	5	1.0	4
-15.55235	-32.81689	-86.94542	SAX_RV_EPICARDIAL	5	1.0	4
14.96446	-4.09290	-91.98715	SAX_RV_SEPTUM	5	1.0	4
15.54718	-5.19767	-90.43957	SAX_RV_SEPTUM	5	1.0	4
14.48494	-7.40720	-89.06125	SAX_RV_SEPTUM	5	1.0	4
13.42270	-9.61674	-87.68294	SAX_RV_SEPTUM	5	1.0	4
13.47430	-11.82628	-85.44621	SAX_RV_SEPTUM	5	1.0	4
12.41206	-14.03581	-84.06789	SAX_RV_SEPTUM	5	1.0	4
12.46366	-16.24535	-81.83116	SAX_RV_SEPTUM	5	1.0	4
12.51526	-18.45488	-79.59442	SAX_RV_SEPTUM	5	1.0	4
13.68071	-20.66442	-76.49926	SAX_RV_SEPTUM	5	1.0	4
14.84616	-22.87395	-73.40410	SAX_RV_SEPTUM	5	1.0	4
12.08735	-23.97872	-74.43179	SAX_RV_SEPTUM	5	1.0	4
22.16355	-26.18825	-64.46925	SAX_LV_EPICARDIAL	5	1.0	4
20.46698	-25.08348	-66.87525	SAX_LV_EPICARDIAL	5	1.0	4
18.23929	-25.08348	-68.59210	SAX_LV_EPICARDIAL	5	1.0	4
19.36823	-1.88336	-90.79019	SAX_LV_EPICARDIAL	5	1.0	4
21.54432	0.32618	-91.31008	SAX_LV_EPICARDIAL	5	1.0	4
23.72040	2.53571	-91.82997	SAX_LV_EPICARDIAL	5	1.0	4
27.01034	4.74525	-91.49144	SAX_LV_EPICARDIAL	5	1.0	4
30.30027	6.95479	-91.15291	SAX_LV_EPICARDIAL	5	1.0	4
33.05907	8.05956	-90.12522	SAX_LV_EPICARDIAL	5	1.0	4
35.81788	9.16433	-89.09753	SAX_LV_EPICARDIAL	5	1.0	4
38.57669	10.26910	-88.06984	SAX_LV_EPICARDIAL	5	1.0	4
40.80438	10.26911	-86.35300	SAX_LV_EPICARDIAL	5	1.0	4
43.03207	10.26911	-84.63615	SAX_LV_EPICARDIAL	5	1.0	4
45.25976	10.26911	-82.91931	SAX_LV_EPICARDIAL	5	1.0	4
46.95633	9.16434	-80.51330	SAX_LV_EPICARDIAL	5	1.0	4
49.18401	9.16435	-78.79646	SAX_LV_EPICARDIAL	5	1.0	4
50.88058	8.05958	-76.39046	SAX_LV_EPICARDIAL	5	1.0	4
52.57715	6.95481	-73.98445	SAX_LV_EPICARDIAL	5	1.0	4
53.74260	4.74528	-70.88929	SAX_LV_EPICARDIAL	5	1.0	4
54.90804	2.53575	-67.79414	SAX_LV_EPICARDIAL	5	1.0	4
54.95965	0.32621	-65.55740	SAX_LV_EPICARDIAL	5	1.0	4
55.01125	-1.88333	-63.32066	SAX_LV_EPICARDIAL	5	1.0	4
53.94901	-4.09286	-61.94235	SAX_LV_EPICARDIAL	5	1.0	4
52.88676	-6.30240	-60.56404	SAX_LV_EPICARDIAL	5	1.0	4
51.82452	-8.51193	-59.18572	SAX_LV_EPICARDIAL	5	1.0	4
50.76228	-10.72147	-57.80741	SAX_LV_EPICARDIAL	5	1.0	4
49.70004	-12.93101	-56.42910	SAX_LV_EPICARDIAL	5	1.0	4
47.52395	-15.14055	-55.90920	SAX_LV_EPICARDIAL	5	1.0	4
45.34787	-17.35008	-55.38931	SAX_LV_EPICARDIAL	5	1.0	4
42.05794	-19.55962	-55.72785	SAX_LV_EPICARDIAL	5	1.0	4
38.76801	-21.76916	-56.06638	SAX_LV_EPICARDIAL	5	1.0	4
36.00920	-22.87393	-57.09407	SAX_LV_EPICARDIAL	5	1.0	4
33.25039	-23.97870	-58.12176	SAX_LV_EPICARDIAL	5	1.0	4
30.49158	-25.08347	-59.14945	SAX_LV_EPICARDIAL	5	1.0	4
28.26389	-25.08347	-60.86629	SAX_LV_EPICARDIAL	5	1.0	4
25.50508	-26.18825	-61.89398	SAX_LV_EPICARDIAL	5	1.0	4
23.27739	-26.18825	-63.61083	SAX_LV_EPICARDIAL	5	1.0	4
27.57796	-19.55964	-66.88734	SAX_LV_ENDOCARDIAL	5	1.0	4
25.88139	-18.45487	-69.29335	SAX_LV_ENDOCARDIAL	5	1.0	4
24.18483	-17.35010	-71.69935	SAX_LV_ENDOCARDIAL	5	1.0	4
22.48826	-16.24534	-74.10535	SAX_LV_ENDOCARDIAL	5	1.0	4
21.32281	-14.03580	-77.20051	SAX_LV_ENDOCARDIAL	5	1.0	4
21.27121	-11.82627	-79.43725	SAX_LV_ENDOCARDIAL	5	1.0	4
21.21961	-9.61673	-81.67398	SAX_LV_ENDOCARDIAL	5	1.0	4
21.16800	-7.40720	-83.91072	SAX_LV_ENDOCARDIAL	5	1.0	4
23.34409	-5.19766	-84.43061	SAX_LV_ENDOCARDIAL	5	1.0	4
24.40633	-2.98812	-85.80892	SAX_LV_ENDOCARDIAL	5	1.0	4
26.58242	-0.77859	-86.32881	SAX_LV_ENDOCARDIAL	5	1.0	4
29.87235	1.43095	-85.99028	SAX_LV_ENDOCARDIAL	5	1.0	4
32.63116	2.53572	-84.96259	SAX_LV_ENDOCARDIAL	5	1.0	4
35.38997	3.64049	-83.93490	SAX_LV_ENDOCARDIAL	5	1.0	4
37.61766	3.64050	-82.21806	SAX_LV_ENDOCARDIAL	5	1.0	4
39.84534	3.64050	-80.50121	SAX_LV_ENDOCARDIAL	5	1.0	4
42.07303	3.64050	-78.78437	SAX_LV_ENDOCARDIAL	5	1.0	4
43.76960	2.53573	-76.37836	SAX_LV_ENDOCARDIAL	5	1.0	4
45.99729	2.53574	-74.66152	SAX_LV_ENDOCARDIAL	5	1.0	4
47.16274	0.32620	-71.56636	SAX_LV_ENDOCARDIAL	5	1.0	4
47.21434	-1.88333	-69.32962	SAX_LV_ENDOCARDIAL	5	1.0	4
47.26594	-4.09287	-67.09289	SAX_LV_ENDOCARDIAL	5	1.0	4
46.20370	-6.30240	-65.71457	SAX_LV_ENDOCARDIAL	5	1.0	4
45.14146	-8.51194	-64.33626	SAX_LV_ENDOCARDIAL	5	1.0	4
44.07921	-10.72148	-62.95795	SAX_LV_ENDOCARDIAL	5	1.0	4
41.90313	-12.93102	-62.43806	SAX_LV_ENDOCARDIAL	5	1.0	4
38.61320	-15.14055	-62.77659	SAX_LV_ENDOCARDIAL	5	1.0	4
35.32327	-17.35009	-63.11512	SAX_LV_ENDOCARDIAL	5	1.0	4
32.56446	-18.45486	-64.14281	SAX_LV_ENDOCARDIAL	5	1.0	4
30.33677	-18.45487	-65.85965	SAX_LV_ENDOCARDIAL	5	1.0	4
12.49514	-23.85235	-74.24316	RV_INSERT	5	1.0	4
14.80712	-4.01434	-92.18652	RV_INSERT	5	1.0	4
13.68687	-26.09259	-99.54327	SAX_RV_FREEWALL	6	1.0	4
11.99030	-24.98782	-101.94927	SAX_RV_FREEWALL	6	1.0	4
11.93870	-22.77829	-104.18601	SAX_RV_FREEWALL	6	1.0	4
13.00094	-20.56875	-105.56432	SAX_RV_FREEWALL	6	1.0	4
14.06319	-18.35921	-106.94264	SAX_RV_FREEWALL	6	1.0	4
16.82200	-17.25444	-105.91495	SAX_RV_FREEWALL	6	1.0	4
19.58080	-16.14967	-104.88726	SAX_RV_FREEWALL	6	1.0	4
21.80849	-16.14967	-103.17041	SAX_RV_FREEWALL	6	1.0	4
19.25609	-26.09258	-95.25116	SAX_RV_FREEWALL	6	1.0	4
17.02840	-26.09258	-96.96800	SAX_RV_FREEWALL	6	1.0	4
14.80072	-26.09259	-98.68485	SAX_RV_FREEWALL	6	1.0	4
10.39694	-28.30213	-99.88180	SAX_RV_EPICARDIAL	6	1.0	4
8.70037	-27.19736	-102.28781	SAX_RV_EPICARDIAL	6	1.0	4
8.64877	-24.98783	-104.52454	SAX_RV_EPICARDIAL	6	1.0	4
8.59717	-22.77829	-106.76128	SAX_RV_EPICARDIAL	6	1.0	4
9.65941	-20.56875	-108.13959	SAX_RV_EPICARDIAL	6	1.0	4
11.83550	-18.35922	-108.65948	SAX_RV_EPICARDIAL	6	1.0	4
15.12543	-16.14968	-108.32095	SAX_RV_EPICARDIAL	6	1.0	4
18.41536	-13.94014	-107.98242	SAX_RV_EPICARDIAL	6	1.0	4
20.64305	-13.94014	-106.26557	SAX_RV_EPICARDIAL	6	1.0	4
22.87073	-13.94013	-104.54873	SAX_RV_EPICARDIAL	6	1.0	4
25.09842	-13.94013	-102.83188	SAX_RV_EPICARDIAL	6	1.0	4
25.15003	-16.14967	-100.59515	SAX_RV_EPICARDIAL	6	1.0	4
23.12875	-24.98781	-93.36505	SAX_RV_EPICARDIAL	6	1.0	4
20.95266	-27.19735	-92.84516	SAX_RV_EPICARDIAL	6	1.0	4
18.19385	-28.30212	-93.87284	SAX_RV_EPICARDIAL	6	1.0	4
15.96616	-28.30212	-95.58969	SAX_RV_EPICARDIAL	6	1.0	4
13.73847	-28.30212	-97.30654	SAX_RV_EPICARDIAL	6	1.0	4
11.51079	-28.30213	-99.02338	SAX_RV_EPICARDIAL	6	1.0	4
24.03618	-16.14967	-101.45357	SAX_RV_SEPTUM	6	1.0	4
24.08778	-18.35920	-99.21683	SAX_RV_SEPTUM	6	1.0	4
24.13939	-20.56874	-96.98010	SAX_RV_SEPTUM	6	1.0	4
23.07714	-22.77828	-95.60178	SAX_RV_SEPTUM	6	1.0	4
22.01490	-24.98781	-94.22347	SAX_RV_SEPTUM	6	1.0	4
27.68733	-29.40688	-85.45788	SAX_LV_EPICARDIAL	6	1.0	4
25.99076	-28.30211	-87.86388	SAX_LV_EPICARDIAL	6	1.0	4
24.29419	-27.19734	-90.26989	SAX_LV_EPICARDIAL	6	1.0	4
28.43996	-13.94013	-100.25661	SAX_LV_EPICARDIAL	6	1.0	4
30.61604	-11.73059	-100.77650	SAX_LV_EPICARDIAL	6	1.0	4
33.90597	-9.52105	-100.43797	SAX_LV_EPICARDIAL	6	1.0	4
36.66478	-8.41628	-99.41028	SAX_LV_EPICARDIAL	6	1.0	4
39.42359	-7.31151	-98.38259	SAX_LV_EPICARDIAL	6	1.0	4
41.65128	-7.31151	-96.66575	SAX_LV_EPICARDIAL	6	1.0	4
43.87897	-7.31151	-94.94890	SAX_LV_EPICARDIAL	6	1.0	4
46.10666	-7.31150	-93.23206	SAX_LV_EPICARDIAL	6	1.0	4
48.33434	-7.31150	-91.51521	SAX_LV_EPICARDIAL	6	1.0	4
50.03091	-8.41627	-89.10921	SAX_LV_EPICARDIAL	6	1.0	4
50.08251	-10.62580	-86.87247	SAX_LV_EPICARDIAL	6	1.0	4
51.24796	-12.83534	-83.77731	SAX_LV_EPICARDIAL	6	1.0	4
50.18572	-15.04487	-82.39900	SAX_LV_EPICARDIAL	6	1.0	4
49.12348	-17.25441	-81.02069	SAX_LV_EPICARDIAL	6	1.0	4
48.06124	-19.46395	-79.64237	SAX_LV_EPICARDIAL	6	1.0	4
46.99899	-21.67348	-78.26406	SAX_LV_EPICARDIAL	6	1.0	4
45.93675	-23.88302	-76.88575	SAX_LV_EPICARDIAL	6	1.0	4
42.64682	-26.09256	-77.22428	SAX_LV_EPICARDIAL	6	1.0	4
41.00186	-27.19733	-77.39354	SAX_LV_EPICARDIAL	6	1.0	4
37.71193	-29.40687	-77.73208	SAX_LV_EPICARDIAL	6	1.0	4
35.48424	-29.40687	-79.44892	SAX_LV_EPICARDIAL	6	1.0	4
33.25655	-29.40687	-81.16577	SAX_LV_EPICARDIAL	6	1.0	4
31.02886	-29.40687	-82.88261	SAX_LV_EPICARDIAL	6	1.0	4
28.80117	-29.40688	-84.59946	SAX_LV_EPICARDIAL	6	1.0	4
33.15334	-24.98780	-85.63924	SAX_LV_ENDOCARDIAL	6	1.0	4
31.45678	-23.88303	-88.04524	SAX_LV_ENDOCARDIAL	6	1.0	4
30.29133	-21.67350	-91.14040	SAX_LV_ENDOCARDIAL	6	1.0	4
30.23973	-19.46396	-93.37714	SAX_LV_ENDOCARDIAL	6	1.0	4
31.30197	-17.25443	-94.75545	SAX_LV_ENDOCARDIAL	6	1.0	4
32.36421	-15.04489	-96.13377	SAX_LV_ENDOCARDIAL	6	1.0	4
34.54030	-12.83535	-96.65366	SAX_LV_ENDOCARDIAL	6	1.0	4
37.83023	-10.62582	-96.31512	SAX_LV_ENDOCARDIAL	6	1.0	4
40.05792	-10.62581	-94.59828	SAX_LV_ENDOCARDIAL	6	1.0	4
41.75448	-11.73058	-92.19228	SAX_LV_ENDOCARDIAL	6	1.0	4
43.45105	-12.83535	-89.78627	SAX_LV_ENDOCARDIAL	6	1.0	4
44.03377	-13.94011	-88.23869	SAX_LV_ENDOCARDIAL	6	1.0	4
44.08538	-16.14965	-86.00196	SAX_LV_ENDOCARDIAL	6	1.0	4
43.02314	-18.35918	-84.62364	SAX_LV_ENDOCARDIAL	6	1.0	4
41.96089	-20.56872	-83.24533	SAX_LV_ENDOCARDIAL	6	1.0	4
40.89865	-22.77826	-81.86702	SAX_LV_ENDOCARDIAL	6	1.0	4
38.13984	-23.88303	-82.89471	SAX_LV_ENDOCARDIAL	6	1.0	4
35.38103	-24.98780	-83.92240	SAX_LV_ENDOCARDIAL	6	1.0	4
23.85389	-16.11792	-101.62562	RV_INSERT	6	1.0	4
22.60036	-24.60452	-94.15337	RV_INSERT	6	1.0	4
5.98859	22.66298	-24.15060	LAX_LV_ENDOCARDIAL	9	1.0	4
7.79138	20.49465	-25.54199	LAX_LV_ENDOCARDIAL	9	1.0	4
9.59417	18.32631	-26.93338	LAX_LV_ENDOCARDIAL	9	1.0	4
11.39696	16.15798	-28.32476	LAX_LV_ENDOCARDIAL	9	1.0	4
13.14471	13.95449	-28.31142	LAX_LV_ENDOCARDIAL	9	1.0	4
14.94750	11.78616	-29.70281	LAX_LV_ENDOCARDIAL	9	1.0	4
16.69524	9.58267	-29.68946	LAX_LV_ENDOCARDIAL	9	1.0	4
18.44299	7.37918	-29.67611	LAX_LV_ENDOCARDIAL	9	1.0	4
20.19074	5.17569	-29.66277	LAX_LV_ENDOCARDIAL	9	1.0	4
21.99353	3.00736	-31.05416	LAX_LV_ENDOCARDIAL	9	1.0	4
23.79632	0.83902	-32.44554	LAX_LV_ENDOCARDIAL	9	1.0	4
25.59911	-1.32931	-33.83693	LAX_LV_ENDOCARDIAL	9	1.0	4
27.45695	-3.46249	-36.63305	LAX_LV_ENDOCARDIAL	9	1.0	4
28.44091	-4.49393	-39.43584	LAX_LV_ENDOCARDIAL	9	1.0	4
29.42487	-5.52537	-42.23863	LAX_LV_ENDOCARDIAL	9	1.0	4
31.28271	-7.65856	-45.03475	LAX_LV_ENDOCARDIAL	9	1.0	4
32.26667	-8.69000	-47.83755	LAX_LV_ENDOCARDIAL	9	1.0	4
33.25063	-9.72144	-50.64034	LAX_LV_ENDOCARDIAL	9	1.0	4
34.23459	-10.75287	-53.44313	LAX_LV_ENDOCARDIAL	9	1.0	4
35.21856	-11.78431	-56.24592	LAX_LV_ENDOCARDIAL	9	1.0	4
36.20252	-12.81575	-59.04872	LAX_LV_ENDOCARDIAL	9	1.0	4
37.18648	-13.84719	-61.85151	LAX_LV_ENDOCARDIAL	9	1.0	4
38.17044	-14.87863	-64.65430	LAX_LV_ENDOCARDIAL	9	1.0	4
39.15441	-15.91007	-67.45709	LAX_LV_ENDOCARDIAL	9	1.0	4
40.13837	-16.94151	-70.25988	LAX_LV_ENDOCARDIAL	9	1.0	4
40.24846	-16.87121	-73.06935	LAX_LV_ENDOCARDIAL	9	1.0	4
41.23242	-17.90265	-75.87214	LAX_LV_ENDOCARDIAL	9	1.0	4
42.21638	-18.93409	-78.67493	LAX_LV_ENDOCARDIAL	9	1.0	4
42.32647	-18.86378	-81.48440	LAX_LV_ENDOCARDIAL	9	1.0	4
42.43656	-18.79348	-84.29387	LAX_LV_ENDOCARDIAL	9	1.0	4
42.54665	-18.72318	-87.10333	LAX_LV_ENDOCARDIAL	9	1.0	4
42.65674	-18.65287	-89.91280	LAX_LV_ENDOCARDIAL	9	1.0	4
41.89295	-17.48083	-92.72893	LAX_LV_ENDOCARDIAL	9	1.0	4
41.12917	-16.30878	-95.54507	LAX_LV_ENDOCARDIAL	9	1.0	4
39.43647	-14.07014	-96.96315	LAX_LV_ENDOCARDIAL	9	1.0	4
37.68872	-11.86665	-96.97650	LAX_LV_ENDOCARDIAL	9	1.0	4
35.88593	-9.69832	-95.58511	LAX_LV_ENDOCARDIAL	9	1.0	4
34.08314	-7.52998	-94.19372	LAX_LV_ENDOCARDIAL	9	1.0	4
32.28035	-5.36165	-92.80234	LAX_LV_ENDOCARDIAL	9	1.0	4
30.47756	-3.19331	-91.41095	LAX_LV_ENDOCARDIAL	9	1.0	4
28.67477	-1.02498	-90.01956	LAX_LV_ENDOCARDIAL	9	1.0	4
26.87198	1.14336	-88.62818	LAX_LV_ENDOCARDIAL	9	1.0	4
25.06918	3.31169	-87.23679	LAX_LV_ENDOCARDIAL	9	1.0	4
23.26639	5.48003	-85.84540	LAX_LV_ENDOCARDIAL	9	1.0	4
21.46360	7.64836	-84.45402	LAX_LV_ENDOCARDIAL	9	1.0	4
19.66081	9.81670	-83.06263	LAX_LV_ENDOCARDIAL	9	1.0	4
17.91306	12.02018	-83.07597	LAX_LV_ENDOCARDIAL	9	1.0	4
16.16532	14.22367	-83.08932	LAX_LV_ENDOCARDIAL	9	1.0	4
14.36253	16.39201	-81.69793	LAX_LV_ENDOCARDIAL	9	1.0	4
12.55974	18.56034	-80.30655	LAX_LV_ENDOCARDIAL	9	1.0	4
10.75694	20.72868	-78.91516	LAX_LV_ENDOCARDIAL	9	1.0	4
8.95415	22.89701	-77.52377	LAX_LV_ENDOCARDIAL	9	1.0	4
7.15136	25.06535	-76.13239	LAX_LV_ENDOCARDIAL	9	1.0	4
5.34857	27.23368	-74.74100	LAX_LV_ENDOCARDIAL	9	1.0	4
3.49074	29.36686	-71.94488	LAX_LV_ENDOCARDIAL	9	1.0	4
1.63290	31.50005	-69.14876	LAX_LV_ENDOCARDIAL	9	1.0	4
-0.16989	33.66838	-67.75737	LAX_LV_ENDOCARDIAL	9	1.0	4
-2.02773	35.80156	-64.96125	LAX_LV_ENDOCARDIAL	9	1.0	4
-3.88556	37.93475	-62.16513	LAX_LV_ENDOCARDIAL	9	1.0	4
13.63327	12.60668	-18.47162	LAX_LV_EPICARDIAL	9	1.0	4
15.43606	10.43835	-19.86300	LAX_LV_EPICARDIAL	9	1.0	4
17.18381	8.23486	-19.84966	LAX_LV_EPICARDIAL	9	1.0	4
18.98660	6.06653	-21.24105	LAX_LV_EPICARDIAL	9	1.0	4
20.73434	3.86304	-21.22770	LAX_LV_EPICARDIAL	9	1.0	4
22.53713	1.69470	-22.61909	LAX_LV_EPICARDIAL	9	1.0	4
24.28488	-0.50878	-22.60574	LAX_LV_EPICARDIAL	9	1.0	4
26.08767	-2.67712	-23.99713	LAX_LV_EPICARDIAL	9	1.0	4
27.94551	-4.81030	-26.79325	LAX_LV_EPICARDIAL	9	1.0	4
29.80334	-6.94348	-29.58937	LAX_LV_EPICARDIAL	9	1.0	4
31.66118	-9.07667	-32.38549	LAX_LV_EPICARDIAL	9	1.0	4
32.64514	-10.10811	-35.18828	LAX_LV_EPICARDIAL	9	1.0	4
34.50298	-12.24129	-37.98440	LAX_LV_EPICARDIAL	9	1.0	4
35.48694	-13.27273	-40.78719	LAX_LV_EPICARDIAL	9	1.0	4
37.34478	-15.40591	-43.58331	LAX_LV_EPICARDIAL	9	1.0	4
38.32874	-16.43735	-46.38610	LAX_LV_EPICARDIAL	9	1.0	4
39.31270	-17.46879	-49.18889	LAX_LV_EPICARDIAL	9	1.0	4
40.29666	-18.50023	-51.99169	LAX_LV_EPICARDIAL	9	1.0	4
41.28063	-19.53167	-54.79448	LAX_LV_EPICARDIAL	9	1.0	4
41.39071	-19.46137	-57.60395	LAX_LV_EPICARDIAL	9	1.0	4
42.37468	-20.49281	-60.40674	LAX_LV_EPICARDIAL	9	1.0	4
43.35864	-21.52425	-63.20953	LAX_LV_EPICARDIAL	9	1.0	4
43.46873	-21.45394	-66.01900	LAX_LV_EPICARDIAL	9	1.0	4
44.45269	-22.48538	-68.82179	LAX_LV_EPICARDIAL	9	1.0	4
44.56278	-22.41508	-71.63125	LAX_LV_EPICARDIAL	9	1.0	4
45.54674	-23.44652	-74.43405	LAX_LV_EPICARDIAL	9	1.0	4
45.65683	-23.37621	-77.24351	LAX_LV_EPICARDIAL	9	1.0	4
45.76692	-23.30591	-80.05298	LAX_LV_EPICARDIAL	9	1.0	4
45.87701	-23.23561	-82.86244	LAX_LV_EPICARDIAL	9	1.0	4
45.98710	-23.16530	-85.67191	LAX_LV_EPICARDIAL	9	1.0	4
46.09719	-23.09500	-88.48137	LAX_LV_EPICARDIAL	9	1.0	4
46.20728	-23.02470	-91.29084	LAX_LV_EPICARDIAL	9	1.0	4
45.44349	-21.85265	-94.10698	LAX_LV_EPICARDIAL	9	1.0	4
44.67971	-20.68060	-96.92311	LAX_LV_EPICARDIAL	9	1.0	4
43.91592	-19.50855	-99.73925	LAX_LV_EPICARDIAL	9	1.0	4
42.27827	-17.23476	-102.56206	LAX_LV_EPICARDIAL	9	1.0	4
40.53052	-15.03128	-102.57541	LAX_LV_EPICARDIAL	9	1.0	4
38.78277	-12.82779	-102.58875	LAX_LV_EPICARDIAL	9	1.0	4
37.03503	-10.62430	-102.60210	LAX_LV_EPICARDIAL	9	1.0	4
35.23224	-8.45597	-101.21071	LAX_LV_EPICARDIAL	9	1.0	4
33.48449	-6.25248	-101.22406	LAX_LV_EPICARDIAL	9	1.0	4
31.68170	-4.08415	-99.83267	LAX_LV_EPICARDIAL	9	1.0	4
29.87891	-1.91581	-98.44129	LAX_LV_EPICARDIAL	9	1.0	4
28.07612	0.25252	-97.04990	LAX_LV_EPICARDIAL	9	1.0	4
26.32837	2.45601	-97.06324	LAX_LV_EPICARDIAL	9	1.0	4
24.52558	4.62435	-95.67186	LAX_LV_EPICARDIAL	9	1.0	4
22.77783	6.82783	-95.68520	LAX_LV_EPICARDIAL	9	1.0	4
20.97504	8.99617	-94.29382	LAX_LV_EPICARDIAL	9	1.0	4
19.17225	11.16450	-92.90243	LAX_LV_EPICARDIAL	9	1.0	4
17.36946	13.33284	-91.51104	LAX_LV_EPICARDIAL	9	1.0	4
15.62171	15.53633	-91.52439	LAX_LV_EPICARDIAL	9	1.0	4
13.81892	17.70466	-90.13300	LAX_LV_EPICARDIAL	9	1.0	4
12.01613	19.87300	-88.74161	LAX_LV_EPICARDIAL	9	1.0	4
10.26838	22.07648	-88.75496	LAX_LV_EPICARDIAL	9	1.0	4
8.46559	24.24482	-87.36357	LAX_LV_EPICARDIAL	9	1.0	4
6.66280	26.41315	-85.97219	LAX_LV_EPICARDIAL	9	1.0	4
4.86001	28.58149	-84.58080	LAX_LV_EPICARDIAL	9	1.0	4
3.05722	30.74982	-83.18941	LAX_LV_EPICARDIAL	9	1.0	4
1.25443	32.91816	-81.79803	LAX_LV_EPICARDIAL	9	1.0	4
-0.54836	35.08649	-80.40664	LAX_LV_EPICARDIAL	9	1.0	4
-2.35115	37.25483	-79.01525	LAX_LV_EPICARDIAL	9	1.0	4
-4.20899	39.38801	-76.21913	LAX_LV_EPICARDIAL	9	1.0	4
-6.06683	41.52119	-73.42301	LAX_LV_EPICARDIAL	9	1.0	4
-7.05079	42.55263	-70.62022	LAX_LV_EPICARDIAL	9	1.0	4
-8.03475	43.58407	-67.81743	LAX_LV_EPICARDIAL	9	1.0	4
-8.14484	43.51377	-65.00796	LAX_LV_EPICARDIAL	9	1.0	4
-7.38106	42.34172	-62.19183	LAX_LV_EPICARDIAL	9	1.0	4
-5.63331	40.13823	-62.17848	LAX_LV_EPICARDIAL	9	1.0	4
5.82345	22.55753	-19.93641	LAX_LV_EPICARDIAL	9	1.0	4
7.57120	20.35404	-19.92306	LAX_LV_EPICARDIAL	9	1.0	4
9.26390	18.11540	-18.50498	LAX_LV_EPICARDIAL	9	1.0	4
11.01165	15.91191	-18.49164	LAX_LV_EPICARDIAL	9	1.0	4
12.75939	13.70843	-18.47829	LAX_LV_EPICARDIAL	9	1.0	4
3.91381	25.30611	-24.53387	MITRAL_VALVE	9	1.0	4
-5.57436	39.77883	-58.34654	MITRAL_VALVE	9	1.0	4
44.71772	-20.62202	-98.35425	APEX_POINT	9	1.0	4
-8.33049	38.41579	6.65342	LAX_LA	9	1.0	4
-6.52770	36.24746	5.26203	LAX_LA	9	1.0	4
-4.72491	34.07912	3.87065	LAX_LA	9	1.0	4
-3.74095	33.04768	1.06785	LAX_LA	9	1.0	4
-1.88311	30.91450	-1.72826	LAX_LA	9	1.0	4
-0.89915	29.88306	-4.53106	LAX_LA	9	1.0	4
0.08481	28.85162	-7.33385	LAX_LA	9	1.0	4
1.06877	27.82018	-10.13664	LAX_LA	9	1.0	4
2.05274	26.78874	-12.93943	LAX_LA	9	1.0	4
2.16283	26.85904	-15.74890	LAX_LA	9	1.0	4
2.27292	26.92935	-18.55837	LAX_LA	9	1.0	4
3.25688	25.89791	-21.36116	LAX_LA	9	1.0	4
-6.78241	41.06422	-55.16149	LAX_LA	9	1.0	4
-8.64024	43.19740	-52.36537	LAX_LA	9	1.0	4
-9.62420	44.22884	-49.56258	LAX_LA	9	1.0	4
-10.60817	45.26028	-46.75978	LAX_LA	9	1.0	4
-11.59213	46.29172	-43.95699	LAX_LA	9	1.0	4
-11.70222	46.22142	-41.14753	LAX_LA	9	1.0	4
-12.68618	47.25286	-38.34473	LAX_LA	9	1.0	4
-12.79627	47.18255	-35.53527	LAX_LA	9	1.0	4
-13.78023	48.21399	-32.73248	LAX_LA	9	1.0	4
-13.89032	48.14369	-29.92301	LAX_LA	9	1.0	4
-14.87428	49.17513	-27.12022	LAX_LA	9	1.0	4
-14.98437	49.10482	-24.31075	LAX_LA	9	1.0	4
-15.09446	49.03452	-21.50129	LAX_LA	9	1.0	4
-15.20455	48.96422	-18.69182	LAX_LA	9	1.0	4
-15.31464	48.89391	-15.88236	LAX_LA	9	1.0	4
-15.42473	48.82361	-13.07289	LAX_LA	9	1.0	4
-15.53482	48.75331	-10.26343	LAX_LA	9	1.0	4
-15.64491	48.68300	-7.45396	LAX_LA	9	1.0	4
-15.75500	48.61270	-4.64450	LAX_LA	9	1.0	4
-14.99121	47.44065	-1.82836	LAX_LA	9	1.0	4
-14.22743	46.26860	0.98778	LAX_LA	9	1.0	4
-12.58977	43.99481	3.81059	LAX_LA	9	1.0	4
-10.95211	41.72102	6.63340	LAX_LA	9	1.0	4
-9.20437	39.51754	6.64675	LAX_LA	9	1.0	4
-29.23594	-10.52195	-4.21260	LAX_RV_FREEWALL	8	1.0	1.0
-27.98989	-13.23885	-6.83674	LAX_RV_FREEWALL	8	1.0	1.0
-26.74383	-15.95575	-9.46089	LAX_RV_FREEWALL	8	1.0	1.0
-25.21886	-17.31420	-11.85187	LAX_RV_FREEWALL	8	1.0	1.0
-23.69389	-18.67265	-14.24284	LAX_RV_FREEWALL	8	1.0	1.0
-22.16893	-20.03110	-16.63382	LAX_RV_FREEWALL	8	1.0	1.0
-20.64396	-21.38955	-19.02480	LAX_RV_FREEWALL	8	1.0	1.0
-18.84008	-21.38955	-21.18262	LAX_RV_FREEWALL	8	1.0	1.0
-17.31511	-22.74800	-23.57360	LAX_RV_FREEWALL	8	1.0	1.0
-15.51123	-22.74801	-25.73142	LAX_RV_FREEWALL	8	1.0	1.0
-13.98626	-24.10646	-28.12240	LAX_RV_FREEWALL	8	1.0	1.0
-12.18238	-24.10646	-30.28021	LAX_RV_FREEWALL	8	1.0	1.0
-10.37850	-24.10646	-32.43803	LAX_RV_FREEWALL	8	1.0	1.0
-8.57461	-24.10646	-34.59585	LAX_RV_FREEWALL	8	1.0	1.0
-6.49182	-22.74802	-36.52050	LAX_RV_FREEWALL	8	1.0	1.0
-4.40903	-21.38957	-38.44516	LAX_RV_FREEWALL	8	1.0	1.0
-2.88406	-22.74802	-40.83614	LAX_RV_FREEWALL	8	1.0	1.0
-1.08018	-22.74802	-42.99396	LAX_RV_FREEWALL	8	1.0	1.0
0.72370	-22.74802	-45.15178	LAX_RV_FREEWALL	8	1.0	1.0
2.24867	-24.10647	-47.54275	LAX_RV_FREEWALL	8	1.0	1.0
4.05255	-24.10647	-49.70057	LAX_RV_FREEWALL	8	1.0	1.0
5.85644	-24.10648	-51.85839	LAX_RV_FREEWALL	8	1.0	1.0
-11.32753	-2.37128	-22.23399	LAX_RV_FREEWALL	8	1.0	1.0
-12.85250	-1.01282	-19.84301	LAX_RV_FREEWALL	8	1.0	1.0
-14.93530	-2.37127	-17.91835	LAX_RV_FREEWALL	8	1.0	1.0
-16.46027	-1.01282	-15.52738	LAX_RV_FREEWALL	8	1.0	1.0
-17.98523	0.34563	-13.13640	LAX_RV_FREEWALL	8	1.0	1.0
-19.78911	0.34563	-10.97858	LAX_RV_FREEWALL	8	1.0	1.0
-21.31408	1.70408	-8.58760	LAX_RV_FREEWALL	8	1.0	1.0
-23.11796	1.70408	-6.42978	LAX_RV_FREEWALL	8	1.0	1.0
-25.20076	0.34564	-4.50513	LAX_RV_FREEWALL	8	1.0	1.0
-27.56247	-2.37126	-2.81363	LAX_RV_FREEWALL	8	1.0	1.0
-28.12029	-5.08816	-3.27996	LAX_RV_FREEWALL	8	1.0	1.0
-28.67812	-7.80505	-3.74628	LAX_RV_FREEWALL	8	1.0	1.0
-30.69571	-13.23885	-3.60002	LAX_RV_EPICARDIAL	8	1.0	1.0
-29.44965	-15.95575	-6.22416	LAX_RV_EPICARDIAL	8	1.0	1.0
-28.20360	-18.67265	-8.84830	LAX_RV_EPICARDIAL	8	1.0	1.0
-26.95754	-21.38955	-11.47244	LAX_RV_EPICARDIAL	8	1.0	1.0
-25.43257	-22.74800	-13.86342	LAX_RV_EPICARDIAL	8	1.0	1.0
-23.62869	-22.74800	-16.02124	LAX_RV_EPICARDIAL	8	1.0	1.0
-22.10372	-24.10645	-18.41222	LAX_RV_EPICARDIAL	8	1.0	1.0
-20.57876	-25.46490	-20.80320	LAX_RV_EPICARDIAL	8	1.0	1.0
-19.05379	-26.82335	-23.19418	LAX_RV_EPICARDIAL	8	1.0	1.0
-17.24991	-26.82335	-25.35199	LAX_RV_EPICARDIAL	8	1.0	1.0
-15.44602	-26.82335	-27.50981	LAX_RV_EPICARDIAL	8	1.0	1.0
-13.64214	-26.82336	-29.66763	LAX_RV_EPICARDIAL	8	1.0	1.0
-11.83826	-26.82336	-31.82545	LAX_RV_EPICARDIAL	8	1.0	1.0
-10.03438	-26.82336	-33.98326	LAX_RV_EPICARDIAL	8	1.0	1.0
-8.23050	-26.82336	-36.14108	LAX_RV_EPICARDIAL	8	1.0	1.0
-6.14771	-25.46491	-38.06574	LAX_RV_EPICARDIAL	8	1.0	1.0
-4.06491	-24.10647	-39.99039	LAX_RV_EPICARDIAL	8	1.0	1.0
-2.53994	-25.46492	-42.38137	LAX_RV_EPICARDIAL	8	1.0	1.0
-0.73606	-25.46492	-44.53919	LAX_RV_EPICARDIAL	8	1.0	1.0
1.06782	-25.46492	-46.69701	LAX_RV_EPICARDIAL	8	1.0	1.0
2.87170	-25.46492	-48.85483	LAX_RV_EPICARDIAL	8	1.0	1.0
4.67558	-25.46492	-51.01264	LAX_RV_EPICARDIAL	8	1.0	1.0
6.47946	-25.46493	-53.17046	LAX_RV_EPICARDIAL	8	1.0	1.0
8.28334	-25.46493	-55.32828	LAX_RV_EPICARDIAL	8	1.0	1.0
-10.14668	-1.01283	-23.07974	LAX_RV_EPICARDIAL	8	1.0	1.0
-12.91770	3.06252	-18.06462	LAX_RV_EPICARDIAL	8	1.0	1.0
-14.72159	3.06252	-15.90680	LAX_RV_EPICARDIAL	8	1.0	1.0
-16.52547	3.06253	-13.74898	LAX_RV_EPICARDIAL	8	1.0	1.0
-18.32935	3.06253	-11.59116	LAX_RV_EPICARDIAL	8	1.0	1.0
-20.13323	3.06253	-9.43335	LAX_RV_EPICARDIAL	8	1.0	1.0
-22.21602	1.70408	-7.50869	LAX_RV_EPICARDIAL	8	1.0	1.0
-29.30114	-6.44660	-2.43421	LAX_RV_EPICARDIAL	8	1.0	1.0
-29.85897	-9.16350	-2.90053	LAX_RV_EPICARDIAL	8	1.0	1.0
-30.41680	-11.88040	-3.36686	LAX_RV_EPICARDIAL	8	1.0	1.0
7.93923	-22.74803	-53.78304	LAX_RV_SEPTUM	8	1.0	1.0
6.41426	-21.38958	-51.39207	LAX_RV_SEPTUM	8	1.0	1.0
4.88929	-20.03113	-49.00109	LAX_RV_SEPTUM	8	1.0	1.0
3.36432	-18.67268	-46.61011	LAX_RV_SEPTUM	8	1.0	1.0
1.83936	-17.31423	-44.21913	LAX_RV_SEPTUM	8	1.0	1.0
0.59330	-14.59733	-41.59499	LAX_RV_SEPTUM	8	1.0	1.0
-0.93167	-13.23888	-39.20401	LAX_RV_SEPTUM	8	1.0	1.0
-2.45664	-11.88043	-36.81303	LAX_RV_SEPTUM	8	1.0	1.0
-3.70269	-9.16353	-34.18889	LAX_RV_SEPTUM	8	1.0	1.0
-5.22766	-7.80508	-31.79791	LAX_RV_SEPTUM	8	1.0	1.0
-6.47372	-5.08818	-29.17377	LAX_RV_SEPTUM	8	1.0	1.0
-7.99868	-3.72973	-26.78279	LAX_RV_SEPTUM	8	1.0	1.0
-9.52365	-2.37128	-24.39181	LAX_RV_SEPTUM	8	1.0	1.0
-10.49080	1.70407	-21.53450	LAX_LV_EPICARDIAL	8	1.0	1.0
9.74311	-22.74803	-55.94086	LAX_LV_EPICARDIAL	8	1.0	1.0
11.26808	-24.10648	-58.33184	LAX_LV_EPICARDIAL	8	1.0	1.0
13.07196	-24.10648	-60.48966	LAX_LV_EPICARDIAL	8	1.0	1.0
14.59693	-25.46493	-62.88064	LAX_LV_EPICARDIAL	8	1.0	1.0
16.40081	-25.46494	-65.03846	LAX_LV_EPICARDIAL	8	1.0	1.0
17.92578	-26.82339	-67.42944	LAX_LV_EPICARDIAL	8	1.0	1.0
19.72966	-26.82339	-69.58725	LAX_LV_EPICARDIAL	8	1.0	1.0
21.25463	-28.18184	-71.97823	LAX_LV_EPICARDIAL	8	1.0	1.0
23.05851	-28.18184	-74.13605	LAX_LV_EPICARDIAL	8	1.0	1.0
24.86239	-28.18184	-76.29387	LAX_LV_EPICARDIAL	8	1.0	1.0
26.66627	-28.18184	-78.45169	LAX_LV_EPICARDIAL	8	1.0	1.0
28.47015	-28.18184	-80.60950	LAX_LV_EPICARDIAL	8	1.0	1.0
30.27403	-28.18185	-82.76732	LAX_LV_EPICARDIAL	8	1.0	1.0
32.07792	-28.18185	-84.92514	LAX_LV_EPICARDIAL	8	1.0	1.0
33.88180	-28.18185	-87.08296	LAX_LV_EPICARDIAL	8	1.0	1.0
35.96459	-26.82340	-89.00761	LAX_LV_EPICARDIAL	8	1.0	1.0
37.76847	-26.82340	-91.16543	LAX_LV_EPICARDIAL	8	1.0	1.0
39.85127	-25.46496	-93.09008	LAX_LV_EPICARDIAL	8	1.0	1.0
42.21297	-22.74806	-94.78158	LAX_LV_EPICARDIAL	8	1.0	1.0
44.57468	-20.03117	-96.47307	LAX_LV_EPICARDIAL	8	1.0	1.0
45.13251	-17.31427	-96.00675	LAX_LV_EPICARDIAL	8	1.0	1.0
46.59227	-14.59737	-96.61933	LAX_LV_EPICARDIAL	8	1.0	1.0
47.15010	-11.88047	-96.15301	LAX_LV_EPICARDIAL	8	1.0	1.0
47.70792	-9.16358	-95.68669	LAX_LV_EPICARDIAL	8	1.0	1.0
47.36381	-6.44668	-94.14145	LAX_LV_EPICARDIAL	8	1.0	1.0
47.01969	-3.72978	-92.59622	LAX_LV_EPICARDIAL	8	1.0	1.0
46.67558	-1.01288	-91.05099	LAX_LV_EPICARDIAL	8	1.0	1.0
46.33146	1.70402	-89.50576	LAX_LV_EPICARDIAL	8	1.0	1.0
45.98735	4.42091	-87.96052	LAX_LV_EPICARDIAL	8	1.0	1.0
45.64323	7.13781	-86.41529	LAX_LV_EPICARDIAL	8	1.0	1.0
45.29912	9.85471	-84.87006	LAX_LV_EPICARDIAL	8	1.0	1.0
44.95500	12.57161	-83.32483	LAX_LV_EPICARDIAL	8	1.0	1.0
44.61089	15.28851	-81.77959	LAX_LV_EPICARDIAL	8	1.0	1.0
44.26677	18.00541	-80.23436	LAX_LV_EPICARDIAL	8	1.0	1.0
43.92266	20.72230	-78.68913	LAX_LV_EPICARDIAL	8	1.0	1.0
43.57854	23.43920	-77.14390	LAX_LV_EPICARDIAL	8	1.0	1.0
42.33249	26.15610	-74.51975	LAX_LV_EPICARDIAL	8	1.0	1.0
41.98837	28.87300	-72.97452	LAX_LV_EPICARDIAL	8	1.0	1.0
41.64426	31.58990	-71.42929	LAX_LV_EPICARDIAL	8	1.0	1.0
40.39820	34.30680	-68.80515	LAX_LV_EPICARDIAL	8	1.0	1.0
40.05409	37.02370	-67.25992	LAX_LV_EPICARDIAL	8	1.0	1.0
38.80803	39.74060	-64.63577	LAX_LV_EPICARDIAL	8	1.0	1.0
37.56198	42.45750	-62.01163	LAX_LV_EPICARDIAL	8	1.0	1.0
36.03701	43.81595	-59.62065	LAX_LV_EPICARDIAL	8	1.0	1.0
34.79095	46.53285	-56.99651	LAX_LV_EPICARDIAL	8	1.0	1.0
33.26598	47.89130	-54.60553	LAX_LV_EPICARDIAL	8	1.0	1.0
31.74102	49.24975	-52.21455	LAX_LV_EPICARDIAL	8	1.0	1.0
30.21605	50.60820	-49.82357	LAX_LV_EPICARDIAL	8	1.0	1.0
28.69108	51.96665	-47.43259	LAX_LV_EPICARDIAL	8	1.0	1.0
26.88720	51.96665	-45.27478	LAX_LV_EPICARDIAL	8	1.0	1.0
25.08332	51.96665	-43.11696	LAX_LV_EPICARDIAL	8	1.0	1.0
23.27943	51.96665	-40.95914	LAX_LV_EPICARDIAL	8	1.0	1.0
21.47555	51.96665	-38.80132	LAX_LV_EPICARDIAL	8	1.0	1.0
19.39276	50.60821	-36.87667	LAX_LV_EPICARDIAL	8	1.0	1.0
17.30997	49.24976	-34.95201	LAX_LV_EPICARDIAL	8	1.0	1.0
0.56431	24.79769	-25.12311	LAX_LV_EPICARDIAL	8	1.0	1.0
-1.79740	22.08080	-23.43162	LAX_LV_EPICARDIAL	8	1.0	1.0
-4.15911	19.36390	-21.74013	LAX_LV_EPICARDIAL	8	1.0	1.0
-9.03103	4.42097	-22.14709	LAX_LV_ENDOCARDIAL	8	1.0	1.0
-7.22715	4.42097	-24.30491	LAX_LV_ENDOCARDIAL	8	1.0	1.0
-4.86544	7.13786	-25.99640	LAX_LV_ENDOCARDIAL	8	1.0	1.0
-3.06156	7.13786	-28.15422	LAX_LV_ENDOCARDIAL	8	1.0	1.0
-1.25768	7.13786	-30.31204	LAX_LV_ENDOCARDIAL	8	1.0	1.0
0.54620	7.13786	-32.46985	LAX_LV_ENDOCARDIAL	8	1.0	1.0
2.07117	5.77941	-34.86083	LAX_LV_ENDOCARDIAL	8	1.0	1.0
3.59614	4.42096	-37.25181	LAX_LV_ENDOCARDIAL	8	1.0	1.0
4.84219	1.70406	-39.87595	LAX_LV_ENDOCARDIAL	8	1.0	1.0
6.08825	-1.01284	-42.50009	LAX_LV_ENDOCARDIAL	8	1.0	1.0
7.33431	-3.72974	-45.12424	LAX_LV_ENDOCARDIAL	8	1.0	1.0
8.58036	-6.44664	-47.74838	LAX_LV_ENDOCARDIAL	8	1.0	1.0
10.10533	-7.80509	-50.13936	LAX_LV_ENDOCARDIAL	8	1.0	1.0
11.35139	-10.52199	-52.76350	LAX_LV_ENDOCARDIAL	8	1.0	1.0
12.87635	-11.88044	-55.15448	LAX_LV_ENDOCARDIAL	8	1.0	1.0
14.40132	-13.23889	-57.54546	LAX_LV_ENDOCARDIAL	8	1.0	1.0
15.92629	-14.59734	-59.93644	LAX_LV_ENDOCARDIAL	8	1.0	1.0
17.73017	-14.59734	-62.09425	LAX_LV_ENDOCARDIAL	8	1.0	1.0
19.25514	-15.95579	-64.48523	LAX_LV_ENDOCARDIAL	8	1.0	1.0
21.05902	-15.95580	-66.64305	LAX_LV_ENDOCARDIAL	8	1.0	1.0
22.58399	-17.31425	-69.03403	LAX_LV_ENDOCARDIAL	8	1.0	1.0
24.10896	-18.67270	-71.42501	LAX_LV_ENDOCARDIAL	8	1.0	1.0
25.91284	-18.67270	-73.58283	LAX_LV_ENDOCARDIAL	8	1.0	1.0
27.43781	-20.03115	-75.97380	LAX_LV_ENDOCARDIAL	8	1.0	1.0
29.24169	-20.03115	-78.13162	LAX_LV_ENDOCARDIAL	8	1.0	1.0
30.76666	-21.38960	-80.52260	LAX_LV_ENDOCARDIAL	8	1.0	1.0
32.57054	-21.38960	-82.68042	LAX_LV_ENDOCARDIAL	8	1.0	1.0
34.37442	-21.38961	-84.83824	LAX_LV_ENDOCARDIAL	8	1.0	1.0
36.17830	-21.38961	-86.99605	LAX_LV_ENDOCARDIAL	8	1.0	1.0
37.98218	-21.38961	-89.15387	LAX_LV_ENDOCARDIAL	8	1.0	1.0
39.78606	-21.38961	-91.31169	LAX_LV_ENDOCARDIAL	8	1.0	1.0
41.86886	-20.03116	-93.23634	LAX_LV_ENDOCARDIAL	8	1.0	1.0
43.32862	-17.31427	-93.84893	LAX_LV_ENDOCARDIAL	8	1.0	1.0
43.88645	-14.59737	-93.38261	LAX_LV_ENDOCARDIAL	8	1.0	1.0
43.54234	-11.88047	-91.83737	LAX_LV_ENDOCARDIAL	8	1.0	1.0
42.29628	-9.16357	-89.21323	LAX_LV_ENDOCARDIAL	8	1.0	1.0
41.95216	-6.44667	-87.66800	LAX_LV_ENDOCARDIAL	8	1.0	1.0
41.60805	-3.72978	-86.12277	LAX_LV_ENDOCARDIAL	8	1.0	1.0
40.36199	-1.01288	-83.49863	LAX_LV_ENDOCARDIAL	8	1.0	1.0
40.01788	1.70402	-81.95339	LAX_LV_ENDOCARDIAL	8	1.0	1.0
39.67376	4.42092	-80.40816	LAX_LV_ENDOCARDIAL	8	1.0	1.0
39.32965	7.13782	-78.86293	LAX_LV_ENDOCARDIAL	8	1.0	1.0
38.08359	9.85472	-76.23879	LAX_LV_ENDOCARDIAL	8	1.0	1.0
36.83754	12.57162	-73.61465	LAX_LV_ENDOCARDIAL	8	1.0	1.0
36.49342	15.28852	-72.06941	LAX_LV_ENDOCARDIAL	8	1.0	1.0
36.14931	18.00541	-70.52418	LAX_LV_ENDOCARDIAL	8	1.0	1.0
35.80519	20.72231	-68.97895	LAX_LV_ENDOCARDIAL	8	1.0	1.0
35.46108	23.43921	-67.43372	LAX_LV_ENDOCARDIAL	8	1.0	1.0
36.01890	26.15611	-66.96739	LAX_LV_ENDOCARDIAL	8	1.0	1.0
34.77285	28.87301	-64.34325	LAX_LV_ENDOCARDIAL	8	1.0	1.0
33.52679	31.58991	-61.71911	LAX_LV_ENDOCARDIAL	8	1.0	1.0
32.28074	34.30681	-59.09497	LAX_LV_ENDOCARDIAL	8	1.0	1.0
30.75577	35.66526	-56.70399	LAX_LV_ENDOCARDIAL	8	1.0	1.0
29.50971	38.38216	-54.07985	LAX_LV_ENDOCARDIAL	8	1.0	1.0
27.98474	39.74061	-51.68887	LAX_LV_ENDOCARDIAL	8	1.0	1.0
26.73869	42.45751	-49.06473	LAX_LV_ENDOCARDIAL	8	1.0	1.0
25.21372	43.81596	-46.67375	LAX_LV_ENDOCARDIAL	8	1.0	1.0
23.68875	45.17441	-44.28277	LAX_LV_ENDOCARDIAL	8	1.0	1.0
21.60596	43.81596	-42.35811	LAX_LV_ENDOCARDIAL	8	1.0	1.0
19.80208	43.81596	-40.20030	LAX_LV_ENDOCARDIAL	8	1.0	1.0
17.99820	43.81596	-38.04248	LAX_LV_ENDOCARDIAL	8	1.0	1.0
-0.61655	23.43925	-24.27737	LAX_LV_ENDOCARDIAL	8	1.0	1.0
-2.97825	20.72235	-22.58587	LAX_LV_ENDOCARDIAL	8	1.0	1.0
-5.06105	19.36390	-20.66122	LAX_LV_ENDOCARDIAL	8	1.0	1.0
-30.69571	-13.23885	-3.60002	LAX_RV_EPICARDIAL	8	1.0	1.0
-29.44965	-15.95575	-6.22416	LAX_RV_EPICARDIAL	8	1.0	1.0
-28.20360	-18.67265	-8.84830	LAX_RV_EPICARDIAL	8	1.0	1.0
-26.95754	-21.38955	-11.47244	LAX_RV_EPICARDIAL	8	1.0	1.0
-25.43257	-22.74800	-13.86342	LAX_RV_EPICARDIAL	8	1.0	1.0
-23.62869	-22.74800	-16.02124	LAX_RV_EPICARDIAL	8	1.0	1.0
-22.10372	-24.10645	-18.41222	LAX_RV_EPICARDIAL	8	1.0	1.0
-20.57876	-25.46490	-20.80320	LAX_RV_EPICARDIAL	8	1.0	1.0
-19.05379	-26.82335	-23.19418	LAX_RV_EPICARDIAL	8	1.0	1.0
-17.24991	-26.82335	-25.35199	LAX_RV_EPICARDIAL	8	1.0	1.0
-15.44602	-26.82335	-27.50981	LAX_RV_EPICARDIAL	8	1.0	1.0
-13.64214	-26.82336	-29.66763	LAX_RV_EPICARDIAL	8	1.0	1.0
-11.83826	-26.82336	-31.82545	LAX_RV_EPICARDIAL	8	1.0	1.0
-10.03438	-26.82336	-33.98326	LAX_RV_EPICARDIAL	8	1.0	1.0
-8.23050	-26.82336	-36.14108	LAX_RV_EPICARDIAL	8	1.0	1.0
-6.14771	-25.46491	-38.06574	LAX_RV_EPICARDIAL	8	1.0	1.0
-4.06491	-24.10647	-39.99039	LAX_RV_EPICARDIAL	8	1.0	1.0
-2.53994	-25.46492	-42.38137	LAX_RV_EPICARDIAL	8	1.0	1.0
-0.73606	-25.46492	-44.53919	LAX_RV_EPICARDIAL	8	1.0	1.0
1.06782	-25.46492	-46.69701	LAX_RV_EPICARDIAL	8	1.0	1.0
2.87170	-25.46492	-48.85483	LAX_RV_EPICARDIAL	8	1.0	1.0
4.67558	-25.46492	-51.01264	LAX_RV_EPICARDIAL	8	1.0	1.0
6.47946	-25.46493	-53.17046	LAX_RV_EPICARDIAL	8	1.0	1.0
8.28334	-25.46493	-55.32828	LAX_RV_EPICARDIAL	8	1.0	1.0
-10.14668	-1.01283	-23.07974	LAX_RV_EPICARDIAL	8	1.0	1.0
-12.91770	3.06252	-18.06462	LAX_RV_EPICARDIAL	8	1.0	1.0
-14.72159	3.06252	-15.90680	LAX_RV_EPICARDIAL	8	1.0	1.0
-16.52547	3.06253	-13.74898	LAX_RV_EPICARDIAL	8	1.0	1.0
-18.32935	3.06253	-11.59116	LAX_RV_EPICARDIAL	8	1.0	1.0
-20.13323	3.06253	-9.43335	LAX_RV_EPICARDIAL	8	1.0	1.0
-22.21602	1.70408	-7.50869	LAX_RV_EPICARDIAL	8	1.0	1.0
-29.30114	-6.44660	-2.43421	LAX_RV_EPICARDIAL	8	1.0	1.0
-29.85897	-9.16350	-2.90053	LAX_RV_EPICARDIAL	8	1.0	1.0
-30.41680	-11.88040	-3.36686	LAX_RV_EPICARDIAL	8	1.0	1.0
-20.93376	34.30686	4.56065	LAX_LA	8	1.0	1.0
-19.68770	31.58996	1.93651	LAX_LA	8	1.0	1.0
-19.34359	28.87306	0.39127	LAX_LA	8	1.0	1.0
-17.53971	28.87306	-1.76654	LAX_LA	8	1.0	1.0
-15.73583	28.87306	-3.92436	LAX_LA	8	1.0	1.0
-13.93195	28.87305	-6.08218	LAX_LA	8	1.0	1.0
-12.12806	28.87305	-8.24000	LAX_LA	8	1.0	1.0
-10.32418	28.87305	-10.39781	LAX_LA	8	1.0	1.0
-8.24139	30.23150	-12.32247	LAX_LA	8	1.0	1.0
-6.71642	28.87305	-14.71345	LAX_LA	8	1.0	1.0
-4.91254	28.87305	-16.87127	LAX_LA	8	1.0	1.0
-3.38757	27.51460	-19.26225	LAX_LA	8	1.0	1.0
-1.58369	27.51459	-21.42006	LAX_LA	8	1.0	1.0
15.57129	45.17441	-34.57259	LAX_LA	8	1.0	1.0
13.76740	45.17442	-32.41477	LAX_LA	8	1.0	1.0
12.24244	46.53287	-30.02379	LAX_LA	8	1.0	1.0
10.43856	46.53287	-27.86598	LAX_LA	8	1.0	1.0
8.63467	46.53287	-25.70816	LAX_LA	8	1.0	1.0
6.83079	46.53287	-23.55034	LAX_LA	8	1.0	1.0
5.02691	46.53287	-21.39252	LAX_LA	8	1.0	1.0
3.50194	47.89132	-19.00154	LAX_LA	8	1.0	1.0
1.97697	49.24977	-16.61056	LAX_LA	8	1.0	1.0
0.45201	50.60823	-14.21959	LAX_LA	8	1.0	1.0
-1.07296	51.96668	-11.82861	LAX_LA	8	1.0	1.0
-2.87684	51.96668	-9.67079	LAX_LA	8	1.0	1.0
-4.68072	51.96668	-7.51297	LAX_LA	8	1.0	1.0
-6.48461	51.96668	-5.35515	LAX_LA	8	1.0	1.0
-8.84631	49.24979	-3.66366	LAX_LA	8	1.0	1.0
-10.92911	47.89134	-1.73900	LAX_LA	8	1.0	1.0
-13.01190	46.53289	0.18565	LAX_LA	8	1.0	1.0
-15.09470	45.17444	2.11031	LAX_LA	8	1.0	1.0
-17.17749	43.81600	4.03496	LAX_LA	8	1.0	1.0
-18.63726	41.09910	4.64755	LAX_LA	8	1.0	1.0
-20.09702	38.38220	5.26013	LAX_LA	8	1.0	1.0
-20.65485	35.66531	4.79381	LAX_LA	8	1.0	1.0
1.21562	28.10137	-24.52379	MITRAL_VALVE	8	1.0	1.0
15.92012	43.24343	-35.79555	MITRAL_VALVE	8	1.0	1.0
-7.32957	21.43425	-17.08376	AORTA_VALVE	8	1.0	1.0
-11.41583	4.93923	-19.07813	AORTA_VALVE	8	1.0	1.0
43.74012	-21.09991	-95.92069	APEX_POINT	8	1.0	1.0
-60.07298	3.08829	-74.62223	LAX_RV_FREEWALL	7	1.0	4
-59.85147	1.48700	-76.92374	LAX_RV_FREEWALL	7	1.0	4
-58.23017	-0.11429	-79.09052	LAX_RV_FREEWALL	7	1.0	4
-56.60888	-1.71558	-81.25731	LAX_RV_FREEWALL	7	1.0	4
-54.98758	-3.31687	-83.42410	LAX_RV_FREEWALL	7	1.0	4
-53.36629	-4.91817	-85.59088	LAX_RV_FREEWALL	7	1.0	4
-51.74499	-6.51946	-87.75767	LAX_RV_FREEWALL	7	1.0	4
-48.72392	-8.12075	-89.78973	LAX_RV_FREEWALL	7	1.0	4
-47.10262	-9.72204	-91.95652	LAX_RV_FREEWALL	7	1.0	4
-44.08155	-11.32333	-93.98858	LAX_RV_FREEWALL	7	1.0	4
-42.46025	-12.92463	-96.15537	LAX_RV_FREEWALL	7	1.0	4
-39.43918	-14.52592	-98.18743	LAX_RV_FREEWALL	7	1.0	4
-36.52886	-15.32656	-99.06873	LAX_RV_FREEWALL	7	1.0	4
-33.61854	-16.12721	-99.95004	LAX_RV_FREEWALL	7	1.0	4
-30.70822	-16.92786	-100.83135	LAX_RV_FREEWALL	7	1.0	4
-27.90866	-16.92786	-100.56190	LAX_RV_FREEWALL	7	1.0	4
-24.99834	-17.72850	-101.44320	LAX_RV_FREEWALL	7	1.0	4
-22.08802	-18.52915	-102.32451	LAX_RV_FREEWALL	7	1.0	4
-19.28846	-18.52915	-102.05506	LAX_RV_FREEWALL	7	1.0	4
-16.37814	-19.32980	-102.93637	LAX_RV_FREEWALL	7	1.0	4
-13.57858	-19.32980	-102.66692	LAX_RV_FREEWALL	7	1.0	4
-10.66826	-20.13044	-103.54822	LAX_RV_FREEWALL	7	1.0	4
-7.86870	-20.13045	-103.27877	LAX_RV_FREEWALL	7	1.0	4
-4.95838	-20.93109	-104.16008	LAX_RV_FREEWALL	7	1.0	4
-2.15881	-20.93109	-103.89063	LAX_RV_FREEWALL	7	1.0	4
0.64075	-20.93109	-103.62118	LAX_RV_FREEWALL	7	1.0	4
3.44031	-20.93109	-103.35173	LAX_RV_FREEWALL	7	1.0	4
6.23987	-20.93109	-103.08228	LAX_RV_FREEWALL	7	1.0	4
9.15019	-21.73174	-103.96359	LAX_RV_FREEWALL	7	1.0	4
11.94975	-21.73174	-103.69414	LAX_RV_FREEWALL	7	1.0	4
14.86007	-22.53239	-104.57544	LAX_RV_FREEWALL	7	1.0	4
17.65964	-22.53239	-104.30600	LAX_RV_FREEWALL	7	1.0	4
20.45920	-22.53239	-104.03655	LAX_RV_FREEWALL	7	1.0	4
23.14800	-21.73175	-102.61634	LAX_RV_FREEWALL	7	1.0	4
-61.69427	4.68958	-72.45544	LAX_RV_EPICARDIAL	7	1.0	4
-64.49384	4.68958	-72.72489	LAX_RV_EPICARDIAL	7	1.0	4
-64.27232	3.08829	-75.02640	LAX_RV_EPICARDIAL	7	1.0	4
-64.05081	1.48700	-77.32791	LAX_RV_EPICARDIAL	7	1.0	4
-63.82930	-0.11429	-79.62942	LAX_RV_EPICARDIAL	7	1.0	4
-62.20800	-1.71558	-81.79621	LAX_RV_EPICARDIAL	7	1.0	4
-60.58671	-3.31687	-83.96300	LAX_RV_EPICARDIAL	7	1.0	4
-58.96541	-4.91816	-86.12978	LAX_RV_EPICARDIAL	7	1.0	4
-57.34412	-6.51946	-88.29657	LAX_RV_EPICARDIAL	7	1.0	4
-54.32304	-8.12075	-90.32863	LAX_RV_EPICARDIAL	7	1.0	4
-52.70175	-9.72204	-92.49542	LAX_RV_EPICARDIAL	7	1.0	4
-51.08045	-11.32333	-94.66220	LAX_RV_EPICARDIAL	7	1.0	4
-49.45916	-12.92462	-96.82899	LAX_RV_EPICARDIAL	7	1.0	4
-46.43809	-14.52592	-98.86105	LAX_RV_EPICARDIAL	7	1.0	4
-44.92755	-15.32656	-99.87708	LAX_RV_EPICARDIAL	7	1.0	4
-41.90647	-16.92785	-101.90914	LAX_RV_EPICARDIAL	7	1.0	4
-38.99615	-17.72850	-102.79045	LAX_RV_EPICARDIAL	7	1.0	4
-36.08583	-18.52915	-103.67176	LAX_RV_EPICARDIAL	7	1.0	4
-33.17551	-19.32979	-104.55306	LAX_RV_EPICARDIAL	7	1.0	4
-30.37595	-19.32979	-104.28361	LAX_RV_EPICARDIAL	7	1.0	4
-27.46563	-20.13044	-105.16492	LAX_RV_EPICARDIAL	7	1.0	4
-24.55531	-20.93109	-106.04622	LAX_RV_EPICARDIAL	7	1.0	4
-21.75575	-20.93109	-105.77678	LAX_RV_EPICARDIAL	7	1.0	4
-18.84543	-21.73173	-106.65808	LAX_RV_EPICARDIAL	7	1.0	4
-16.04587	-21.73173	-106.38863	LAX_RV_EPICARDIAL	7	1.0	4
-13.13555	-22.53238	-107.26994	LAX_RV_EPICARDIAL	7	1.0	4
-10.33599	-22.53238	-107.00049	LAX_RV_EPICARDIAL	7	1.0	4
-7.53643	-22.53238	-106.73104	LAX_RV_EPICARDIAL	7	1.0	4
-4.62611	-23.33303	-107.61235	LAX_RV_EPICARDIAL	7	1.0	4
-1.82654	-23.33303	-107.34290	LAX_RV_EPICARDIAL	7	1.0	4
0.97302	-23.33303	-107.07345	LAX_RV_EPICARDIAL	7	1.0	4
3.77258	-23.33303	-106.80400	LAX_RV_EPICARDIAL	7	1.0	4
6.57214	-23.33303	-106.53455	LAX_RV_EPICARDIAL	7	1.0	4
9.37171	-23.33303	-106.26510	LAX_RV_EPICARDIAL	7	1.0	4
12.17127	-23.33303	-105.99565	LAX_RV_EPICARDIAL	7	1.0	4
15.08159	-24.13368	-106.87696	LAX_RV_EPICARDIAL	7	1.0	4
17.88115	-24.13368	-106.60751	LAX_RV_EPICARDIAL	7	1.0	4
20.68071	-24.13368	-106.33806	LAX_RV_EPICARDIAL	7	1.0	4
23.48027	-24.13368	-106.06861	LAX_RV_EPICARDIAL	7	1.0	4
26.16908	-23.33304	-104.64840	LAX_RV_EPICARDIAL	7	1.0	4
27.34735	-21.73175	-102.21217	LAX_RV_EPICARDIAL	7	1.0	4
27.12584	-20.13046	-99.91066	LAX_RV_EPICARDIAL	7	1.0	4
-23.71872	13.49667	-56.02484	LAX_RV_SEPTUM	7	1.0	4
25.72605	-20.13045	-100.04538	LAX_RV_SEPTUM	7	1.0	4
22.70498	-18.52916	-98.01332	LAX_RV_SEPTUM	7	1.0	4
19.79466	-17.72852	-97.13201	LAX_RV_SEPTUM	7	1.0	4
16.77358	-16.12722	-95.09995	LAX_RV_SEPTUM	7	1.0	4
13.86327	-15.32658	-94.21865	LAX_RV_SEPTUM	7	1.0	4
12.24197	-13.72529	-92.05186	LAX_RV_SEPTUM	7	1.0	4
9.22090	-12.12399	-90.01980	LAX_RV_SEPTUM	7	1.0	4
6.31058	-11.32335	-89.13849	LAX_RV_SEPTUM	7	1.0	4
3.28950	-9.72206	-87.10643	LAX_RV_SEPTUM	7	1.0	4
1.66821	-8.12076	-84.93964	LAX_RV_SEPTUM	7	1.0	4
-1.35287	-6.51947	-82.90758	LAX_RV_SEPTUM	7	1.0	4
-2.97416	-4.91818	-80.74080	LAX_RV_SEPTUM	7	1.0	4
-4.59546	-3.31689	-78.57401	LAX_RV_SEPTUM	7	1.0	4
-7.61653	-1.71560	-76.54195	LAX_RV_SEPTUM	7	1.0	4
-9.23783	-0.11431	-74.37516	LAX_RV_SEPTUM	7	1.0	4
-10.85912	1.48699	-72.20838	LAX_RV_SEPTUM	7	1.0	4
-12.48042	3.08828	-70.04159	LAX_RV_SEPTUM	7	1.0	4
-14.10171	4.68957	-67.87480	LAX_RV_SEPTUM	7	1.0	4
-17.12279	6.29086	-65.84274	LAX_RV_SEPTUM	7	1.0	4
-18.74408	7.89215	-63.67595	LAX_RV_SEPTUM	7	1.0	4
-20.36537	9.49345	-61.50917	LAX_RV_SEPTUM	7	1.0	4
-21.98667	11.09474	-59.34238	LAX_RV_SEPTUM	7	1.0	4
-23.60796	12.69603	-57.17560	LAX_RV_SEPTUM	7	1.0	4
18.08385	35.11409	-20.64325	LAX_LV_EPICARDIAL	7	1.0	4
-23.31575	20.70248	-45.53332	LAX_LV_EPICARDIAL	7	1.0	4
-23.09423	19.10119	-47.83483	LAX_LV_EPICARDIAL	7	1.0	4
-22.87272	17.49990	-50.13634	LAX_LV_EPICARDIAL	7	1.0	4
-22.65121	15.89861	-52.43785	LAX_LV_EPICARDIAL	7	1.0	4
29.92540	-20.13046	-99.64121	LAX_LV_EPICARDIAL	7	1.0	4
32.72496	-20.13046	-99.37176	LAX_LV_EPICARDIAL	7	1.0	4
35.52452	-20.13046	-99.10231	LAX_LV_EPICARDIAL	7	1.0	4
38.32409	-20.13046	-98.83286	LAX_LV_EPICARDIAL	7	1.0	4
41.12365	-20.13046	-98.56341	LAX_LV_EPICARDIAL	7	1.0	4
43.81245	-19.32981	-97.14321	LAX_LV_EPICARDIAL	7	1.0	4
46.39050	-17.72852	-94.57224	LAX_LV_EPICARDIAL	7	1.0	4
48.96855	-16.12723	-92.00128	LAX_LV_EPICARDIAL	7	1.0	4
50.14682	-14.52594	-89.56505	LAX_LV_EPICARDIAL	7	1.0	4
51.32509	-12.92465	-87.12881	LAX_LV_EPICARDIAL	7	1.0	4
51.10358	-11.32336	-84.82730	LAX_LV_EPICARDIAL	7	1.0	4
52.28184	-9.72207	-82.39107	LAX_LV_EPICARDIAL	7	1.0	4
53.46011	-8.12078	-79.95483	LAX_LV_EPICARDIAL	7	1.0	4
53.23860	-6.51949	-77.65332	LAX_LV_EPICARDIAL	7	1.0	4
54.41687	-4.91820	-75.21708	LAX_LV_EPICARDIAL	7	1.0	4
54.19535	-3.31691	-72.91557	LAX_LV_EPICARDIAL	7	1.0	4
55.37362	-1.71561	-70.47934	LAX_LV_EPICARDIAL	7	1.0	4
55.15211	-0.11432	-68.17783	LAX_LV_EPICARDIAL	7	1.0	4
54.93060	1.48697	-65.87632	LAX_LV_EPICARDIAL	7	1.0	4
54.70908	3.08826	-63.57481	LAX_LV_EPICARDIAL	7	1.0	4
54.48757	4.68955	-61.27329	LAX_LV_EPICARDIAL	7	1.0	4
54.26606	6.29084	-58.97178	LAX_LV_EPICARDIAL	7	1.0	4
54.04454	7.89213	-56.67027	LAX_LV_EPICARDIAL	7	1.0	4
52.42325	9.49342	-54.50349	LAX_LV_EPICARDIAL	7	1.0	4
52.20174	11.09472	-52.20198	LAX_LV_EPICARDIAL	7	1.0	4
51.98022	12.69601	-49.90046	LAX_LV_EPICARDIAL	7	1.0	4
50.35893	14.29730	-47.73368	LAX_LV_EPICARDIAL	7	1.0	4
50.13742	15.89859	-45.43217	LAX_LV_EPICARDIAL	7	1.0	4
48.51612	17.49988	-43.26538	LAX_LV_EPICARDIAL	7	1.0	4
48.29461	19.10117	-40.96387	LAX_LV_EPICARDIAL	7	1.0	4
46.67332	20.70246	-38.79708	LAX_LV_EPICARDIAL	7	1.0	4
45.05202	22.30376	-36.63030	LAX_LV_EPICARDIAL	7	1.0	4
43.43073	23.90505	-34.46351	LAX_LV_EPICARDIAL	7	1.0	4
41.80943	25.50634	-32.29673	LAX_LV_EPICARDIAL	7	1.0	4
40.18814	27.10763	-30.12994	LAX_LV_EPICARDIAL	7	1.0	4
38.56684	28.70892	-27.96315	LAX_LV_EPICARDIAL	7	1.0	4
35.54577	30.31021	-25.93109	LAX_LV_EPICARDIAL	7	1.0	4
32.52469	31.91151	-23.89903	LAX_LV_EPICARDIAL	7	1.0	4
29.50362	33.51280	-21.86697	LAX_LV_EPICARDIAL	7	1.0	4
26.59330	34.31345	-20.98566	LAX_LV_EPICARDIAL	7	1.0	4
23.79374	34.31345	-21.25511	LAX_LV_EPICARDIAL	7	1.0	4
20.88342	35.11409	-20.37380	LAX_LV_EPICARDIAL	7	1.0	4
-20.62694	21.50313	-44.11311	LAX_LV_ENDOCARDIAL	7	1.0	4
-20.40543	19.90184	-46.41462	LAX_LV_ENDOCARDIAL	7	1.0	4
-18.78413	18.30055	-48.58141	LAX_LV_ENDOCARDIAL	7	1.0	4
-17.16284	16.69925	-50.74820	LAX_LV_ENDOCARDIAL	7	1.0	4
-15.54155	15.09796	-52.91498	LAX_LV_ENDOCARDIAL	7	1.0	4
-13.92025	13.49667	-55.08177	LAX_LV_ENDOCARDIAL	7	1.0	4
-12.29896	11.89538	-57.24855	LAX_LV_ENDOCARDIAL	7	1.0	4
-9.27788	10.29409	-59.28062	LAX_LV_ENDOCARDIAL	7	1.0	4
-7.65659	8.69280	-61.44740	LAX_LV_ENDOCARDIAL	7	1.0	4
-4.63551	7.09150	-63.47946	LAX_LV_ENDOCARDIAL	7	1.0	4
-1.61444	5.49021	-65.51153	LAX_LV_ENDOCARDIAL	7	1.0	4
1.40664	3.88892	-67.54359	LAX_LV_ENDOCARDIAL	7	1.0	4
3.02793	2.28763	-69.71037	LAX_LV_ENDOCARDIAL	7	1.0	4
4.64923	0.68634	-71.87716	LAX_LV_ENDOCARDIAL	7	1.0	4
6.27052	-0.91496	-74.04395	LAX_LV_ENDOCARDIAL	7	1.0	4
7.89182	-2.51625	-76.21073	LAX_LV_ENDOCARDIAL	7	1.0	4
9.51311	-4.11754	-78.37752	LAX_LV_ENDOCARDIAL	7	1.0	4
12.53419	-5.71883	-80.40958	LAX_LV_ENDOCARDIAL	7	1.0	4
14.15548	-7.32012	-82.57637	LAX_LV_ENDOCARDIAL	7	1.0	4
17.17656	-8.92141	-84.60843	LAX_LV_ENDOCARDIAL	7	1.0	4
20.19763	-10.52271	-86.64049	LAX_LV_ENDOCARDIAL	7	1.0	4
23.21871	-12.12400	-88.67255	LAX_LV_ENDOCARDIAL	7	1.0	4
26.23978	-13.72529	-90.70461	LAX_LV_ENDOCARDIAL	7	1.0	4
29.26086	-15.32658	-92.73667	LAX_LV_ENDOCARDIAL	7	1.0	4
32.17118	-16.12723	-93.61798	LAX_LV_ENDOCARDIAL	7	1.0	4
35.08150	-16.92788	-94.49929	LAX_LV_ENDOCARDIAL	7	1.0	4
37.99182	-17.72852	-95.38059	LAX_LV_ENDOCARDIAL	7	1.0	4
40.79138	-17.72852	-95.11114	LAX_LV_ENDOCARDIAL	7	1.0	4
43.36943	-16.12723	-92.54018	LAX_LV_ENDOCARDIAL	7	1.0	4
44.54770	-14.52594	-90.10395	LAX_LV_ENDOCARDIAL	7	1.0	4
44.32618	-12.92465	-87.80244	LAX_LV_ENDOCARDIAL	7	1.0	4
45.50445	-11.32336	-85.36620	LAX_LV_ENDOCARDIAL	7	1.0	4
45.28294	-9.72207	-83.06469	LAX_LV_ENDOCARDIAL	7	1.0	4
45.06143	-8.12078	-80.76318	LAX_LV_ENDOCARDIAL	7	1.0	4
46.23969	-6.51949	-78.32694	LAX_LV_ENDOCARDIAL	7	1.0	4
46.01818	-4.91819	-76.02543	LAX_LV_ENDOCARDIAL	7	1.0	4
45.79667	-3.31690	-73.72392	LAX_LV_ENDOCARDIAL	7	1.0	4
45.57515	-1.71561	-71.42241	LAX_LV_ENDOCARDIAL	7	1.0	4
46.75342	-0.11432	-68.98618	LAX_LV_ENDOCARDIAL	7	1.0	4
46.53191	1.48697	-66.68466	LAX_LV_ENDOCARDIAL	7	1.0	4
46.31040	3.08826	-64.38315	LAX_LV_ENDOCARDIAL	7	1.0	4
46.08888	4.68955	-62.08164	LAX_LV_ENDOCARDIAL	7	1.0	4
45.86737	6.29084	-59.78013	LAX_LV_ENDOCARDIAL	7	1.0	4
44.24608	7.89214	-57.61335	LAX_LV_ENDOCARDIAL	7	1.0	4
44.02456	9.49343	-55.31183	LAX_LV_ENDOCARDIAL	7	1.0	4
43.80305	11.09472	-53.01032	LAX_LV_ENDOCARDIAL	7	1.0	4
42.18176	12.69601	-50.84354	LAX_LV_ENDOCARDIAL	7	1.0	4
41.96024	14.29730	-48.54203	LAX_LV_ENDOCARDIAL	7	1.0	4
41.73873	15.89859	-46.24052	LAX_LV_ENDOCARDIAL	7	1.0	4
40.11743	17.49988	-44.07373	LAX_LV_ENDOCARDIAL	7	1.0	4
38.49614	19.10118	-41.90694	LAX_LV_ENDOCARDIAL	7	1.0	4
36.87485	20.70247	-39.74016	LAX_LV_ENDOCARDIAL	7	1.0	4
35.25355	22.30376	-37.57337	LAX_LV_ENDOCARDIAL	7	1.0	4
32.23248	23.90505	-35.54131	LAX_LV_ENDOCARDIAL	7	1.0	4
30.61118	25.50634	-33.37452	LAX_LV_ENDOCARDIAL	7	1.0	4
27.59011	27.10763	-31.34246	LAX_LV_ENDOCARDIAL	7	1.0	4
25.96881	28.70893	-29.17567	LAX_LV_ENDOCARDIAL	7	1.0	4
22.94774	30.31022	-27.14361	LAX_LV_ENDOCARDIAL	7	1.0	4
20.03742	31.11086	-26.26231	LAX_LV_ENDOCARDIAL	7	1.0	4
17.01634	32.71216	-24.23024	LAX_LV_ENDOCARDIAL	7	1.0	4
-61.69427	4.68958	-72.45544	LAX_RV_EPICARDIAL	7	1.0	4
-64.49384	4.68958	-72.72489	LAX_RV_EPICARDIAL	7	1.0	4
-64.27232	3.08829	-75.02640	LAX_RV_EPICARDIAL	7	1.0	4
-64.05081	1.48700	-77.32791	LAX_RV_EPICARDIAL	7	1.0	4
-63.82930	-0.11429	-79.62942	LAX_RV_EPICARDIAL	7	1.0	4
-62.20800	-1.71558	-81.79621	LAX_RV_EPICARDIAL	7	1.0	4
-60.58671	-3.31687	-83.96300	LAX_RV_EPICARDIAL	7	1.0	4
-58.96541	-4.91816	-86.12978	LAX_RV_EPICARDIAL	7	1.0	4
-57.34412	-6.51946	-88.29657	LAX_RV_EPICARDIAL	7	1.0	4
-54.32304	-8.12075	-90.32863	LAX_RV_EPICARDIAL	7	1.0	4
-52.70175	-9.72204	-92.49542	LAX_RV_EPICARDIAL	7	1.0	4
-51.08045	-11.32333	-94.66220	LAX_RV_EPICARDIAL	7	1.0	4
-49.45916	-12.92462	-96.82899	LAX_RV_EPICARDIAL	7	1.0	4
-46.43809	-14.52592	-98.86105	LAX_RV_EPICARDIAL	7	1.0	4
-44.92755	-15.32656	-99.87708	LAX_RV_EPICARDIAL	7	1.0	4
-41.90647	-16.92785	-101.90914	LAX_RV_EPICARDIAL	7	1.0	4
-38.99615	-17.72850	-102.79045	LAX_RV_EPICARDIAL	7	1.0	4
-36.08583	-18.52915	-103.67176	LAX_RV_EPICARDIAL	7	1.0	4
-33.17551	-19.32979	-104.55306	LAX_RV_EPICARDIAL	7	1.0	4
-30.37595	-19.32979	-104.28361	LAX_RV_EPICARDIAL	7	1.0	4
-27.46563	-20.13044	-105.16492	LAX_RV_EPICARDIAL	7	1.0	4
-24.55531	-20.93109	-106.04622	LAX_RV_EPICARDIAL	7	1.0	4
-21.75575	-20.93109	-105.77678	LAX_RV_EPICARDIAL	7	1.0	4
-18.84543	-21.73173	-106.65808	LAX_RV_EPICARDIAL	7	1.0	4
-16.04587	-21.73173	-106.38863	LAX_RV_EPICARDIAL	7	1.0	4
-13.13555	-22.53238	-107.26994	LAX_RV_EPICARDIAL	7	1.0	4
-10.33599	-22.53238	-107.00049	LAX_RV_EPICARDIAL	7	1.0	4
-7.53643	-22.53238	-106.73104	LAX_RV_EPICARDIAL	7	1.0	4
-4.62611	-23.33303	-107.61235	LAX_RV_EPICARDIAL	7	1.0	4
-1.82654	-23.33303	-107.34290	LAX_RV_EPICARDIAL	7	1.0	4
0.97302	-23.33303	-107.07345	LAX_RV_EPICARDIAL	7	1.0	4
3.77258	-23.33303	-106.80400	LAX_RV_EPICARDIAL	7	1.0	4
6.57214	-23.33303	-106.53455	LAX_RV_EPICARDIAL	7	1.0	4
9.37171	-23.33303	-106.26510	LAX_RV_EPICARDIAL	7	1.0	4
12.17127	-23.33303	-105.99565	LAX_RV_EPICARDIAL	7	1.0	4
15.08159	-24.13368	-106.87696	LAX_RV_EPICARDIAL	7	1.0	4
17.88115	-24.13368	-106.60751	LAX_RV_EPICARDIAL	7	1.0	4
20.68071	-24.13368	-106.33806	LAX_RV_EPICARDIAL	7	1.0	4
23.48027	-24.13368	-106.06861	LAX_RV_EPICARDIAL	7	1.0	4
26.16908	-23.33304	-104.64840	LAX_RV_EPICARDIAL	7	1.0	4
27.34735	-21.73175	-102.21217	LAX_RV_EPICARDIAL	7	1.0	4
27.12584	-20.13046	-99.91066	LAX_RV_EPICARDIAL	7	1.0	4
-10.50561	49.52572	-2.48942	LAX_LA	7	1.0	4
-13.19441	48.72508	-3.90963	LAX_LA	7	1.0	4
-15.88322	47.92443	-5.32983	LAX_LA	7	1.0	4
-18.57203	47.12379	-6.75004	LAX_LA	7	1.0	4
-21.26083	46.32314	-8.17024	LAX_LA	7	1.0	4
-23.94964	45.52250	-9.59045	LAX_LA	7	1.0	4
-26.63844	44.72185	-11.01065	LAX_LA	7	1.0	4
-29.43801	44.72185	-11.28010	LAX_LA	7	1.0	4
-32.23757	44.72185	-11.54955	LAX_LA	7	1.0	4
-35.14789	45.52250	-10.66825	LAX_LA	7	1.0	4
-37.94745	45.52250	-10.93769	LAX_LA	7	1.0	4
-40.85777	46.32315	-10.05639	LAX_LA	7	1.0	4
-43.76809	47.12379	-9.17508	LAX_LA	7	1.0	4
-46.56765	47.12380	-9.44453	LAX_LA	7	1.0	4
-49.36721	47.12380	-9.71398	LAX_LA	7	1.0	4
-52.05602	46.32315	-11.13419	LAX_LA	7	1.0	4
-54.74482	45.52251	-12.55439	LAX_LA	7	1.0	4
-55.92309	43.92122	-14.99063	LAX_LA	7	1.0	4
-57.10136	42.31992	-17.42686	LAX_LA	7	1.0	4
-56.87985	40.71863	-19.72837	LAX_LA	7	1.0	4
-55.25855	39.11734	-21.89516	LAX_LA	7	1.0	4
-52.23748	37.51605	-23.92722	LAX_LA	7	1.0	4
-49.21640	35.91476	-25.95928	LAX_LA	7	1.0	4
-46.30608	35.11411	-26.84059	LAX_LA	7	1.0	4
-43.39576	34.31347	-27.72189	LAX_LA	7	1.0	4
-40.59620	34.31346	-27.45244	LAX_LA	7	1.0	4
-37.68588	33.51282	-28.33375	LAX_LA	7	1.0	4
-34.77556	32.71217	-29.21506	LAX_LA	7	1.0	4
-33.15427	31.11088	-31.38184	LAX_LA	7	1.0	4
-31.53298	29.50959	-33.54863	LAX_LA	7	1.0	4
-29.91168	27.90830	-35.71542	LAX_LA	7	1.0	4
-28.29039	26.30700	-37.88220	LAX_LA	7	1.0	4
-25.26931	24.70571	-39.91426	LAX_LA	7	1.0	4
-22.24824	23.10442	-41.94633	LAX_LA	7	1.0	4
13.77375	35.91474	-19.89667	LAX_LA	7	1.0	4
14.95202	37.51603	-17.46044	LAX_LA	7	1.0	4
14.73051	39.11732	-15.15893	LAX_LA	7	1.0	4
14.50900	40.71861	-12.85741	LAX_LA	7	1.0	4
11.59868	41.51926	-11.97611	LAX_LA	7	1.0	4
8.57760	43.12055	-9.94405	LAX_LA	7	1.0	4
8.35609	44.72184	-7.64254	LAX_LA	7	1.0	4
5.33501	46.32314	-5.61047	LAX_LA	7	1.0	4
3.82447	47.12378	-4.59444	LAX_LA	7	1.0	4
0.80340	48.72507	-2.56238	LAX_LA	7	1.0	4
-2.10692	49.52572	-1.68108	LAX_LA	7	1.0	4
-4.90648	49.52572	-1.95053	LAX_LA	7	1.0	4
-7.70605	49.52572	-2.21997	LAX_LA	7	1.0	4
-60.19314	34.31347	-29.33859	LAX_RA	7	1.0	4
-62.88195	33.51282	-30.75879	LAX_RA	7	1.0	4
-65.57075	32.71218	-32.17900	LAX_RA	7	1.0	4
-68.25956	31.91154	-33.59920	LAX_RA	7	1.0	4
-69.54858	31.11089	-34.88468	LAX_RA	7	1.0	4
-70.72685	29.50960	-37.32092	LAX_RA	7	1.0	4
-71.90512	27.90831	-39.75716	LAX_RA	7	1.0	4
-74.48317	26.30702	-42.32812	LAX_RA	7	1.0	4
-77.06122	24.70573	-44.89908	LAX_RA	7	1.0	4
-76.83970	23.10444	-47.20059	LAX_RA	7	1.0	4
-76.61819	21.50314	-49.50210	LAX_RA	7	1.0	4
-76.39668	19.90185	-51.80361	LAX_RA	7	1.0	4
-74.77538	18.30056	-53.97040	LAX_RA	7	1.0	4
-73.15409	16.69927	-56.13718	LAX_RA	7	1.0	4
-71.53280	15.09798	-58.30397	LAX_RA	7	1.0	4
-69.91150	13.49669	-60.47075	LAX_RA	7	1.0	4
-69.68999	11.89540	-62.77227	LAX_RA	7	1.0	4
-66.66891	10.29410	-64.80433	LAX_RA	7	1.0	4
-66.44740	8.69281	-67.10584	LAX_RA	7	1.0	4
-66.22589	7.09152	-69.40735	LAX_RA	7	1.0	4
-64.60459	5.49023	-71.57413	LAX_RA	7	1.0	4
-23.82948	14.29732	-54.87409	LAX_RA	7	1.0	4
-24.05099	15.89861	-52.57257	LAX_RA	7	1.0	4
-24.27250	17.49990	-50.27106	LAX_RA	7	1.0	4
-24.49402	19.10119	-47.96955	LAX_RA	7	1.0	4
-24.71553	20.70248	-45.66804	LAX_RA	7	1.0	4
-26.33682	22.30378	-43.50126	LAX_RA	7	1.0	4
-29.35790	23.90507	-41.46919	LAX_RA	7	1.0	4
-32.37897	25.50636	-39.43713	LAX_RA	7	1.0	4
-34.00027	27.10765	-37.27035	LAX_RA	7	1.0	4
-37.02134	28.70894	-35.23828	LAX_RA	7	1.0	4
-38.64264	30.31024	-33.07150	LAX_RA	7	1.0	4
-41.55296	31.11088	-32.19019	LAX_RA	7	1.0	4
-44.46328	31.91153	-31.30889	LAX_RA	7	1.0	4
-47.26284	31.91153	-31.57833	LAX_RA	7	1.0	4
-50.17316	32.71218	-30.69703	LAX_RA	7	1.0	4
-53.08348	33.51282	-29.81572	LAX_RA	7	1.0	4
-55.88304	33.51282	-30.08517	LAX_RA	7	1.0	4
-58.79336	34.31347	-29.20387	LAX_RA	7	1.0	4
-20.29562	23.03518	-41.85884	MITRAL_VALVE	7	1.0	4
14.30927	33.96209	-22.67765	MITRAL_VALVE	7	1.0	4
-60.25521	6.17564	-70.16126	TRICUSPID_VALVE	7	1.0	4
-24.89940	14.09866	-55.26524	TRICUSPID_VALVE	7	1.0	4
40.70531	-20.39726	-98.99070	APEX_POINT	7	1.0	4
-10.42158	-18.58493	-5.34165	LAX_RV_FREEWALL	11	1.0	4
-10.04327	-18.57505	-8.12858	LAX_RV_FREEWALL	11	1.0	4
-9.57954	-19.96881	-10.90888	LAX_RV_FREEWALL	11	1.0	4
-9.20123	-19.95893	-13.69580	LAX_RV_FREEWALL	11	1.0	4
-8.73750	-21.35269	-16.47611	LAX_RV_FREEWALL	11	1.0	4
-8.35919	-21.34281	-19.26303	LAX_RV_FREEWALL	11	1.0	4
-7.89546	-22.73657	-22.04333	LAX_RV_FREEWALL	11	1.0	4
-7.51715	-22.72669	-24.83026	LAX_RV_FREEWALL	11	1.0	4
-7.13883	-22.71681	-27.61718	LAX_RV_FREEWALL	11	1.0	4
-6.67510	-24.11057	-30.39748	LAX_RV_FREEWALL	11	1.0	4
-6.29679	-24.10070	-33.18441	LAX_RV_FREEWALL	11	1.0	4
-5.91848	-24.09082	-35.97133	LAX_RV_FREEWALL	11	1.0	4
-5.54017	-24.08094	-38.75825	LAX_RV_FREEWALL	11	1.0	4
-5.16186	-24.07106	-41.54518	LAX_RV_FREEWALL	11	1.0	4
-4.78354	-24.06118	-44.33210	LAX_RV_FREEWALL	11	1.0	4
-4.31982	-25.45494	-47.11240	LAX_RV_FREEWALL	11	1.0	4
-3.94150	-25.44506	-49.89933	LAX_RV_FREEWALL	11	1.0	4
-3.56319	-25.43518	-52.68625	LAX_RV_FREEWALL	11	1.0	4
-3.09946	-26.82894	-55.46655	LAX_RV_FREEWALL	11	1.0	4
-2.72115	-26.81906	-58.25348	LAX_RV_FREEWALL	11	1.0	4
-2.34284	-26.80918	-61.04040	LAX_RV_FREEWALL	11	1.0	4
-1.96453	-26.79931	-63.82732	LAX_RV_FREEWALL	11	1.0	4
-1.50080	-28.19307	-66.60763	LAX_RV_FREEWALL	11	1.0	4
-1.12249	-28.18319	-69.39455	LAX_RV_FREEWALL	11	1.0	4
-0.82959	-26.76967	-72.18809	LAX_RV_FREEWALL	11	1.0	4
-0.45128	-26.75979	-74.97502	LAX_RV_FREEWALL	11	1.0	4
-0.07297	-26.74991	-77.76194	LAX_RV_FREEWALL	11	1.0	4
0.30535	-26.74003	-80.54886	LAX_RV_FREEWALL	11	1.0	4
0.68366	-26.73015	-83.33579	LAX_RV_FREEWALL	11	1.0	4
1.06197	-26.72028	-86.12271	LAX_RV_FREEWALL	11	1.0	4
1.44028	-26.71040	-88.90963	LAX_RV_FREEWALL	11	1.0	4
1.81859	-26.70052	-91.69655	LAX_RV_FREEWALL	11	1.0	4
2.19691	-26.69064	-94.48348	LAX_RV_FREEWALL	11	1.0	4
2.48980	-25.27712	-97.27702	LAX_RV_FREEWALL	11	1.0	4
2.86812	-25.26724	-100.06394	LAX_RV_FREEWALL	11	1.0	4
3.16101	-23.85373	-102.85749	LAX_RV_FREEWALL	11	1.0	4
3.36849	-21.03657	-105.65765	LAX_RV_FREEWALL	11	1.0	4
3.38682	-18.22435	-107.06435	LAX_RV_FREEWALL	11	1.0	4
3.21598	-15.41708	-107.07759	LAX_RV_FREEWALL	11	1.0	4
2.85600	-12.61474	-105.69736	LAX_RV_FREEWALL	11	1.0	4
2.68517	-9.80746	-105.71060	LAX_RV_FREEWALL	11	1.0	4
2.32518	-7.00512	-104.33038	LAX_RV_FREEWALL	11	1.0	4
1.96519	-4.20279	-102.95016	LAX_RV_FREEWALL	11	1.0	4
1.41605	-1.40539	-100.17647	LAX_RV_FREEWALL	11	1.0	4
0.86690	1.39201	-97.40279	LAX_RV_FREEWALL	11	1.0	4
0.31776	4.18941	-94.62910	LAX_RV_FREEWALL	11	1.0	4
-0.04223	6.99175	-93.24888	LAX_RV_FREEWALL	11	1.0	4
-0.59137	9.78915	-90.47520	LAX_RV_FREEWALL	11	1.0	4
-1.05510	11.18291	-87.69489	LAX_RV_FREEWALL	11	1.0	4
-0.88427	8.37563	-87.68165	LAX_RV_FREEWALL	11	1.0	4
-0.90260	5.56341	-86.27495	LAX_RV_SEPTUM	11	1.0	4
-0.73176	2.75613	-86.26172	LAX_RV_SEPTUM	11	1.0	4
-0.75009	-0.05608	-84.85502	LAX_RV_SEPTUM	11	1.0	4
-0.95757	-2.87324	-82.05485	LAX_RV_SEPTUM	11	1.0	4
-0.97589	-5.68545	-80.64815	LAX_RV_SEPTUM	11	1.0	4
-0.99422	-8.49767	-79.24145	LAX_RV_SEPTUM	11	1.0	4
-1.20170	-11.31483	-76.44129	LAX_RV_SEPTUM	11	1.0	4
-1.58001	-11.32471	-73.65437	LAX_RV_SEPTUM	11	1.0	4
-1.87291	-12.73822	-70.86083	LAX_RV_SEPTUM	11	1.0	4
-2.25122	-12.74810	-68.07390	LAX_RV_SEPTUM	11	1.0	4
-2.54411	-14.16162	-65.28036	LAX_RV_SEPTUM	11	1.0	4
-2.92243	-14.17150	-62.49344	LAX_RV_SEPTUM	11	1.0	4
-3.30074	-14.18138	-59.70651	LAX_RV_SEPTUM	11	1.0	4
-3.67905	-14.19126	-56.91959	LAX_RV_SEPTUM	11	1.0	4
-4.05736	-14.20113	-54.13267	LAX_RV_SEPTUM	11	1.0	4
-4.43567	-14.21101	-51.34574	LAX_RV_SEPTUM	11	1.0	4
-4.81399	-14.22089	-48.55882	LAX_RV_SEPTUM	11	1.0	4
-5.19230	-14.23077	-45.77190	LAX_RV_SEPTUM	11	1.0	4
-5.65603	-12.83701	-42.99159	LAX_RV_SEPTUM	11	1.0	4
-6.11976	-11.44325	-40.21129	LAX_RV_SEPTUM	11	1.0	4
-6.58348	-10.04949	-37.43099	LAX_RV_SEPTUM	11	1.0	4
-7.04721	-8.65573	-34.65068	LAX_RV_SEPTUM	11	1.0	4
-7.51094	-7.26197	-31.87038	LAX_RV_SEPTUM	11	1.0	4
-7.97467	-5.86821	-29.09008	LAX_RV_SEPTUM	11	1.0	4
-8.43840	-4.47445	-26.30977	LAX_RV_SEPTUM	11	1.0	4
-8.90212	-3.08069	-23.52947	LAX_RV_SEPTUM	11	1.0	4
-9.36585	-1.68693	-20.74916	LAX_RV_SEPTUM	11	1.0	4
-9.82958	-0.29317	-17.96886	LAX_RV_SEPTUM	11	1.0	4
-10.52532	-19.99351	-3.94157	LAX_RV_EPICARDIAL	11	1.0	4
-10.06159	-21.38727	-6.72188	LAX_RV_EPICARDIAL	11	1.0	4
-9.59786	-22.78103	-9.50218	LAX_RV_EPICARDIAL	11	1.0	4
-9.21955	-22.77115	-12.28910	LAX_RV_EPICARDIAL	11	1.0	4
-8.75582	-24.16491	-15.06941	LAX_RV_EPICARDIAL	11	1.0	4
-8.29209	-25.55867	-17.84971	LAX_RV_EPICARDIAL	11	1.0	4
-7.91378	-25.54879	-20.63663	LAX_RV_EPICARDIAL	11	1.0	4
-7.45005	-26.94255	-23.41694	LAX_RV_EPICARDIAL	11	1.0	4
-7.07174	-26.93267	-26.20386	LAX_RV_EPICARDIAL	11	1.0	4
-6.69343	-26.92279	-28.99078	LAX_RV_EPICARDIAL	11	1.0	4
-6.31512	-26.91291	-31.77771	LAX_RV_EPICARDIAL	11	1.0	4
-5.85139	-28.30667	-34.55801	LAX_RV_EPICARDIAL	11	1.0	4
-5.55849	-26.89315	-37.35155	LAX_RV_EPICARDIAL	11	1.0	4
-5.18018	-26.88328	-40.13848	LAX_RV_EPICARDIAL	11	1.0	4
-4.80187	-26.87340	-42.92540	LAX_RV_EPICARDIAL	11	1.0	4
-4.33814	-28.26716	-45.70570	LAX_RV_EPICARDIAL	11	1.0	4
-3.95983	-28.25728	-48.49263	LAX_RV_EPICARDIAL	11	1.0	4
-3.49610	-29.65104	-51.27293	LAX_RV_EPICARDIAL	11	1.0	4
-3.11779	-29.64116	-54.05985	LAX_RV_EPICARDIAL	11	1.0	4
-2.73948	-29.63128	-56.84678	LAX_RV_EPICARDIAL	11	1.0	4
-2.36116	-29.62140	-59.63370	LAX_RV_EPICARDIAL	11	1.0	4
-1.98285	-29.61152	-62.42062	LAX_RV_EPICARDIAL	11	1.0	4
-1.51912	-31.00528	-65.20093	LAX_RV_EPICARDIAL	11	1.0	4
-1.14081	-30.99540	-67.98785	LAX_RV_EPICARDIAL	11	1.0	4
-0.76250	-30.98552	-70.77477	LAX_RV_EPICARDIAL	11	1.0	4
-0.38419	-30.97565	-73.56170	LAX_RV_EPICARDIAL	11	1.0	4
-0.09129	-29.56213	-76.35524	LAX_RV_EPICARDIAL	11	1.0	4
0.28702	-29.55225	-79.14216	LAX_RV_EPICARDIAL	11	1.0	4
0.66533	-29.54237	-81.92909	LAX_RV_EPICARDIAL	11	1.0	4
1.04365	-29.53249	-84.71601	LAX_RV_EPICARDIAL	11	1.0	4
1.42196	-29.52261	-87.50293	LAX_RV_EPICARDIAL	11	1.0	4
1.80027	-29.51273	-90.28985	LAX_RV_EPICARDIAL	11	1.0	4
2.17858	-29.50286	-93.07678	LAX_RV_EPICARDIAL	11	1.0	4
2.55690	-29.49298	-95.86370	LAX_RV_EPICARDIAL	11	1.0	4
2.84979	-28.07946	-98.65724	LAX_RV_EPICARDIAL	11	1.0	4
3.22810	-28.06958	-101.44417	LAX_RV_EPICARDIAL	11	1.0	4
3.52100	-26.65606	-104.23771	LAX_RV_EPICARDIAL	11	1.0	4
3.81390	-25.24255	-107.03125	LAX_RV_EPICARDIAL	11	1.0	4
4.02138	-22.42539	-109.83141	LAX_RV_EPICARDIAL	11	1.0	4
3.85054	-19.61811	-109.84465	LAX_RV_EPICARDIAL	11	1.0	4
3.86887	-16.80590	-111.25135	LAX_RV_EPICARDIAL	11	1.0	4
3.69804	-13.99862	-111.26459	LAX_RV_EPICARDIAL	11	1.0	4
3.52721	-11.19134	-111.27783	LAX_RV_EPICARDIAL	11	1.0	4
3.16722	-8.38900	-109.89761	LAX_RV_EPICARDIAL	11	1.0	4
2.80723	-5.58667	-108.51738	LAX_RV_EPICARDIAL	11	1.0	4
2.44724	-2.78433	-107.13716	LAX_RV_EPICARDIAL	11	1.0	4
2.08725	0.01801	-105.75694	LAX_RV_EPICARDIAL	11	1.0	4
1.62353	1.41177	-102.97663	LAX_RV_EPICARDIAL	11	1.0	4
1.07438	4.20917	-100.20295	LAX_RV_EPICARDIAL	11	1.0	4
0.52524	7.00657	-97.42927	LAX_RV_EPICARDIAL	11	1.0	4
0.16525	9.80890	-96.04904	LAX_RV_EPICARDIAL	11	1.0	4
-0.38389	12.60630	-93.27536	LAX_RV_EPICARDIAL	11	1.0	4
-0.65847	14.00500	-91.88852	LAX_RV_EPICARDIAL	11	1.0	4
-1.12219	15.39876	-89.10821	LAX_RV_EPICARDIAL	11	1.0	4
-1.14052	12.58654	-87.70151	LAX_RV_EPICARDIAL	11	1.0	4
-10.43227	0.97528	-14.10986	PULMONARY_VALVE	11	1.0	4
-11.13288	-16.82473	-0.90623	PULMONARY_VALVE	11	1.0	4
