x	y	z	contour type	frameID	weight	time frame
-24.95295	-25.27687	-44.79938	SAX_RV_FREEWALL	3	1.0	11
-26.64951	-24.17210	-47.20538	SAX_RV_FREEWALL	3	1.0	11
-28.87720	-24.17210	-48.92223	SAX_RV_FREEWALL	3	1.0	11
-31.10489	-24.17210	-50.63907	SAX_RV_FREEWALL	3	1.0	11
-33.33258	-24.17211	-52.35592	SAX_RV_FREEWALL	3	1.0	11
-35.02915	-23.06734	-54.76192	SAX_RV_FREEWALL	3	1.0	11
-36.72571	-21.96257	-57.16793	SAX_RV_FREEWALL	3	1.0	11
-38.95340	-21.96258	-58.88477	SAX_RV_FREEWALL	3	1.0	11
-40.64997	-20.85781	-61.29077	SAX_RV_FREEWALL	3	1.0	11
-42.34654	-19.75304	-63.69678	SAX_RV_FREEWALL	3	1.0	11
-44.04311	-18.64828	-66.10278	SAX_RV_FREEWALL	3	1.0	11
-46.27079	-18.64828	-67.81962	SAX_RV_FREEWALL	3	1.0	11
-47.43624	-16.43875	-70.91478	SAX_RV_FREEWALL	3	1.0	11
-47.48784	-14.22921	-73.15152	SAX_RV_FREEWALL	3	1.0	11
-46.42560	-12.01967	-74.52983	SAX_RV_FREEWALL	3	1.0	11
-46.47720	-9.81014	-76.76657	SAX_RV_FREEWALL	3	1.0	11
-44.30112	-7.60060	-77.28646	SAX_RV_FREEWALL	3	1.0	11
-42.12503	-5.39106	-77.80635	SAX_RV_FREEWALL	3	1.0	11
-41.06279	-3.18153	-79.18466	SAX_RV_FREEWALL	3	1.0	11
-37.77286	-0.97199	-78.84613	SAX_RV_FREEWALL	3	1.0	11
-35.59677	1.23755	-79.36602	SAX_RV_FREEWALL	3	1.0	11
-32.30684	3.44709	-79.02749	SAX_RV_FREEWALL	3	1.0	11
-29.01691	5.65663	-78.68896	SAX_RV_FREEWALL	3	1.0	11
-25.72698	7.86617	-78.35043	SAX_RV_FREEWALL	3	1.0	11
-22.96817	8.97094	-77.32274	SAX_RV_FREEWALL	3	1.0	11
-20.20936	10.07571	-76.29505	SAX_RV_FREEWALL	3	1.0	11
-17.45055	11.18048	-75.26736	SAX_RV_FREEWALL	3	1.0	11
-15.22287	11.18048	-73.55051	SAX_RV_FREEWALL	3	1.0	11
8.25597	-16.43869	-27.99364	SAX_RV_FREEWALL	3	1.0	11
5.49716	-17.54346	-29.02133	SAX_RV_FREEWALL	3	1.0	11
2.73835	-18.64823	-30.04902	SAX_RV_FREEWALL	3	1.0	11
-0.02046	-19.75300	-31.07671	SAX_RV_FREEWALL	3	1.0	11
-2.77927	-20.85777	-32.10440	SAX_RV_FREEWALL	3	1.0	11
-5.53808	-21.96254	-33.13209	SAX_RV_FREEWALL	3	1.0	11
-8.29689	-23.06731	-34.15978	SAX_RV_FREEWALL	3	1.0	11
-11.05570	-24.17208	-35.18746	SAX_RV_FREEWALL	3	1.0	11
-13.81450	-25.27685	-36.21515	SAX_RV_FREEWALL	3	1.0	11
-16.04219	-25.27686	-37.93200	SAX_RV_FREEWALL	3	1.0	11
-18.26988	-25.27686	-39.64884	SAX_RV_FREEWALL	3	1.0	11
-20.49757	-25.27686	-41.36569	SAX_RV_FREEWALL	3	1.0	11
-22.72526	-25.27686	-43.08254	SAX_RV_FREEWALL	3	1.0	11
-19.28052	-29.69593	-36.03379	SAX_RV_EPICARDIAL	3	1.0	11
-20.97709	-28.59117	-38.43980	SAX_RV_EPICARDIAL	3	1.0	11
-23.20478	-28.59117	-40.15664	SAX_RV_EPICARDIAL	3	1.0	11
-25.43247	-28.59117	-41.87349	SAX_RV_EPICARDIAL	3	1.0	11
-27.66015	-28.59117	-43.59033	SAX_RV_EPICARDIAL	3	1.0	11
-29.88784	-28.59117	-45.30718	SAX_RV_EPICARDIAL	3	1.0	11
-31.58441	-27.48641	-47.71318	SAX_RV_EPICARDIAL	3	1.0	11
-33.81210	-27.48641	-49.43003	SAX_RV_EPICARDIAL	3	1.0	11
-36.03979	-27.48641	-51.14687	SAX_RV_EPICARDIAL	3	1.0	11
-37.73635	-26.38165	-53.55288	SAX_RV_EPICARDIAL	3	1.0	11
-39.96404	-26.38165	-55.26972	SAX_RV_EPICARDIAL	3	1.0	11
-42.19173	-26.38165	-56.98657	SAX_RV_EPICARDIAL	3	1.0	11
-43.88830	-25.27688	-59.39257	SAX_RV_EPICARDIAL	3	1.0	11
-46.11599	-25.27689	-61.10941	SAX_RV_EPICARDIAL	3	1.0	11
-47.81255	-24.17212	-63.51542	SAX_RV_EPICARDIAL	3	1.0	11
-49.50912	-23.06735	-65.92142	SAX_RV_EPICARDIAL	3	1.0	11
-50.67457	-20.85782	-69.01658	SAX_RV_EPICARDIAL	3	1.0	11
-51.84002	-18.64829	-72.11174	SAX_RV_EPICARDIAL	3	1.0	11
-51.89162	-16.43875	-74.34847	SAX_RV_EPICARDIAL	3	1.0	11
-50.82938	-14.22921	-75.72679	SAX_RV_EPICARDIAL	3	1.0	11
-50.88098	-12.01968	-77.96352	SAX_RV_EPICARDIAL	3	1.0	11
-49.81874	-9.81014	-79.34184	SAX_RV_EPICARDIAL	3	1.0	11
-47.64265	-7.60060	-79.86173	SAX_RV_EPICARDIAL	3	1.0	11
-46.58041	-5.39107	-81.24004	SAX_RV_EPICARDIAL	3	1.0	11
-44.40432	-3.18153	-81.75993	SAX_RV_EPICARDIAL	3	1.0	11
-42.22824	-0.97199	-82.27982	SAX_RV_EPICARDIAL	3	1.0	11
-40.05215	1.23755	-82.79971	SAX_RV_EPICARDIAL	3	1.0	11
-36.76222	3.44708	-82.46118	SAX_RV_EPICARDIAL	3	1.0	11
-33.47229	5.65662	-82.12265	SAX_RV_EPICARDIAL	3	1.0	11
-30.18236	7.86616	-81.78412	SAX_RV_EPICARDIAL	3	1.0	11
-26.89243	10.07570	-81.44558	SAX_RV_EPICARDIAL	3	1.0	11
-23.60250	12.28524	-81.10705	SAX_RV_EPICARDIAL	3	1.0	11
-20.31257	14.49478	-80.76852	SAX_RV_EPICARDIAL	3	1.0	11
-17.55376	15.59955	-79.74083	SAX_RV_EPICARDIAL	3	1.0	11
-14.79495	16.70432	-78.71314	SAX_RV_EPICARDIAL	3	1.0	11
-12.56726	16.70432	-76.99630	SAX_RV_EPICARDIAL	3	1.0	11
-12.46406	12.28525	-72.52282	SAX_RV_EPICARDIAL	3	1.0	11
12.07702	-13.12438	-28.34427	SAX_RV_EPICARDIAL	3	1.0	11
15.41855	-13.12438	-25.76900	SAX_RV_EPICARDIAL	3	1.0	11
14.35631	-15.33392	-24.39068	SAX_RV_EPICARDIAL	3	1.0	11
11.06638	-17.54346	-24.72922	SAX_RV_EPICARDIAL	3	1.0	11
7.77645	-19.75299	-25.06775	SAX_RV_EPICARDIAL	3	1.0	11
5.01764	-20.85776	-26.09544	SAX_RV_EPICARDIAL	3	1.0	11
2.25883	-21.96254	-27.12313	SAX_RV_EPICARDIAL	3	1.0	11
-1.03110	-24.17207	-27.46166	SAX_RV_EPICARDIAL	3	1.0	11
-3.78991	-25.27684	-28.48935	SAX_RV_EPICARDIAL	3	1.0	11
-6.54872	-26.38162	-29.51704	SAX_RV_EPICARDIAL	3	1.0	11
-9.30753	-27.48639	-30.54473	SAX_RV_EPICARDIAL	3	1.0	11
-12.06634	-28.59116	-31.57241	SAX_RV_EPICARDIAL	3	1.0	11
-14.29402	-28.59116	-33.28926	SAX_RV_EPICARDIAL	3	1.0	11
-16.52171	-28.59116	-35.00611	SAX_RV_EPICARDIAL	3	1.0	11
-12.99518	11.18048	-71.83367	SAX_RV_SEPTUM	3	1.0	11
-12.94357	8.97095	-69.59693	SAX_RV_SEPTUM	3	1.0	11
-12.89197	6.76141	-67.36019	SAX_RV_SEPTUM	3	1.0	11
-12.84037	4.55188	-65.12346	SAX_RV_SEPTUM	3	1.0	11
-12.78877	2.34234	-62.88672	SAX_RV_SEPTUM	3	1.0	11
-11.62332	0.13281	-59.79156	SAX_RV_SEPTUM	3	1.0	11
-11.57172	-2.07673	-57.55483	SAX_RV_SEPTUM	3	1.0	11
-10.40627	-4.28626	-54.45967	SAX_RV_SEPTUM	3	1.0	11
-10.35467	-6.49580	-52.22293	SAX_RV_SEPTUM	3	1.0	11
-8.65810	-7.60057	-49.81693	SAX_RV_SEPTUM	3	1.0	11
-7.49266	-9.81010	-46.72177	SAX_RV_SEPTUM	3	1.0	11
-5.79609	-10.91487	-44.31577	SAX_RV_SEPTUM	3	1.0	11
-4.09952	-12.01963	-41.90977	SAX_RV_SEPTUM	3	1.0	11
-2.40295	-13.12440	-39.50376	SAX_RV_SEPTUM	3	1.0	11
-0.17526	-13.12440	-37.78692	SAX_RV_SEPTUM	3	1.0	11
2.05242	-13.12439	-36.07007	SAX_RV_SEPTUM	3	1.0	11
4.28011	-13.12439	-34.35323	SAX_RV_SEPTUM	3	1.0	11
6.50780	-13.12439	-32.63638	SAX_RV_SEPTUM	3	1.0	11
8.73549	-13.12439	-30.91953	SAX_RV_SEPTUM	3	1.0	11
10.96318	-13.12438	-29.20269	SAX_RV_SEPTUM	3	1.0	11
11.54590	-14.22915	-27.65511	SAX_RV_SEPTUM	3	1.0	11
-10.28797	14.49479	-73.04271	SAX_LV_EPICARDIAL	3	1.0	11
-9.22573	16.70432	-74.42103	SAX_LV_EPICARDIAL	3	1.0	11
-8.16349	18.91386	-75.79934	SAX_LV_EPICARDIAL	3	1.0	11
-5.98740	21.12340	-76.31923	SAX_LV_EPICARDIAL	3	1.0	11
-3.81131	23.33294	-76.83912	SAX_LV_EPICARDIAL	3	1.0	11
-1.63523	25.54247	-77.35901	SAX_LV_EPICARDIAL	3	1.0	11
0.54086	27.75201	-77.87890	SAX_LV_EPICARDIAL	3	1.0	11
3.83079	29.96155	-77.54037	SAX_LV_EPICARDIAL	3	1.0	11
7.12072	32.17109	-77.20184	SAX_LV_EPICARDIAL	3	1.0	11
10.41065	34.38063	-76.86331	SAX_LV_EPICARDIAL	3	1.0	11
13.16946	35.48540	-75.83562	SAX_LV_EPICARDIAL	3	1.0	11
15.92827	36.59017	-74.80793	SAX_LV_EPICARDIAL	3	1.0	11
18.68708	37.69494	-73.78024	SAX_LV_EPICARDIAL	3	1.0	11
21.44589	38.79971	-72.75255	SAX_LV_EPICARDIAL	3	1.0	11
23.67357	38.79971	-71.03571	SAX_LV_EPICARDIAL	3	1.0	11
25.90126	38.79971	-69.31886	SAX_LV_EPICARDIAL	3	1.0	11
28.66007	39.90449	-68.29117	SAX_LV_EPICARDIAL	3	1.0	11
30.88776	39.90449	-66.57433	SAX_LV_EPICARDIAL	3	1.0	11
33.11545	39.90449	-64.85748	SAX_LV_EPICARDIAL	3	1.0	11
35.34314	39.90449	-63.14063	SAX_LV_EPICARDIAL	3	1.0	11
37.03971	38.79973	-60.73463	SAX_LV_EPICARDIAL	3	1.0	11
39.26739	38.79973	-59.01779	SAX_LV_EPICARDIAL	3	1.0	11
40.96396	37.69496	-56.61178	SAX_LV_EPICARDIAL	3	1.0	11
42.66053	36.59020	-54.20578	SAX_LV_EPICARDIAL	3	1.0	11
43.82598	34.38066	-51.11062	SAX_LV_EPICARDIAL	3	1.0	11
44.99142	32.17113	-48.01546	SAX_LV_EPICARDIAL	3	1.0	11
46.15687	29.96159	-44.92030	SAX_LV_EPICARDIAL	3	1.0	11
46.20847	27.75206	-42.68357	SAX_LV_EPICARDIAL	3	1.0	11
46.26007	25.54252	-40.44683	SAX_LV_EPICARDIAL	3	1.0	11
46.31168	23.33299	-38.21010	SAX_LV_EPICARDIAL	3	1.0	11
46.36328	21.12345	-35.97336	SAX_LV_EPICARDIAL	3	1.0	11
45.30104	18.91391	-34.59505	SAX_LV_EPICARDIAL	3	1.0	11
45.35264	16.70438	-32.35831	SAX_LV_EPICARDIAL	3	1.0	11
44.29040	14.49484	-30.98000	SAX_LV_EPICARDIAL	3	1.0	11
43.22815	12.28531	-29.60168	SAX_LV_EPICARDIAL	3	1.0	11
42.16591	10.07577	-28.22337	SAX_LV_EPICARDIAL	3	1.0	11
41.10367	7.86623	-26.84506	SAX_LV_EPICARDIAL	3	1.0	11
38.92758	5.65669	-26.32517	SAX_LV_EPICARDIAL	3	1.0	11
37.86534	3.44716	-24.94685	SAX_LV_EPICARDIAL	3	1.0	11
35.68926	1.23762	-24.42696	SAX_LV_EPICARDIAL	3	1.0	11
33.51317	-0.97192	-23.90707	SAX_LV_EPICARDIAL	3	1.0	11
31.33708	-3.18145	-23.38718	SAX_LV_EPICARDIAL	3	1.0	11
28.04715	-5.39099	-23.72571	SAX_LV_EPICARDIAL	3	1.0	11
24.75722	-7.60053	-24.06424	SAX_LV_EPICARDIAL	3	1.0	11
21.99841	-8.70530	-25.09193	SAX_LV_EPICARDIAL	3	1.0	11
19.23961	-9.81007	-26.11962	SAX_LV_EPICARDIAL	3	1.0	11
16.48080	-10.91484	-27.14731	SAX_LV_EPICARDIAL	3	1.0	11
14.62942	-3.18147	-36.26352	SAX_LV_ENDOCARDIAL	3	1.0	11
12.93285	-2.07671	-38.66952	SAX_LV_ENDOCARDIAL	3	1.0	11
10.70517	-2.07671	-40.38637	SAX_LV_ENDOCARDIAL	3	1.0	11
8.47748	-2.07671	-42.10322	SAX_LV_ENDOCARDIAL	3	1.0	11
6.78091	-0.97194	-44.50922	SAX_LV_ENDOCARDIAL	3	1.0	11
4.55322	-0.97195	-46.22606	SAX_LV_ENDOCARDIAL	3	1.0	11
3.38777	1.23759	-49.32122	SAX_LV_ENDOCARDIAL	3	1.0	11
1.69121	2.34235	-51.72723	SAX_LV_ENDOCARDIAL	3	1.0	11
0.52576	4.55189	-54.82238	SAX_LV_ENDOCARDIAL	3	1.0	11
-0.05696	5.65666	-56.36996	SAX_LV_ENDOCARDIAL	3	1.0	11
-1.22241	7.86619	-59.46512	SAX_LV_ENDOCARDIAL	3	1.0	11
-1.27401	10.07573	-61.70186	SAX_LV_ENDOCARDIAL	3	1.0	11
-0.21177	12.28526	-63.08017	SAX_LV_ENDOCARDIAL	3	1.0	11
-0.26337	14.49480	-65.31691	SAX_LV_ENDOCARDIAL	3	1.0	11
1.91271	16.70434	-65.83680	SAX_LV_ENDOCARDIAL	3	1.0	11
2.97496	18.91387	-67.21511	SAX_LV_ENDOCARDIAL	3	1.0	11
5.15104	21.12341	-67.73500	SAX_LV_ENDOCARDIAL	3	1.0	11
7.32713	23.33295	-68.25489	SAX_LV_ENDOCARDIAL	3	1.0	11
10.61706	25.54249	-67.91636	SAX_LV_ENDOCARDIAL	3	1.0	11
13.37587	26.64726	-66.88867	SAX_LV_ENDOCARDIAL	3	1.0	11
16.13468	27.75203	-65.86098	SAX_LV_ENDOCARDIAL	3	1.0	11
18.89349	28.85680	-64.83330	SAX_LV_ENDOCARDIAL	3	1.0	11
21.65230	29.96157	-63.80561	SAX_LV_ENDOCARDIAL	3	1.0	11
23.87998	29.96157	-62.08876	SAX_LV_ENDOCARDIAL	3	1.0	11
26.10767	29.96157	-60.37192	SAX_LV_ENDOCARDIAL	3	1.0	11
28.33536	29.96157	-58.65507	SAX_LV_ENDOCARDIAL	3	1.0	11
30.03193	28.85681	-56.24907	SAX_LV_ENDOCARDIAL	3	1.0	11
31.72850	27.75204	-53.84307	SAX_LV_ENDOCARDIAL	3	1.0	11
33.42506	26.64728	-51.43706	SAX_LV_ENDOCARDIAL	3	1.0	11
34.59051	24.43774	-48.34190	SAX_LV_ENDOCARDIAL	3	1.0	11
35.75596	22.22821	-45.24674	SAX_LV_ENDOCARDIAL	3	1.0	11
36.92140	20.01867	-42.15159	SAX_LV_ENDOCARDIAL	3	1.0	11
36.97301	17.80914	-39.91485	SAX_LV_ENDOCARDIAL	3	1.0	11
37.02461	15.59960	-37.67811	SAX_LV_ENDOCARDIAL	3	1.0	11
35.96237	13.39007	-36.29980	SAX_LV_ENDOCARDIAL	3	1.0	11
36.01397	11.18053	-34.06306	SAX_LV_ENDOCARDIAL	3	1.0	11
34.95173	8.97099	-32.68475	SAX_LV_ENDOCARDIAL	3	1.0	11
32.77564	6.76146	-32.16486	SAX_LV_ENDOCARDIAL	3	1.0	11
31.71340	4.55192	-30.78655	SAX_LV_ENDOCARDIAL	3	1.0	11
29.53731	2.34238	-30.26666	SAX_LV_ENDOCARDIAL	3	1.0	11
26.24738	0.13284	-30.60519	SAX_LV_ENDOCARDIAL	3	1.0	11
23.48857	-0.97193	-31.63288	SAX_LV_ENDOCARDIAL	3	1.0	11
20.72976	-2.07670	-32.66057	SAX_LV_ENDOCARDIAL	3	1.0	11
18.50208	-2.07670	-34.37741	SAX_LV_ENDOCARDIAL	3	1.0	11
16.27439	-2.07670	-36.09426	SAX_LV_ENDOCARDIAL	3	1.0	11
11.54590	-14.22915	-27.65511	RV_INSERT	3	1.0	11
-15.22287	11.18048	-73.55051	RV_INSERT	3	1.0	11
-28.28932	-30.70404	-70.41816	SAX_RV_FREEWALL	4	1.0	11
-29.98588	-29.59927	-72.82416	SAX_RV_FREEWALL	4	1.0	11
-31.15133	-27.38974	-75.91932	SAX_RV_FREEWALL	4	1.0	11
-32.84790	-26.28497	-78.32533	SAX_RV_FREEWALL	4	1.0	11
-32.89950	-24.07544	-80.56206	SAX_RV_FREEWALL	4	1.0	11
-34.06495	-21.86590	-83.65722	SAX_RV_FREEWALL	4	1.0	11
-33.00271	-19.65637	-85.03553	SAX_RV_FREEWALL	4	1.0	11
-31.94046	-17.44683	-86.41385	SAX_RV_FREEWALL	4	1.0	11
-29.76438	-15.23729	-86.93374	SAX_RV_FREEWALL	4	1.0	11
-27.58829	-13.02775	-87.45363	SAX_RV_FREEWALL	4	1.0	11
-25.41221	-10.81822	-87.97352	SAX_RV_FREEWALL	4	1.0	11
-22.12228	-8.60868	-87.63499	SAX_RV_FREEWALL	4	1.0	11
-19.94619	-6.39914	-88.15488	SAX_RV_FREEWALL	4	1.0	11
-16.65626	-4.18960	-87.81635	SAX_RV_FREEWALL	4	1.0	11
-13.36633	-1.98006	-87.47781	SAX_RV_FREEWALL	4	1.0	11
-10.07640	0.22948	-87.13928	SAX_RV_FREEWALL	4	1.0	11
-6.78647	2.43902	-86.80075	SAX_RV_FREEWALL	4	1.0	11
-4.02766	3.54379	-85.77306	SAX_RV_FREEWALL	4	1.0	11
6.61617	-22.97063	-51.20642	SAX_RV_FREEWALL	4	1.0	11
3.85736	-24.07540	-52.23411	SAX_RV_FREEWALL	4	1.0	11
1.62967	-24.07540	-53.95095	SAX_RV_FREEWALL	4	1.0	11
-0.59802	-24.07540	-55.66780	SAX_RV_FREEWALL	4	1.0	11
-2.82571	-24.07541	-57.38465	SAX_RV_FREEWALL	4	1.0	11
-5.58452	-25.18018	-58.41233	SAX_RV_FREEWALL	4	1.0	11
-8.34333	-26.28495	-59.44002	SAX_RV_FREEWALL	4	1.0	11
-11.10214	-27.38972	-60.46771	SAX_RV_FREEWALL	4	1.0	11
-13.86094	-28.49449	-61.49540	SAX_RV_FREEWALL	4	1.0	11
-16.61975	-29.59926	-62.52309	SAX_RV_FREEWALL	4	1.0	11
-19.37856	-30.70403	-63.55078	SAX_RV_FREEWALL	4	1.0	11
-21.60625	-30.70403	-65.26762	SAX_RV_FREEWALL	4	1.0	11
-23.83394	-30.70403	-66.98447	SAX_RV_FREEWALL	4	1.0	11
-26.06163	-30.70404	-68.70132	SAX_RV_FREEWALL	4	1.0	11
-29.29996	-35.12311	-66.80311	SAX_RV_EPICARDIAL	4	1.0	11
-30.99652	-34.01834	-69.20911	SAX_RV_EPICARDIAL	4	1.0	11
-32.69309	-32.91358	-71.61512	SAX_RV_EPICARDIAL	4	1.0	11
-34.38966	-31.80881	-74.02112	SAX_RV_EPICARDIAL	4	1.0	11
-35.55511	-29.59928	-77.11628	SAX_RV_EPICARDIAL	4	1.0	11
-37.25167	-28.49451	-79.52228	SAX_RV_EPICARDIAL	4	1.0	11
-37.30328	-26.28498	-81.75902	SAX_RV_EPICARDIAL	4	1.0	11
-37.35488	-24.07544	-83.99575	SAX_RV_EPICARDIAL	4	1.0	11
-37.40648	-21.86591	-86.23249	SAX_RV_EPICARDIAL	4	1.0	11
-36.34424	-19.65637	-87.61080	SAX_RV_EPICARDIAL	4	1.0	11
-35.28200	-17.44683	-88.98912	SAX_RV_EPICARDIAL	4	1.0	11
-33.10591	-15.23729	-89.50901	SAX_RV_EPICARDIAL	4	1.0	11
-30.92982	-13.02776	-90.02890	SAX_RV_EPICARDIAL	4	1.0	11
-28.75374	-10.81822	-90.54879	SAX_RV_EPICARDIAL	4	1.0	11
-26.57765	-8.60868	-91.06868	SAX_RV_EPICARDIAL	4	1.0	11
-23.28772	-6.39914	-90.73015	SAX_RV_EPICARDIAL	4	1.0	11
-21.11164	-4.18961	-91.25004	SAX_RV_EPICARDIAL	4	1.0	11
-18.93555	-1.98007	-91.76993	SAX_RV_EPICARDIAL	4	1.0	11
-15.64562	0.22947	-91.43140	SAX_RV_EPICARDIAL	4	1.0	11
-12.35569	2.43901	-91.09286	SAX_RV_EPICARDIAL	4	1.0	11
-9.06576	4.64855	-90.75433	SAX_RV_EPICARDIAL	4	1.0	11
-6.30695	5.75332	-89.72664	SAX_RV_EPICARDIAL	4	1.0	11
-3.01702	7.96286	-89.38811	SAX_RV_EPICARDIAL	4	1.0	11
-0.78933	7.96286	-87.67126	SAX_RV_EPICARDIAL	4	1.0	11
1.96948	9.06763	-86.64358	SAX_RV_EPICARDIAL	4	1.0	11
-0.68613	3.54379	-83.19779	SAX_RV_EPICARDIAL	4	1.0	11
8.79225	-20.76109	-51.72631	SAX_RV_EPICARDIAL	4	1.0	11
10.48882	-21.86586	-49.32031	SAX_RV_EPICARDIAL	4	1.0	11
10.54042	-24.07539	-47.08357	SAX_RV_EPICARDIAL	4	1.0	11
7.78161	-25.18016	-48.11126	SAX_RV_EPICARDIAL	4	1.0	11
5.02280	-26.28493	-49.13895	SAX_RV_EPICARDIAL	4	1.0	11
2.79512	-26.28494	-50.85580	SAX_RV_EPICARDIAL	4	1.0	11
0.56743	-26.28494	-52.57264	SAX_RV_EPICARDIAL	4	1.0	11
-2.19138	-27.38971	-53.60033	SAX_RV_EPICARDIAL	4	1.0	11
-4.41907	-27.38971	-55.31718	SAX_RV_EPICARDIAL	4	1.0	11
-7.70900	-29.59925	-55.65571	SAX_RV_EPICARDIAL	4	1.0	11
-10.46781	-30.70402	-56.68340	SAX_RV_EPICARDIAL	4	1.0	11
-13.22662	-31.80879	-57.71109	SAX_RV_EPICARDIAL	4	1.0	11
-15.98543	-32.91356	-58.73877	SAX_RV_EPICARDIAL	4	1.0	11
-18.74424	-34.01833	-59.76646	SAX_RV_EPICARDIAL	4	1.0	11
-20.97193	-34.01833	-61.48331	SAX_RV_EPICARDIAL	4	1.0	11
-23.19961	-34.01834	-63.20015	SAX_RV_EPICARDIAL	4	1.0	11
-25.95842	-35.12311	-64.22784	SAX_RV_EPICARDIAL	4	1.0	11
-28.18611	-35.12311	-65.94469	SAX_RV_EPICARDIAL	4	1.0	11
-1.79997	3.54379	-84.05621	SAX_RV_SEPTUM	4	1.0	11
-1.21725	2.43902	-82.50864	SAX_RV_SEPTUM	4	1.0	11
-1.16564	0.22949	-80.27190	SAX_RV_SEPTUM	4	1.0	11
-2.22789	-1.98005	-78.89359	SAX_RV_SEPTUM	4	1.0	11
-2.17628	-4.18959	-76.65685	SAX_RV_SEPTUM	4	1.0	11
-2.12468	-6.39912	-74.42011	SAX_RV_SEPTUM	4	1.0	11
-2.07308	-8.60866	-72.18338	SAX_RV_SEPTUM	4	1.0	11
-2.02148	-10.81819	-69.94664	SAX_RV_SEPTUM	4	1.0	11
-1.96987	-13.02773	-67.70990	SAX_RV_SEPTUM	4	1.0	11
-0.80443	-15.23726	-64.61474	SAX_RV_SEPTUM	4	1.0	11
0.89214	-16.34203	-62.20874	SAX_RV_SEPTUM	4	1.0	11
2.58871	-17.44679	-59.80274	SAX_RV_SEPTUM	4	1.0	11
4.28527	-18.55156	-57.39674	SAX_RV_SEPTUM	4	1.0	11
5.98184	-19.65633	-54.99074	SAX_RV_SEPTUM	4	1.0	11
7.67841	-20.76109	-52.58473	SAX_RV_SEPTUM	4	1.0	11
9.90610	-20.76109	-50.86789	SAX_RV_SEPTUM	4	1.0	11
13.83035	-21.86585	-46.74504	SAX_LV_EPICARDIAL	4	1.0	11
2.60380	5.75333	-82.85926	SAX_LV_EPICARDIAL	4	1.0	11
3.66605	7.96286	-84.23757	SAX_LV_EPICARDIAL	4	1.0	11
5.84213	10.17240	-84.75746	SAX_LV_EPICARDIAL	4	1.0	11
8.01822	12.38194	-85.27735	SAX_LV_EPICARDIAL	4	1.0	11
10.19430	14.59148	-85.79724	SAX_LV_EPICARDIAL	4	1.0	11
12.37039	16.80102	-86.31714	SAX_LV_EPICARDIAL	4	1.0	11
15.66032	19.01055	-85.97860	SAX_LV_EPICARDIAL	4	1.0	11
18.95025	21.22009	-85.64007	SAX_LV_EPICARDIAL	4	1.0	11
21.70906	22.32486	-84.61238	SAX_LV_EPICARDIAL	4	1.0	11
24.46787	23.42963	-83.58469	SAX_LV_EPICARDIAL	4	1.0	11
27.22668	24.53440	-82.55700	SAX_LV_EPICARDIAL	4	1.0	11
29.98549	25.63917	-81.52932	SAX_LV_EPICARDIAL	4	1.0	11
32.21318	25.63918	-79.81247	SAX_LV_EPICARDIAL	4	1.0	11
34.44087	25.63918	-78.09562	SAX_LV_EPICARDIAL	4	1.0	11
36.66855	25.63918	-76.37878	SAX_LV_EPICARDIAL	4	1.0	11
38.89624	25.63918	-74.66193	SAX_LV_EPICARDIAL	4	1.0	11
41.12393	25.63919	-72.94509	SAX_LV_EPICARDIAL	4	1.0	11
43.35162	25.63919	-71.22824	SAX_LV_EPICARDIAL	4	1.0	11
45.04819	24.53442	-68.82224	SAX_LV_EPICARDIAL	4	1.0	11
46.74475	23.42966	-66.41624	SAX_LV_EPICARDIAL	4	1.0	11
48.44132	22.32489	-64.01023	SAX_LV_EPICARDIAL	4	1.0	11
50.13789	21.22012	-61.60423	SAX_LV_EPICARDIAL	4	1.0	11
51.30334	19.01059	-58.50907	SAX_LV_EPICARDIAL	4	1.0	11
51.35494	16.80105	-56.27234	SAX_LV_EPICARDIAL	4	1.0	11
51.40654	14.59152	-54.03560	SAX_LV_EPICARDIAL	4	1.0	11
51.45814	12.38198	-51.79886	SAX_LV_EPICARDIAL	4	1.0	11
51.50975	10.17245	-49.56213	SAX_LV_EPICARDIAL	4	1.0	11
51.56135	7.96291	-47.32539	SAX_LV_EPICARDIAL	4	1.0	11
50.49911	5.75338	-45.94708	SAX_LV_EPICARDIAL	4	1.0	11
49.43686	3.54384	-44.56877	SAX_LV_EPICARDIAL	4	1.0	11
48.37462	1.33430	-43.19045	SAX_LV_EPICARDIAL	4	1.0	11
47.31238	-0.87523	-41.81214	SAX_LV_EPICARDIAL	4	1.0	11
46.25014	-3.08477	-40.43382	SAX_LV_EPICARDIAL	4	1.0	11
44.07405	-5.29431	-39.91393	SAX_LV_EPICARDIAL	4	1.0	11
41.89797	-7.50385	-39.39404	SAX_LV_EPICARDIAL	4	1.0	11
39.72188	-9.71338	-38.87415	SAX_LV_EPICARDIAL	4	1.0	11
37.54579	-11.92292	-38.35426	SAX_LV_EPICARDIAL	4	1.0	11
35.36971	-14.13246	-37.83437	SAX_LV_EPICARDIAL	4	1.0	11
32.07978	-16.34200	-38.17290	SAX_LV_EPICARDIAL	4	1.0	11
29.32097	-17.44677	-39.20059	SAX_LV_EPICARDIAL	4	1.0	11
26.56216	-18.55154	-40.22828	SAX_LV_EPICARDIAL	4	1.0	11
23.80335	-19.65631	-41.25597	SAX_LV_EPICARDIAL	4	1.0	11
21.04454	-20.76108	-42.28366	SAX_LV_EPICARDIAL	4	1.0	11
18.81685	-20.76108	-44.00051	SAX_LV_EPICARDIAL	4	1.0	11
16.58916	-20.76108	-45.71735	SAX_LV_EPICARDIAL	4	1.0	11
16.38275	-11.92294	-54.66430	SAX_LV_ENDOCARDIAL	4	1.0	11
14.68619	-10.81818	-57.07030	SAX_LV_ENDOCARDIAL	4	1.0	11
12.98962	-9.71341	-59.47630	SAX_LV_ENDOCARDIAL	4	1.0	11
11.29305	-8.60864	-61.88230	SAX_LV_ENDOCARDIAL	4	1.0	11
9.59648	-7.50388	-64.28831	SAX_LV_ENDOCARDIAL	4	1.0	11
8.43104	-5.29434	-67.38346	SAX_LV_ENDOCARDIAL	4	1.0	11
8.37943	-3.08481	-69.62020	SAX_LV_ENDOCARDIAL	4	1.0	11
8.32783	-0.87527	-71.85694	SAX_LV_ENDOCARDIAL	4	1.0	11
8.27623	1.33426	-74.09367	SAX_LV_ENDOCARDIAL	4	1.0	11
9.33847	3.54380	-75.47199	SAX_LV_ENDOCARDIAL	4	1.0	11
10.40071	5.75334	-76.85030	SAX_LV_ENDOCARDIAL	4	1.0	11
12.57680	7.96287	-77.37019	SAX_LV_ENDOCARDIAL	4	1.0	11
13.63904	10.17241	-78.74850	SAX_LV_ENDOCARDIAL	4	1.0	11
16.92897	12.38195	-78.40997	SAX_LV_ENDOCARDIAL	4	1.0	11
20.21890	14.59149	-78.07144	SAX_LV_ENDOCARDIAL	4	1.0	11
23.50883	16.80103	-77.73291	SAX_LV_ENDOCARDIAL	4	1.0	11
25.73652	16.80103	-76.01606	SAX_LV_ENDOCARDIAL	4	1.0	11
28.49533	17.90580	-74.98837	SAX_LV_ENDOCARDIAL	4	1.0	11
30.72302	17.90580	-73.27153	SAX_LV_ENDOCARDIAL	4	1.0	11
32.95071	17.90580	-71.55468	SAX_LV_ENDOCARDIAL	4	1.0	11
35.17840	17.90581	-69.83784	SAX_LV_ENDOCARDIAL	4	1.0	11
36.87496	16.80104	-67.43183	SAX_LV_ENDOCARDIAL	4	1.0	11
38.57153	15.69627	-65.02583	SAX_LV_ENDOCARDIAL	4	1.0	11
40.26810	14.59151	-62.61983	SAX_LV_ENDOCARDIAL	4	1.0	11
41.43354	12.38197	-59.52467	SAX_LV_ENDOCARDIAL	4	1.0	11
42.59899	10.17244	-56.42951	SAX_LV_ENDOCARDIAL	4	1.0	11
42.65059	7.96290	-54.19277	SAX_LV_ENDOCARDIAL	4	1.0	11
42.70220	5.75337	-51.95604	SAX_LV_ENDOCARDIAL	4	1.0	11
41.63995	3.54383	-50.57772	SAX_LV_ENDOCARDIAL	4	1.0	11
40.57771	1.33429	-49.19941	SAX_LV_ENDOCARDIAL	4	1.0	11
39.51547	-0.87524	-47.82110	SAX_LV_ENDOCARDIAL	4	1.0	11
37.33938	-3.08478	-47.30121	SAX_LV_ENDOCARDIAL	4	1.0	11
35.16330	-5.29432	-46.78132	SAX_LV_ENDOCARDIAL	4	1.0	11
32.98721	-7.50385	-46.26143	SAX_LV_ENDOCARDIAL	4	1.0	11
29.69728	-9.71339	-46.59996	SAX_LV_ENDOCARDIAL	4	1.0	11
26.93847	-10.81816	-47.62765	SAX_LV_ENDOCARDIAL	4	1.0	11
24.17966	-11.92293	-48.65534	SAX_LV_ENDOCARDIAL	4	1.0	11
21.95197	-11.92294	-50.37218	SAX_LV_ENDOCARDIAL	4	1.0	11
19.72429	-11.92294	-52.08903	SAX_LV_ENDOCARDIAL	4	1.0	11
17.49660	-11.92294	-53.80587	SAX_LV_ENDOCARDIAL	4	1.0	11
6.61617	-22.97063	-51.20642	RV_INSERT	4	1.0	11
-1.79997	3.54379	-84.05621	RV_INSERT	4	1.0	11
-15.65555	-28.39782	-91.41889	SAX_RV_FREEWALL	5	1.0	11
-14.59331	-26.18828	-92.79720	SAX_RV_FREEWALL	5	1.0	11
-11.30338	-23.97875	-92.45867	SAX_RV_FREEWALL	5	1.0	11
-9.12730	-21.76921	-92.97856	SAX_RV_FREEWALL	5	1.0	11
-6.95121	-19.55967	-93.49845	SAX_RV_FREEWALL	5	1.0	11
-4.77512	-17.35013	-94.01834	SAX_RV_FREEWALL	5	1.0	11
-1.48519	-15.14059	-93.67981	SAX_RV_FREEWALL	5	1.0	11
1.80474	-12.93106	-93.34128	SAX_RV_FREEWALL	5	1.0	11
5.09467	-10.72152	-93.00274	SAX_RV_FREEWALL	5	1.0	11
8.38460	-8.51198	-92.66421	SAX_RV_FREEWALL	5	1.0	11
11.67453	-6.30244	-92.32568	SAX_RV_FREEWALL	5	1.0	11
13.90222	-6.30244	-90.60883	SAX_RV_FREEWALL	5	1.0	11
10.97350	-23.97872	-75.29021	SAX_RV_FREEWALL	5	1.0	11
8.74581	-23.97873	-77.00706	SAX_RV_FREEWALL	5	1.0	11
5.98700	-25.08350	-78.03475	SAX_RV_FREEWALL	5	1.0	11
3.75932	-25.08350	-79.75159	SAX_RV_FREEWALL	5	1.0	11
1.00051	-26.18827	-80.77928	SAX_RV_FREEWALL	5	1.0	11
-1.75830	-27.29304	-81.80697	SAX_RV_FREEWALL	5	1.0	11
-4.51711	-28.39781	-82.83466	SAX_RV_FREEWALL	5	1.0	11
-6.74480	-28.39781	-84.55151	SAX_RV_FREEWALL	5	1.0	11
-8.97249	-28.39781	-86.26835	SAX_RV_FREEWALL	5	1.0	11
-11.20018	-28.39782	-87.98520	SAX_RV_FREEWALL	5	1.0	11
-13.42787	-28.39782	-89.70204	SAX_RV_FREEWALL	5	1.0	11
-17.24892	-31.71213	-89.35142	SAX_RV_EPICARDIAL	5	1.0	11
-17.30052	-29.50259	-91.58815	SAX_RV_EPICARDIAL	5	1.0	11
-15.17604	-25.08352	-94.34478	SAX_RV_EPICARDIAL	5	1.0	11
-14.11379	-22.87398	-95.72309	SAX_RV_EPICARDIAL	5	1.0	11
-11.93771	-20.66444	-96.24298	SAX_RV_EPICARDIAL	5	1.0	11
-9.76162	-18.45491	-96.76288	SAX_RV_EPICARDIAL	5	1.0	11
-6.47169	-16.24537	-96.42434	SAX_RV_EPICARDIAL	5	1.0	11
-4.29561	-14.03583	-96.94423	SAX_RV_EPICARDIAL	5	1.0	11
-1.00567	-11.82629	-96.60570	SAX_RV_EPICARDIAL	5	1.0	11
2.28426	-9.61675	-96.26717	SAX_RV_EPICARDIAL	5	1.0	11
5.57419	-7.40721	-95.92864	SAX_RV_EPICARDIAL	5	1.0	11
8.86412	-5.19767	-95.59011	SAX_RV_EPICARDIAL	5	1.0	11
11.62293	-4.09290	-94.56242	SAX_RV_EPICARDIAL	5	1.0	11
14.38173	-2.98813	-93.53473	SAX_RV_EPICARDIAL	5	1.0	11
16.60942	-2.98813	-91.81788	SAX_RV_EPICARDIAL	5	1.0	11
16.12990	-6.30243	-88.89199	SAX_RV_EPICARDIAL	5	1.0	11
16.54272	-23.97872	-70.99810	SAX_RV_EPICARDIAL	5	1.0	11
15.48048	-26.18826	-69.61979	SAX_RV_EPICARDIAL	5	1.0	11
13.25279	-26.18826	-71.33663	SAX_RV_EPICARDIAL	5	1.0	11
10.49398	-27.29303	-72.36432	SAX_RV_EPICARDIAL	5	1.0	11
8.26630	-27.29303	-74.08117	SAX_RV_EPICARDIAL	5	1.0	11
6.03861	-27.29303	-75.79801	SAX_RV_EPICARDIAL	5	1.0	11
3.27980	-28.39780	-76.82570	SAX_RV_EPICARDIAL	5	1.0	11
0.52099	-29.50257	-77.85339	SAX_RV_EPICARDIAL	5	1.0	11
-2.23782	-30.60734	-78.88108	SAX_RV_EPICARDIAL	5	1.0	11
-4.46551	-30.60735	-80.59792	SAX_RV_EPICARDIAL	5	1.0	11
-6.69320	-30.60735	-82.31477	SAX_RV_EPICARDIAL	5	1.0	11
-9.45201	-31.71212	-83.34246	SAX_RV_EPICARDIAL	5	1.0	11
-11.67970	-31.71212	-85.05930	SAX_RV_EPICARDIAL	5	1.0	11
-13.90738	-31.71212	-86.77615	SAX_RV_EPICARDIAL	5	1.0	11
-16.13507	-31.71213	-88.49299	SAX_RV_EPICARDIAL	5	1.0	11
14.48494	-7.40720	-89.06125	SAX_RV_SEPTUM	5	1.0	11
14.53654	-9.61674	-86.82452	SAX_RV_SEPTUM	5	1.0	11
13.47430	-11.82628	-85.44621	SAX_RV_SEPTUM	5	1.0	11
12.41206	-14.03581	-84.06789	SAX_RV_SEPTUM	5	1.0	11
12.46366	-16.24535	-81.83116	SAX_RV_SEPTUM	5	1.0	11
13.62911	-18.45488	-78.73600	SAX_RV_SEPTUM	5	1.0	11
14.79455	-20.66442	-75.64084	SAX_RV_SEPTUM	5	1.0	11
15.96000	-22.87395	-72.54568	SAX_RV_SEPTUM	5	1.0	11
13.20119	-23.97872	-73.57337	SAX_RV_SEPTUM	5	1.0	11
19.35313	-25.08348	-67.73367	SAX_LV_EPICARDIAL	5	1.0	11
18.30599	-4.09290	-89.41188	SAX_LV_EPICARDIAL	5	1.0	11
20.48208	-1.88336	-89.93177	SAX_LV_EPICARDIAL	5	1.0	11
22.65816	0.32618	-90.45166	SAX_LV_EPICARDIAL	5	1.0	11
25.94809	2.53572	-90.11313	SAX_LV_EPICARDIAL	5	1.0	11
29.23802	4.74526	-89.77460	SAX_LV_EPICARDIAL	5	1.0	11
31.99683	5.85003	-88.74691	SAX_LV_EPICARDIAL	5	1.0	11
34.75564	6.95480	-87.71922	SAX_LV_EPICARDIAL	5	1.0	11
36.98333	6.95480	-86.00237	SAX_LV_EPICARDIAL	5	1.0	11
39.74214	8.05957	-84.97468	SAX_LV_EPICARDIAL	5	1.0	11
41.96983	8.05957	-83.25784	SAX_LV_EPICARDIAL	5	1.0	11
44.19752	8.05957	-81.54099	SAX_LV_EPICARDIAL	5	1.0	11
46.42521	8.05958	-79.82415	SAX_LV_EPICARDIAL	5	1.0	11
48.12177	6.95481	-77.41814	SAX_LV_EPICARDIAL	5	1.0	11
49.81834	5.85004	-75.01214	SAX_LV_EPICARDIAL	5	1.0	11
51.51491	4.74528	-72.60614	SAX_LV_EPICARDIAL	5	1.0	11
53.21148	3.64051	-70.20014	SAX_LV_EPICARDIAL	5	1.0	11
53.26308	1.43098	-67.96340	SAX_LV_EPICARDIAL	5	1.0	11
53.31468	-0.77856	-65.72667	SAX_LV_EPICARDIAL	5	1.0	11
53.36628	-2.98809	-63.48993	SAX_LV_EPICARDIAL	5	1.0	11
52.30404	-5.19763	-62.11162	SAX_LV_EPICARDIAL	5	1.0	11
52.35564	-7.40717	-59.87488	SAX_LV_EPICARDIAL	5	1.0	11
50.17956	-9.61670	-59.35499	SAX_LV_EPICARDIAL	5	1.0	11
49.11731	-11.82624	-57.97668	SAX_LV_EPICARDIAL	5	1.0	11
48.05507	-14.03578	-56.59836	SAX_LV_EPICARDIAL	5	1.0	11
45.87899	-16.24532	-56.07847	SAX_LV_EPICARDIAL	5	1.0	11
43.70290	-18.45485	-55.55858	SAX_LV_EPICARDIAL	5	1.0	11
40.41297	-20.66439	-55.89711	SAX_LV_EPICARDIAL	5	1.0	11
37.12304	-22.87393	-56.23564	SAX_LV_EPICARDIAL	5	1.0	11
34.36423	-23.97870	-57.26333	SAX_LV_EPICARDIAL	5	1.0	11
32.13654	-23.97870	-58.98018	SAX_LV_EPICARDIAL	5	1.0	11
29.37773	-25.08347	-60.00787	SAX_LV_EPICARDIAL	5	1.0	11
27.15004	-25.08348	-61.72471	SAX_LV_EPICARDIAL	5	1.0	11
24.92236	-25.08348	-63.44156	SAX_LV_EPICARDIAL	5	1.0	11
22.69467	-25.08348	-65.15841	SAX_LV_EPICARDIAL	5	1.0	11
20.46698	-25.08348	-66.87525	SAX_LV_EPICARDIAL	5	1.0	11
25.82979	-16.24534	-71.53008	SAX_LV_ENDOCARDIAL	5	1.0	11
24.13322	-15.14057	-73.93608	SAX_LV_ENDOCARDIAL	5	1.0	11
22.96778	-12.93103	-77.03124	SAX_LV_ENDOCARDIAL	5	1.0	11
22.91617	-10.72150	-79.26798	SAX_LV_ENDOCARDIAL	5	1.0	11
23.97842	-8.51196	-80.64629	SAX_LV_ENDOCARDIAL	5	1.0	11
25.04066	-6.30243	-82.02461	SAX_LV_ENDOCARDIAL	5	1.0	11
27.21674	-4.09289	-82.54450	SAX_LV_ENDOCARDIAL	5	1.0	11
30.50667	-1.88335	-82.20596	SAX_LV_ENDOCARDIAL	5	1.0	11
33.26548	-0.77858	-81.17828	SAX_LV_ENDOCARDIAL	5	1.0	11
36.02429	0.32619	-80.15059	SAX_LV_ENDOCARDIAL	5	1.0	11
38.25198	0.32619	-78.43374	SAX_LV_ENDOCARDIAL	5	1.0	11
39.94855	-0.77857	-76.02774	SAX_LV_ENDOCARDIAL	5	1.0	11
41.64512	-1.88334	-73.62174	SAX_LV_ENDOCARDIAL	5	1.0	11
43.34168	-2.98810	-71.21573	SAX_LV_ENDOCARDIAL	5	1.0	11
43.39329	-5.19764	-68.97900	SAX_LV_ENDOCARDIAL	5	1.0	11
42.33104	-7.40718	-67.60068	SAX_LV_ENDOCARDIAL	5	1.0	11
41.26880	-9.61671	-66.22237	SAX_LV_ENDOCARDIAL	5	1.0	11
40.20656	-11.82625	-64.84406	SAX_LV_ENDOCARDIAL	5	1.0	11
36.91663	-14.03579	-65.18259	SAX_LV_ENDOCARDIAL	5	1.0	11
33.62670	-16.24533	-65.52112	SAX_LV_ENDOCARDIAL	5	1.0	11
31.39901	-16.24533	-67.23797	SAX_LV_ENDOCARDIAL	5	1.0	11
29.17132	-16.24533	-68.95481	SAX_LV_ENDOCARDIAL	5	1.0	11
26.94364	-16.24533	-70.67166	SAX_LV_ENDOCARDIAL	5	1.0	11
13.90222	-6.30244	-90.60883	RV_INSERT	5	1.0	11
15.96000	-22.87395	-72.54568	RV_INSERT	5	1.0	11
19.73561	-22.77828	-98.17705	SAX_RV_FREEWALL	6	1.0	11
18.03904	-21.67351	-100.58305	SAX_RV_FREEWALL	6	1.0	11
16.87360	-19.46398	-103.67821	SAX_RV_FREEWALL	6	1.0	11
20.16353	-17.25444	-103.33968	SAX_RV_FREEWALL	6	1.0	11
22.39122	-17.25444	-101.62283	SAX_RV_FREEWALL	6	1.0	11
24.08778	-18.35920	-99.21683	SAX_RV_FREEWALL	6	1.0	11
20.84946	-22.77828	-97.31863	SAX_RV_FREEWALL	6	1.0	11
14.21799	-24.98782	-100.23243	SAX_RV_EPICARDIAL	6	1.0	11
13.05255	-22.77829	-103.32759	SAX_RV_EPICARDIAL	6	1.0	11
13.00094	-20.56875	-105.56432	SAX_RV_EPICARDIAL	6	1.0	11
15.17703	-18.35921	-106.08421	SAX_RV_EPICARDIAL	6	1.0	11
18.46696	-16.14967	-105.74568	SAX_RV_EPICARDIAL	6	1.0	11
21.22577	-15.04490	-104.71799	SAX_RV_EPICARDIAL	6	1.0	11
23.45346	-15.04490	-103.00115	SAX_RV_EPICARDIAL	6	1.0	11
25.68115	-15.04490	-101.28430	SAX_RV_EPICARDIAL	6	1.0	11
27.37771	-16.14966	-98.87830	SAX_RV_EPICARDIAL	6	1.0	11
26.31547	-18.35920	-97.49999	SAX_RV_EPICARDIAL	6	1.0	11
25.25323	-20.56874	-96.12167	SAX_RV_EPICARDIAL	6	1.0	11
23.12875	-24.98781	-93.36505	SAX_RV_EPICARDIAL	6	1.0	11
20.90106	-24.98781	-95.08189	SAX_RV_EPICARDIAL	6	1.0	11
18.67337	-24.98782	-96.79874	SAX_RV_EPICARDIAL	6	1.0	11
16.44568	-24.98782	-98.51558	SAX_RV_EPICARDIAL	6	1.0	11
24.67051	-19.46397	-97.66925	SAX_RV_SEPTUM	6	1.0	11
23.60826	-21.67351	-96.29094	SAX_RV_SEPTUM	6	1.0	11
29.33229	-28.30211	-85.28862	SAX_LV_EPICARDIAL	6	1.0	11
27.63573	-27.19734	-87.69462	SAX_LV_EPICARDIAL	6	1.0	11
26.47028	-24.98781	-90.78978	SAX_LV_EPICARDIAL	6	1.0	11
26.41868	-22.77827	-93.02651	SAX_LV_EPICARDIAL	6	1.0	11
29.60540	-16.14966	-97.16145	SAX_LV_EPICARDIAL	6	1.0	11
30.66764	-13.94013	-98.53977	SAX_LV_EPICARDIAL	6	1.0	11
32.84373	-11.73059	-99.05966	SAX_LV_EPICARDIAL	6	1.0	11
36.13366	-9.52105	-98.72113	SAX_LV_EPICARDIAL	6	1.0	11
38.89247	-8.41628	-97.69344	SAX_LV_EPICARDIAL	6	1.0	11
41.12016	-8.41628	-95.97659	SAX_LV_EPICARDIAL	6	1.0	11
43.34785	-8.41627	-94.25975	SAX_LV_EPICARDIAL	6	1.0	11
45.57554	-8.41627	-92.54290	SAX_LV_EPICARDIAL	6	1.0	11
47.27210	-9.52104	-90.13690	SAX_LV_EPICARDIAL	6	1.0	11
48.96867	-10.62580	-87.73090	SAX_LV_EPICARDIAL	6	1.0	11
49.02027	-12.83534	-85.49416	SAX_LV_EPICARDIAL	6	1.0	11
49.07188	-15.04488	-83.25742	SAX_LV_EPICARDIAL	6	1.0	11
48.00963	-17.25441	-81.87911	SAX_LV_EPICARDIAL	6	1.0	11
46.94739	-19.46395	-80.50080	SAX_LV_EPICARDIAL	6	1.0	11
45.88515	-21.67348	-79.12248	SAX_LV_EPICARDIAL	6	1.0	11
43.70906	-23.88302	-78.60259	SAX_LV_EPICARDIAL	6	1.0	11
40.41913	-26.09256	-78.94112	SAX_LV_EPICARDIAL	6	1.0	11
37.66032	-27.19733	-79.96881	SAX_LV_EPICARDIAL	6	1.0	11
34.90151	-28.30210	-80.99650	SAX_LV_EPICARDIAL	6	1.0	11
32.67383	-28.30210	-82.71335	SAX_LV_EPICARDIAL	6	1.0	11
30.44614	-28.30211	-84.43019	SAX_LV_EPICARDIAL	6	1.0	11
35.27783	-20.56873	-88.39587	SAX_LV_ENDOCARDIAL	6	1.0	11
34.11238	-18.35919	-91.49103	SAX_LV_ENDOCARDIAL	6	1.0	11
35.17462	-16.14966	-92.86934	SAX_LV_ENDOCARDIAL	6	1.0	11
38.46455	-13.94012	-92.53081	SAX_LV_ENDOCARDIAL	6	1.0	11
40.69224	-13.94012	-90.81396	SAX_LV_ENDOCARDIAL	6	1.0	11
40.74384	-16.14965	-88.57723	SAX_LV_ENDOCARDIAL	6	1.0	11
40.79545	-18.35919	-86.34049	SAX_LV_ENDOCARDIAL	6	1.0	11
38.61936	-20.56872	-85.82060	SAX_LV_ENDOCARDIAL	6	1.0	11
36.39167	-20.56873	-87.53744	SAX_LV_ENDOCARDIAL	6	1.0	11
23.60826	-21.67351	-96.29094	RV_INSERT	6	1.0	11
24.08778	-18.35920	-99.21683	RV_INSERT	6	1.0	11
8.83038	19.49836	-29.74952	LAX_LV_ENDOCARDIAL	9	1.0	11
10.63318	17.33002	-31.14090	LAX_LV_ENDOCARDIAL	9	1.0	11
12.43597	15.16169	-32.53229	LAX_LV_ENDOCARDIAL	9	1.0	11
14.23876	12.99335	-33.92368	LAX_LV_ENDOCARDIAL	9	1.0	11
16.04155	10.82502	-35.31506	LAX_LV_ENDOCARDIAL	9	1.0	11
17.78930	8.62153	-35.30172	LAX_LV_ENDOCARDIAL	9	1.0	11
19.53704	6.41805	-35.28837	LAX_LV_ENDOCARDIAL	9	1.0	11
21.28479	4.21456	-35.27503	LAX_LV_ENDOCARDIAL	9	1.0	11
22.97749	1.97592	-33.85695	LAX_LV_ENDOCARDIAL	9	1.0	11
24.72524	-0.22757	-33.84360	LAX_LV_ENDOCARDIAL	9	1.0	11
26.52803	-2.39590	-35.23499	LAX_LV_ENDOCARDIAL	9	1.0	11
28.33082	-4.56424	-36.62638	LAX_LV_ENDOCARDIAL	9	1.0	11
30.13361	-6.73257	-38.01776	LAX_LV_ENDOCARDIAL	9	1.0	11
31.99145	-8.86576	-40.81388	LAX_LV_ENDOCARDIAL	9	1.0	11
32.10154	-8.79545	-43.62335	LAX_LV_ENDOCARDIAL	9	1.0	11
33.08550	-9.82689	-46.42614	LAX_LV_ENDOCARDIAL	9	1.0	11
33.19559	-9.75659	-49.23561	LAX_LV_ENDOCARDIAL	9	1.0	11
34.17955	-10.78803	-52.03840	LAX_LV_ENDOCARDIAL	9	1.0	11
35.16351	-11.81947	-54.84119	LAX_LV_ENDOCARDIAL	9	1.0	11
35.27360	-11.74916	-57.65066	LAX_LV_ENDOCARDIAL	9	1.0	11
36.25756	-12.78060	-60.45345	LAX_LV_ENDOCARDIAL	9	1.0	11
36.36765	-12.71030	-63.26291	LAX_LV_ENDOCARDIAL	9	1.0	11
37.35162	-13.74174	-66.06571	LAX_LV_ENDOCARDIAL	9	1.0	11
37.46170	-13.67143	-68.87517	LAX_LV_ENDOCARDIAL	9	1.0	11
38.44567	-14.70287	-71.67796	LAX_LV_ENDOCARDIAL	9	1.0	11
39.42963	-15.73431	-74.48076	LAX_LV_ENDOCARDIAL	9	1.0	11
39.53972	-15.66401	-77.29022	LAX_LV_ENDOCARDIAL	9	1.0	11
40.52368	-16.69545	-80.09301	LAX_LV_ENDOCARDIAL	9	1.0	11
40.63377	-16.62515	-82.90248	LAX_LV_ENDOCARDIAL	9	1.0	11
40.74386	-16.55484	-85.71194	LAX_LV_ENDOCARDIAL	9	1.0	11
40.85395	-16.48454	-88.52141	LAX_LV_ENDOCARDIAL	9	1.0	11
40.09016	-15.31249	-91.33755	LAX_LV_ENDOCARDIAL	9	1.0	11
38.39746	-13.07385	-92.75563	LAX_LV_ENDOCARDIAL	9	1.0	11
36.59467	-10.90552	-91.36424	LAX_LV_ENDOCARDIAL	9	1.0	11
34.79188	-8.73718	-89.97285	LAX_LV_ENDOCARDIAL	9	1.0	11
33.04413	-6.53370	-89.98620	LAX_LV_ENDOCARDIAL	9	1.0	11
31.18630	-4.40051	-87.19008	LAX_LV_ENDOCARDIAL	9	1.0	11
29.38351	-2.23218	-85.79869	LAX_LV_ENDOCARDIAL	9	1.0	11
27.58072	-0.06384	-84.40730	LAX_LV_ENDOCARDIAL	9	1.0	11
25.77792	2.10449	-83.01592	LAX_LV_ENDOCARDIAL	9	1.0	11
24.03018	4.30798	-83.02926	LAX_LV_ENDOCARDIAL	9	1.0	11
22.22739	6.47631	-81.63788	LAX_LV_ENDOCARDIAL	9	1.0	11
20.42460	8.64465	-80.24649	LAX_LV_ENDOCARDIAL	9	1.0	11
18.67685	10.84814	-80.25984	LAX_LV_ENDOCARDIAL	9	1.0	11
16.87406	13.01647	-78.86845	LAX_LV_ENDOCARDIAL	9	1.0	11
15.07127	15.18481	-77.47706	LAX_LV_ENDOCARDIAL	9	1.0	11
13.26848	17.35314	-76.08568	LAX_LV_ENDOCARDIAL	9	1.0	11
11.46568	19.52148	-74.69429	LAX_LV_ENDOCARDIAL	9	1.0	11
9.66289	21.68981	-73.30290	LAX_LV_ENDOCARDIAL	9	1.0	11
7.80506	23.82299	-70.50678	LAX_LV_ENDOCARDIAL	9	1.0	11
5.94722	25.95618	-67.71066	LAX_LV_ENDOCARDIAL	9	1.0	11
4.08939	28.08936	-64.91454	LAX_LV_ENDOCARDIAL	9	1.0	11
2.28659	30.25770	-63.52316	LAX_LV_ENDOCARDIAL	9	1.0	11
0.48380	32.42603	-62.13177	LAX_LV_ENDOCARDIAL	9	1.0	11
22.59218	1.72986	-24.02382	LAX_LV_EPICARDIAL	9	1.0	11
24.39497	-0.43848	-25.41521	LAX_LV_EPICARDIAL	9	1.0	11
26.14272	-2.64197	-25.40186	LAX_LV_EPICARDIAL	9	1.0	11
27.94551	-4.81030	-26.79325	LAX_LV_EPICARDIAL	9	1.0	11
29.74830	-6.97864	-28.18463	LAX_LV_EPICARDIAL	9	1.0	11
31.55109	-9.14697	-29.57602	LAX_LV_EPICARDIAL	9	1.0	11
33.35388	-11.31531	-30.96741	LAX_LV_EPICARDIAL	9	1.0	11
34.33784	-12.34674	-33.77020	LAX_LV_EPICARDIAL	9	1.0	11
36.19568	-14.47993	-36.56632	LAX_LV_EPICARDIAL	9	1.0	11
37.17964	-15.51137	-39.36911	LAX_LV_EPICARDIAL	9	1.0	11
38.16360	-16.54281	-42.17190	LAX_LV_EPICARDIAL	9	1.0	11
39.14757	-17.57425	-44.97470	LAX_LV_EPICARDIAL	9	1.0	11
39.25766	-17.50394	-47.78416	LAX_LV_EPICARDIAL	9	1.0	11
40.24162	-18.53538	-50.58695	LAX_LV_EPICARDIAL	9	1.0	11
40.35171	-18.46508	-53.39642	LAX_LV_EPICARDIAL	9	1.0	11
41.33567	-19.49652	-56.19921	LAX_LV_EPICARDIAL	9	1.0	11
42.31963	-20.52796	-59.00200	LAX_LV_EPICARDIAL	9	1.0	11
42.42972	-20.45765	-61.81147	LAX_LV_EPICARDIAL	9	1.0	11
43.41368	-21.48909	-64.61426	LAX_LV_EPICARDIAL	9	1.0	11
44.39765	-22.52053	-67.41705	LAX_LV_EPICARDIAL	9	1.0	11
44.50774	-22.45023	-70.22652	LAX_LV_EPICARDIAL	9	1.0	11
45.49170	-23.48167	-73.02931	LAX_LV_EPICARDIAL	9	1.0	11
45.60179	-23.41137	-75.83878	LAX_LV_EPICARDIAL	9	1.0	11
45.71188	-23.34106	-78.64824	LAX_LV_EPICARDIAL	9	1.0	11
45.82196	-23.27076	-81.45771	LAX_LV_EPICARDIAL	9	1.0	11
45.05818	-22.09871	-84.27385	LAX_LV_EPICARDIAL	9	1.0	11
45.16827	-22.02841	-87.08331	LAX_LV_EPICARDIAL	9	1.0	11
45.27836	-21.95810	-89.89278	LAX_LV_EPICARDIAL	9	1.0	11
44.51457	-20.78606	-92.70892	LAX_LV_EPICARDIAL	9	1.0	11
43.75079	-19.61401	-95.52505	LAX_LV_EPICARDIAL	9	1.0	11
42.98701	-18.44196	-98.34119	LAX_LV_EPICARDIAL	9	1.0	11
42.16818	-17.30507	-99.75260	LAX_LV_EPICARDIAL	9	1.0	11
40.47548	-15.06643	-101.17068	LAX_LV_EPICARDIAL	9	1.0	11
38.72773	-12.86294	-101.18402	LAX_LV_EPICARDIAL	9	1.0	11
36.92494	-10.69461	-99.79264	LAX_LV_EPICARDIAL	9	1.0	11
35.17719	-8.49112	-99.80598	LAX_LV_EPICARDIAL	9	1.0	11
33.37440	-6.32278	-98.41459	LAX_LV_EPICARDIAL	9	1.0	11
31.62665	-4.11930	-98.42794	LAX_LV_EPICARDIAL	9	1.0	11
29.82386	-1.95096	-97.03655	LAX_LV_EPICARDIAL	9	1.0	11
28.07612	0.25252	-97.04990	LAX_LV_EPICARDIAL	9	1.0	11
26.27333	2.42086	-95.65851	LAX_LV_EPICARDIAL	9	1.0	11
24.52558	4.62435	-95.67186	LAX_LV_EPICARDIAL	9	1.0	11
22.72279	6.79268	-94.28047	LAX_LV_EPICARDIAL	9	1.0	11
20.92000	8.96102	-92.88908	LAX_LV_EPICARDIAL	9	1.0	11
19.11721	11.12935	-91.49770	LAX_LV_EPICARDIAL	9	1.0	11
17.36946	13.33284	-91.51104	LAX_LV_EPICARDIAL	9	1.0	11
15.56667	15.50117	-90.11966	LAX_LV_EPICARDIAL	9	1.0	11
13.76388	17.66951	-88.72827	LAX_LV_EPICARDIAL	9	1.0	11
11.96109	19.83784	-87.33688	LAX_LV_EPICARDIAL	9	1.0	11
10.21334	22.04133	-87.35023	LAX_LV_EPICARDIAL	9	1.0	11
8.41055	24.20967	-85.95884	LAX_LV_EPICARDIAL	9	1.0	11
6.60776	26.37800	-84.56745	LAX_LV_EPICARDIAL	9	1.0	11
4.80497	28.54634	-83.17607	LAX_LV_EPICARDIAL	9	1.0	11
2.94713	30.67952	-80.37995	LAX_LV_EPICARDIAL	9	1.0	11
1.14434	32.84785	-78.98856	LAX_LV_EPICARDIAL	9	1.0	11
-0.65845	35.01619	-77.59717	LAX_LV_EPICARDIAL	9	1.0	11
-1.64242	36.04763	-74.79438	LAX_LV_EPICARDIAL	9	1.0	11
-3.50025	38.18081	-71.99826	LAX_LV_EPICARDIAL	9	1.0	11
-3.61034	38.11051	-69.18880	LAX_LV_EPICARDIAL	9	1.0	11
-3.72043	38.04020	-66.37933	LAX_LV_EPICARDIAL	9	1.0	11
-2.95664	36.86816	-63.56319	LAX_LV_EPICARDIAL	9	1.0	11
10.41300	17.18942	-25.52197	LAX_LV_EPICARDIAL	9	1.0	11
12.10570	14.95078	-24.10389	LAX_LV_EPICARDIAL	9	1.0	11
13.85345	12.74729	-24.09055	LAX_LV_EPICARDIAL	9	1.0	11
15.60119	10.54380	-24.07720	LAX_LV_EPICARDIAL	9	1.0	11
17.34894	8.34032	-24.06386	LAX_LV_EPICARDIAL	9	1.0	11
19.09669	6.13683	-24.05051	LAX_LV_EPICARDIAL	9	1.0	11
20.84443	3.93334	-24.03716	LAX_LV_EPICARDIAL	9	1.0	11
7.08264	21.70185	-29.76286	MITRAL_VALVE	9	1.0	11
-2.19286	35.69611	-60.74706	MITRAL_VALVE	9	1.0	11
-22.57824	-13.23886	-13.31020	LAX_RV_FREEWALL	8	1.0	1.0
-21.05327	-14.59731	-15.70118	LAX_RV_FREEWALL	8	1.0	1.0
-19.52831	-15.95576	-18.09216	LAX_RV_FREEWALL	8	1.0	1.0
-18.00334	-17.31421	-20.48314	LAX_RV_FREEWALL	8	1.0	1.0
-16.19946	-17.31421	-22.64095	LAX_RV_FREEWALL	8	1.0	1.0
-14.67449	-18.67266	-25.03193	LAX_RV_FREEWALL	8	1.0	1.0
-13.14952	-20.03111	-27.42291	LAX_RV_FREEWALL	8	1.0	1.0
-11.62455	-21.38956	-29.81389	LAX_RV_FREEWALL	8	1.0	1.0
-9.82067	-21.38956	-31.97171	LAX_RV_FREEWALL	8	1.0	1.0
-8.29570	-22.74801	-34.36269	LAX_RV_FREEWALL	8	1.0	1.0
-6.49182	-22.74802	-36.52050	LAX_RV_FREEWALL	8	1.0	1.0
-4.68794	-22.74802	-38.67832	LAX_RV_FREEWALL	8	1.0	1.0
-2.88406	-22.74802	-40.83614	LAX_RV_FREEWALL	8	1.0	1.0
-1.08018	-22.74802	-42.99396	LAX_RV_FREEWALL	8	1.0	1.0
0.72370	-22.74802	-45.15178	LAX_RV_FREEWALL	8	1.0	1.0
2.52759	-22.74802	-47.30959	LAX_RV_FREEWALL	8	1.0	1.0
4.05255	-24.10647	-49.70057	LAX_RV_FREEWALL	8	1.0	1.0
5.85644	-24.10648	-51.85839	LAX_RV_FREEWALL	8	1.0	1.0
7.66032	-24.10648	-54.01621	LAX_RV_FREEWALL	8	1.0	1.0
9.74311	-22.74803	-55.94086	LAX_RV_FREEWALL	8	1.0	1.0
-10.29519	-10.52197	-26.86969	LAX_RV_FREEWALL	8	1.0	1.0
-12.09907	-10.52197	-24.71187	LAX_RV_FREEWALL	8	1.0	1.0
-13.90295	-10.52197	-22.55405	LAX_RV_FREEWALL	8	1.0	1.0
-15.70683	-10.52197	-20.39623	LAX_RV_FREEWALL	8	1.0	1.0
-17.23180	-9.16351	-18.00526	LAX_RV_FREEWALL	8	1.0	1.0
-19.03568	-9.16351	-15.84744	LAX_RV_FREEWALL	8	1.0	1.0
-21.11848	-10.52196	-13.92278	LAX_RV_FREEWALL	8	1.0	1.0
-24.93995	-15.95575	-11.61870	LAX_RV_EPICARDIAL	8	1.0	1.0
-23.69389	-18.67265	-14.24284	LAX_RV_EPICARDIAL	8	1.0	1.0
-21.89001	-18.67265	-16.40066	LAX_RV_EPICARDIAL	8	1.0	1.0
-20.36504	-20.03110	-18.79164	LAX_RV_EPICARDIAL	8	1.0	1.0
-18.56116	-20.03111	-20.94946	LAX_RV_EPICARDIAL	8	1.0	1.0
-17.03619	-21.38956	-23.34044	LAX_RV_EPICARDIAL	8	1.0	1.0
-15.51123	-22.74801	-25.73142	LAX_RV_EPICARDIAL	8	1.0	1.0
-13.98626	-24.10646	-28.12240	LAX_RV_EPICARDIAL	8	1.0	1.0
-12.46129	-25.46491	-30.51338	LAX_RV_EPICARDIAL	8	1.0	1.0
-10.65741	-25.46491	-32.67119	LAX_RV_EPICARDIAL	8	1.0	1.0
-8.85353	-25.46491	-34.82901	LAX_RV_EPICARDIAL	8	1.0	1.0
-7.32856	-26.82336	-37.21999	LAX_RV_EPICARDIAL	8	1.0	1.0
-5.52468	-26.82336	-39.37781	LAX_RV_EPICARDIAL	8	1.0	1.0
-3.72080	-26.82336	-41.53563	LAX_RV_EPICARDIAL	8	1.0	1.0
-1.63800	-25.46492	-43.46028	LAX_RV_EPICARDIAL	8	1.0	1.0
0.16588	-25.46492	-45.61810	LAX_RV_EPICARDIAL	8	1.0	1.0
1.96976	-25.46492	-47.77592	LAX_RV_EPICARDIAL	8	1.0	1.0
3.77364	-25.46492	-49.93373	LAX_RV_EPICARDIAL	8	1.0	1.0
5.57752	-25.46492	-52.09155	LAX_RV_EPICARDIAL	8	1.0	1.0
7.38140	-25.46493	-54.24937	LAX_RV_EPICARDIAL	8	1.0	1.0
9.18529	-25.46493	-56.40719	LAX_RV_EPICARDIAL	8	1.0	1.0
11.26808	-24.10648	-58.33184	LAX_RV_EPICARDIAL	8	1.0	1.0
-7.31045	-9.16352	-29.87325	LAX_RV_EPICARDIAL	8	1.0	1.0
-7.65457	-6.44663	-28.32802	LAX_RV_EPICARDIAL	8	1.0	1.0
-9.45845	-6.44662	-26.17020	LAX_RV_EPICARDIAL	8	1.0	1.0
-11.54124	-7.80507	-24.24555	LAX_RV_EPICARDIAL	8	1.0	1.0
-13.34513	-7.80507	-22.08773	LAX_RV_EPICARDIAL	8	1.0	1.0
-15.14901	-7.80507	-19.92991	LAX_RV_EPICARDIAL	8	1.0	1.0
-16.95289	-7.80507	-17.77209	LAX_RV_EPICARDIAL	8	1.0	1.0
-18.75677	-7.80506	-15.61428	LAX_RV_EPICARDIAL	8	1.0	1.0
-20.56065	-7.80506	-13.45646	LAX_RV_EPICARDIAL	8	1.0	1.0
-22.92236	-10.52196	-11.76496	LAX_RV_EPICARDIAL	8	1.0	1.0
-24.38212	-13.23885	-11.15238	LAX_RV_EPICARDIAL	8	1.0	1.0
9.39900	-20.03113	-54.39563	LAX_RV_SEPTUM	8	1.0	1.0
7.87403	-18.67268	-52.00465	LAX_RV_SEPTUM	8	1.0	1.0
6.07015	-18.67268	-49.84683	LAX_RV_SEPTUM	8	1.0	1.0
4.54518	-17.31423	-47.45585	LAX_RV_SEPTUM	8	1.0	1.0
3.02021	-15.95578	-45.06487	LAX_RV_SEPTUM	8	1.0	1.0
1.49524	-14.59733	-42.67390	LAX_RV_SEPTUM	8	1.0	1.0
-0.02973	-13.23888	-40.28292	LAX_RV_SEPTUM	8	1.0	1.0
-1.55470	-11.88043	-37.89194	LAX_RV_SEPTUM	8	1.0	1.0
-3.35858	-11.88043	-35.73412	LAX_RV_SEPTUM	8	1.0	1.0
-4.88355	-10.52198	-33.34314	LAX_RV_SEPTUM	8	1.0	1.0
-6.40851	-9.16352	-30.95216	LAX_RV_SEPTUM	8	1.0	1.0
-8.21240	-9.16352	-28.79434	LAX_RV_SEPTUM	8	1.0	1.0
11.82591	-21.38958	-57.86552	LAX_LV_EPICARDIAL	8	1.0	1.0
13.35087	-22.74803	-60.25650	LAX_LV_EPICARDIAL	8	1.0	1.0
14.87584	-24.10648	-62.64748	LAX_LV_EPICARDIAL	8	1.0	1.0
16.67972	-24.10649	-64.80529	LAX_LV_EPICARDIAL	8	1.0	1.0
18.48360	-24.10649	-66.96311	LAX_LV_EPICARDIAL	8	1.0	1.0
20.00857	-25.46494	-69.35409	LAX_LV_EPICARDIAL	8	1.0	1.0
21.81245	-25.46494	-71.51191	LAX_LV_EPICARDIAL	8	1.0	1.0
23.33742	-26.82339	-73.90289	LAX_LV_EPICARDIAL	8	1.0	1.0
25.14130	-26.82339	-76.06071	LAX_LV_EPICARDIAL	8	1.0	1.0
26.94519	-26.82339	-78.21852	LAX_LV_EPICARDIAL	8	1.0	1.0
28.47015	-28.18184	-80.60950	LAX_LV_EPICARDIAL	8	1.0	1.0
30.55295	-26.82340	-82.53416	LAX_LV_EPICARDIAL	8	1.0	1.0
32.35683	-26.82340	-84.69198	LAX_LV_EPICARDIAL	8	1.0	1.0
34.16071	-26.82340	-86.84979	LAX_LV_EPICARDIAL	8	1.0	1.0
35.96459	-26.82340	-89.00761	LAX_LV_EPICARDIAL	8	1.0	1.0
38.04739	-25.46496	-90.93227	LAX_LV_EPICARDIAL	8	1.0	1.0
40.13018	-24.10651	-92.85692	LAX_LV_EPICARDIAL	8	1.0	1.0
42.49189	-21.38961	-94.54842	LAX_LV_EPICARDIAL	8	1.0	1.0
43.95165	-18.67272	-95.16100	LAX_LV_EPICARDIAL	8	1.0	1.0
45.41142	-15.95582	-95.77359	LAX_LV_EPICARDIAL	8	1.0	1.0
46.87119	-13.23892	-96.38617	LAX_LV_EPICARDIAL	8	1.0	1.0
46.52707	-10.52203	-94.84094	LAX_LV_EPICARDIAL	8	1.0	1.0
47.08490	-7.80513	-94.37461	LAX_LV_EPICARDIAL	8	1.0	1.0
46.74078	-5.08823	-92.82938	LAX_LV_EPICARDIAL	8	1.0	1.0
45.49473	-2.37133	-90.20524	LAX_LV_EPICARDIAL	8	1.0	1.0
45.15061	0.34557	-88.66001	LAX_LV_EPICARDIAL	8	1.0	1.0
44.80650	3.06247	-87.11478	LAX_LV_EPICARDIAL	8	1.0	1.0
44.46238	5.77937	-85.56954	LAX_LV_EPICARDIAL	8	1.0	1.0
44.11827	8.49626	-84.02431	LAX_LV_EPICARDIAL	8	1.0	1.0
43.77415	11.21316	-82.47908	LAX_LV_EPICARDIAL	8	1.0	1.0
43.43004	13.93006	-80.93385	LAX_LV_EPICARDIAL	8	1.0	1.0
43.08592	16.64696	-79.38861	LAX_LV_EPICARDIAL	8	1.0	1.0
42.74181	19.36386	-77.84338	LAX_LV_EPICARDIAL	8	1.0	1.0
42.39769	22.08076	-76.29815	LAX_LV_EPICARDIAL	8	1.0	1.0
41.15163	24.79765	-73.67401	LAX_LV_EPICARDIAL	8	1.0	1.0
40.80752	27.51455	-72.12877	LAX_LV_EPICARDIAL	8	1.0	1.0
40.46340	30.23145	-70.58354	LAX_LV_EPICARDIAL	8	1.0	1.0
39.21735	32.94835	-67.95940	LAX_LV_EPICARDIAL	8	1.0	1.0
38.87323	35.66525	-66.41417	LAX_LV_EPICARDIAL	8	1.0	1.0
37.34827	37.02370	-64.02319	LAX_LV_EPICARDIAL	8	1.0	1.0
36.10221	39.74060	-61.39905	LAX_LV_EPICARDIAL	8	1.0	1.0
34.57724	41.09905	-59.00807	LAX_LV_EPICARDIAL	8	1.0	1.0
33.33119	43.81595	-56.38393	LAX_LV_EPICARDIAL	8	1.0	1.0
31.52730	43.81595	-54.22611	LAX_LV_EPICARDIAL	8	1.0	1.0
30.00234	45.17440	-51.83513	LAX_LV_EPICARDIAL	8	1.0	1.0
28.47737	46.53285	-49.44415	LAX_LV_EPICARDIAL	8	1.0	1.0
26.67349	46.53285	-47.28633	LAX_LV_EPICARDIAL	8	1.0	1.0
24.86961	46.53285	-45.12852	LAX_LV_EPICARDIAL	8	1.0	1.0
23.06572	46.53286	-42.97070	LAX_LV_EPICARDIAL	8	1.0	1.0
-4.45612	0.34562	-29.32003	LAX_LV_ENDOCARDIAL	8	1.0	1.0
-2.37333	1.70406	-31.24468	LAX_LV_ENDOCARDIAL	8	1.0	1.0
-0.29054	3.06251	-33.16934	LAX_LV_ENDOCARDIAL	8	1.0	1.0
1.79226	4.42096	-35.09399	LAX_LV_ENDOCARDIAL	8	1.0	1.0
3.59614	4.42096	-37.25181	LAX_LV_ENDOCARDIAL	8	1.0	1.0
5.12111	3.06251	-39.64279	LAX_LV_ENDOCARDIAL	8	1.0	1.0
6.64608	1.70405	-42.03377	LAX_LV_ENDOCARDIAL	8	1.0	1.0
8.17104	0.34560	-44.42475	LAX_LV_ENDOCARDIAL	8	1.0	1.0
9.41710	-2.37130	-47.04889	LAX_LV_ENDOCARDIAL	8	1.0	1.0
10.94207	-3.72975	-49.43987	LAX_LV_ENDOCARDIAL	8	1.0	1.0
12.18812	-6.44664	-52.06401	LAX_LV_ENDOCARDIAL	8	1.0	1.0
13.71309	-7.80510	-54.45499	LAX_LV_ENDOCARDIAL	8	1.0	1.0
15.23806	-9.16355	-56.84597	LAX_LV_ENDOCARDIAL	8	1.0	1.0
16.76303	-10.52200	-59.23695	LAX_LV_ENDOCARDIAL	8	1.0	1.0
18.28800	-11.88045	-61.62793	LAX_LV_ENDOCARDIAL	8	1.0	1.0
20.09188	-11.88045	-63.78575	LAX_LV_ENDOCARDIAL	8	1.0	1.0
21.61685	-13.23890	-66.17673	LAX_LV_ENDOCARDIAL	8	1.0	1.0
23.42073	-13.23890	-68.33454	LAX_LV_ENDOCARDIAL	8	1.0	1.0
24.94570	-14.59735	-70.72552	LAX_LV_ENDOCARDIAL	8	1.0	1.0
26.47067	-15.95580	-73.11650	LAX_LV_ENDOCARDIAL	8	1.0	1.0
27.99563	-17.31425	-75.50748	LAX_LV_ENDOCARDIAL	8	1.0	1.0
29.79952	-17.31425	-77.66530	LAX_LV_ENDOCARDIAL	8	1.0	1.0
31.60340	-17.31426	-79.82312	LAX_LV_ENDOCARDIAL	8	1.0	1.0
33.12837	-18.67271	-82.21410	LAX_LV_ENDOCARDIAL	8	1.0	1.0
34.93225	-18.67271	-84.37191	LAX_LV_ENDOCARDIAL	8	1.0	1.0
36.73613	-18.67271	-86.52973	LAX_LV_ENDOCARDIAL	8	1.0	1.0
38.54001	-18.67271	-88.68755	LAX_LV_ENDOCARDIAL	8	1.0	1.0
40.62280	-17.31426	-90.61220	LAX_LV_ENDOCARDIAL	8	1.0	1.0
41.18063	-14.59737	-90.14588	LAX_LV_ENDOCARDIAL	8	1.0	1.0
40.83651	-11.88047	-88.60065	LAX_LV_ENDOCARDIAL	8	1.0	1.0
39.31155	-10.52202	-86.20967	LAX_LV_ENDOCARDIAL	8	1.0	1.0
38.06549	-7.80512	-83.58553	LAX_LV_ENDOCARDIAL	8	1.0	1.0
37.72137	-5.08822	-82.04029	LAX_LV_ENDOCARDIAL	8	1.0	1.0
36.47532	-2.37132	-79.41615	LAX_LV_ENDOCARDIAL	8	1.0	1.0
36.13120	0.34558	-77.87092	LAX_LV_ENDOCARDIAL	8	1.0	1.0
34.88515	3.06248	-75.24678	LAX_LV_ENDOCARDIAL	8	1.0	1.0
33.63909	5.77938	-72.62264	LAX_LV_ENDOCARDIAL	8	1.0	1.0
32.39304	8.49627	-69.99850	LAX_LV_ENDOCARDIAL	8	1.0	1.0
32.04892	11.21317	-68.45326	LAX_LV_ENDOCARDIAL	8	1.0	1.0
30.52395	12.57162	-66.06229	LAX_LV_ENDOCARDIAL	8	1.0	1.0
30.17984	15.28852	-64.51705	LAX_LV_ENDOCARDIAL	8	1.0	1.0
29.83572	18.00542	-62.97182	LAX_LV_ENDOCARDIAL	8	1.0	1.0
30.39355	20.72232	-62.50550	LAX_LV_ENDOCARDIAL	8	1.0	1.0
29.14749	23.43922	-59.88136	LAX_LV_ENDOCARDIAL	8	1.0	1.0
27.90144	26.15612	-57.25721	LAX_LV_ENDOCARDIAL	8	1.0	1.0
26.65538	28.87302	-54.63307	LAX_LV_ENDOCARDIAL	8	1.0	1.0
25.13041	30.23147	-52.24209	LAX_LV_ENDOCARDIAL	8	1.0	1.0
23.88436	32.94837	-49.61795	LAX_LV_ENDOCARDIAL	8	1.0	1.0
22.35939	34.30682	-47.22697	LAX_LV_ENDOCARDIAL	8	1.0	1.0
20.83442	35.66527	-44.83599	LAX_LV_ENDOCARDIAL	8	1.0	1.0
-24.93995	-15.95575	-11.61870	LAX_RV_EPICARDIAL	8	1.0	1.0
-23.69389	-18.67265	-14.24284	LAX_RV_EPICARDIAL	8	1.0	1.0
-21.89001	-18.67265	-16.40066	LAX_RV_EPICARDIAL	8	1.0	1.0
-20.36504	-20.03110	-18.79164	LAX_RV_EPICARDIAL	8	1.0	1.0
-18.56116	-20.03111	-20.94946	LAX_RV_EPICARDIAL	8	1.0	1.0
-17.03619	-21.38956	-23.34044	LAX_RV_EPICARDIAL	8	1.0	1.0
-15.51123	-22.74801	-25.73142	LAX_RV_EPICARDIAL	8	1.0	1.0
-13.98626	-24.10646	-28.12240	LAX_RV_EPICARDIAL	8	1.0	1.0
-12.46129	-25.46491	-30.51338	LAX_RV_EPICARDIAL	8	1.0	1.0
-10.65741	-25.46491	-32.67119	LAX_RV_EPICARDIAL	8	1.0	1.0
-8.85353	-25.46491	-34.82901	LAX_RV_EPICARDIAL	8	1.0	1.0
-7.32856	-26.82336	-37.21999	LAX_RV_EPICARDIAL	8	1.0	1.0
-5.52468	-26.82336	-39.37781	LAX_RV_EPICARDIAL	8	1.0	1.0
-3.72080	-26.82336	-41.53563	LAX_RV_EPICARDIAL	8	1.0	1.0
-1.63800	-25.46492	-43.46028	LAX_RV_EPICARDIAL	8	1.0	1.0
0.16588	-25.46492	-45.61810	LAX_RV_EPICARDIAL	8	1.0	1.0
1.96976	-25.46492	-47.77592	LAX_RV_EPICARDIAL	8	1.0	1.0
3.77364	-25.46492	-49.93373	LAX_RV_EPICARDIAL	8	1.0	1.0
5.57752	-25.46492	-52.09155	LAX_RV_EPICARDIAL	8	1.0	1.0
7.38140	-25.46493	-54.24937	LAX_RV_EPICARDIAL	8	1.0	1.0
9.18529	-25.46493	-56.40719	LAX_RV_EPICARDIAL	8	1.0	1.0
11.26808	-24.10648	-58.33184	LAX_RV_EPICARDIAL	8	1.0	1.0
-7.31045	-9.16352	-29.87325	LAX_RV_EPICARDIAL	8	1.0	1.0
-7.65457	-6.44663	-28.32802	LAX_RV_EPICARDIAL	8	1.0	1.0
-9.45845	-6.44662	-26.17020	LAX_RV_EPICARDIAL	8	1.0	1.0
-11.54124	-7.80507	-24.24555	LAX_RV_EPICARDIAL	8	1.0	1.0
-13.34513	-7.80507	-22.08773	LAX_RV_EPICARDIAL	8	1.0	1.0
-15.14901	-7.80507	-19.92991	LAX_RV_EPICARDIAL	8	1.0	1.0
-16.95289	-7.80507	-17.77209	LAX_RV_EPICARDIAL	8	1.0	1.0
-18.75677	-7.80506	-15.61428	LAX_RV_EPICARDIAL	8	1.0	1.0
-20.56065	-7.80506	-13.45646	LAX_RV_EPICARDIAL	8	1.0	1.0
-22.92236	-10.52196	-11.76496	LAX_RV_EPICARDIAL	8	1.0	1.0
-24.38212	-13.23885	-11.15238	LAX_RV_EPICARDIAL	8	1.0	1.0
18.96534	39.74062	-40.89978	MITRAL_VALVE	8	1.0	1.0
-1.17437	20.72235	-24.74369	MITRAL_VALVE	8	1.0	1.0
-6.53892	-1.01283	-27.39537	AORTA_VALVE	8	1.0	1.0
-4.43802	18.00545	-21.97329	AORTA_VALVE	8	1.0	1.0
-45.52138	-0.91494	-79.02876	LAX_RV_FREEWALL	7	1.0	11
-46.69965	-2.51623	-81.46499	LAX_RV_FREEWALL	7	1.0	11
-46.47814	-4.11752	-83.76650	LAX_RV_FREEWALL	7	1.0	11
-46.25663	-5.71881	-86.06802	LAX_RV_FREEWALL	7	1.0	11
-43.23555	-7.32011	-88.10008	LAX_RV_FREEWALL	7	1.0	11
-41.72501	-8.12075	-89.11611	LAX_RV_FREEWALL	7	1.0	11
-40.10372	-9.72204	-91.28289	LAX_RV_FREEWALL	7	1.0	11
-37.30416	-9.72204	-91.01345	LAX_RV_FREEWALL	7	1.0	11
-34.28308	-11.32334	-93.04551	LAX_RV_FREEWALL	7	1.0	11
-31.37276	-12.12398	-93.92681	LAX_RV_FREEWALL	7	1.0	11
-28.57320	-12.12398	-93.65736	LAX_RV_FREEWALL	7	1.0	11
-25.55212	-13.72528	-95.68943	LAX_RV_FREEWALL	7	1.0	11
-22.64180	-14.52592	-96.57073	LAX_RV_FREEWALL	7	1.0	11
-19.73148	-15.32657	-97.45204	LAX_RV_FREEWALL	7	1.0	11
-16.82117	-16.12721	-98.33334	LAX_RV_FREEWALL	7	1.0	11
-13.91085	-16.92786	-99.21465	LAX_RV_FREEWALL	7	1.0	11
-11.00053	-17.72851	-100.09596	LAX_RV_FREEWALL	7	1.0	11
-8.09021	-18.52915	-100.97726	LAX_RV_FREEWALL	7	1.0	11
-5.17989	-19.32980	-101.85857	LAX_RV_FREEWALL	7	1.0	11
-2.38033	-19.32980	-101.58912	LAX_RV_FREEWALL	7	1.0	11
0.52999	-20.13045	-102.47043	LAX_RV_FREEWALL	7	1.0	11
3.32955	-20.13045	-102.20098	LAX_RV_FREEWALL	7	1.0	11
6.23987	-20.93109	-103.08228	LAX_RV_FREEWALL	7	1.0	11
9.03944	-20.93110	-102.81283	LAX_RV_FREEWALL	7	1.0	11
11.83900	-20.93110	-102.54338	LAX_RV_FREEWALL	7	1.0	11
14.74932	-21.73174	-103.42469	LAX_RV_FREEWALL	7	1.0	11
17.54888	-21.73174	-103.15524	LAX_RV_FREEWALL	7	1.0	11
20.34844	-21.73174	-102.88579	LAX_RV_FREEWALL	7	1.0	11
23.03725	-20.93110	-101.46559	LAX_RV_FREEWALL	7	1.0	11
-47.14268	0.68635	-76.86197	LAX_RV_EPICARDIAL	7	1.0	11
-49.83148	-0.11429	-78.28218	LAX_RV_EPICARDIAL	7	1.0	11
-51.00975	-1.71558	-80.71841	LAX_RV_EPICARDIAL	7	1.0	11
-53.58780	-3.31687	-83.28937	LAX_RV_EPICARDIAL	7	1.0	11
-51.96651	-4.91817	-85.45616	LAX_RV_EPICARDIAL	7	1.0	11
-51.74499	-6.51946	-87.75767	LAX_RV_EPICARDIAL	7	1.0	11
-51.52348	-8.12075	-90.05918	LAX_RV_EPICARDIAL	7	1.0	11
-49.90219	-9.72204	-92.22597	LAX_RV_EPICARDIAL	7	1.0	11
-46.88111	-11.32333	-94.25803	LAX_RV_EPICARDIAL	7	1.0	11
-43.97079	-12.12398	-95.13933	LAX_RV_EPICARDIAL	7	1.0	11
-41.06047	-12.92463	-96.02064	LAX_RV_EPICARDIAL	7	1.0	11
-38.26091	-12.92463	-95.75119	LAX_RV_EPICARDIAL	7	1.0	11
-35.35059	-13.72527	-96.63250	LAX_RV_EPICARDIAL	7	1.0	11
-32.44027	-14.52592	-97.51380	LAX_RV_EPICARDIAL	7	1.0	11
-29.52995	-15.32657	-98.39511	LAX_RV_EPICARDIAL	7	1.0	11
-26.61963	-16.12721	-99.27642	LAX_RV_EPICARDIAL	7	1.0	11
-23.70932	-16.92786	-100.15772	LAX_RV_EPICARDIAL	7	1.0	11
-20.79900	-17.72850	-101.03903	LAX_RV_EPICARDIAL	7	1.0	11
-17.88868	-18.52915	-101.92033	LAX_RV_EPICARDIAL	7	1.0	11
-14.97836	-19.32980	-102.80164	LAX_RV_EPICARDIAL	7	1.0	11
-12.06804	-20.13044	-103.68295	LAX_RV_EPICARDIAL	7	1.0	11
-9.15772	-20.93109	-104.56425	LAX_RV_EPICARDIAL	7	1.0	11
-6.24740	-21.73174	-105.44556	LAX_RV_EPICARDIAL	7	1.0	11
-3.33708	-22.53238	-106.32687	LAX_RV_EPICARDIAL	7	1.0	11
-0.53752	-22.53238	-106.05742	LAX_RV_EPICARDIAL	7	1.0	11
2.26204	-22.53239	-105.78797	LAX_RV_EPICARDIAL	7	1.0	11
5.06161	-22.53239	-105.51852	LAX_RV_EPICARDIAL	7	1.0	11
7.86117	-22.53239	-105.24907	LAX_RV_EPICARDIAL	7	1.0	11
10.66073	-22.53239	-104.97962	LAX_RV_EPICARDIAL	7	1.0	11
13.57105	-23.33303	-105.86093	LAX_RV_EPICARDIAL	7	1.0	11
16.37061	-23.33303	-105.59148	LAX_RV_EPICARDIAL	7	1.0	11
19.17017	-23.33304	-105.32203	LAX_RV_EPICARDIAL	7	1.0	11
21.96974	-23.33304	-105.05258	LAX_RV_EPICARDIAL	7	1.0	11
24.65854	-22.53239	-103.63237	LAX_RV_EPICARDIAL	7	1.0	11
25.94757	-21.73175	-102.34689	LAX_RV_EPICARDIAL	7	1.0	11
28.63637	-20.93110	-100.92669	LAX_RV_EPICARDIAL	7	1.0	11
25.61530	-19.32981	-98.89463	LAX_RV_SEPTUM	7	1.0	11
22.70498	-18.52916	-98.01332	LAX_RV_SEPTUM	7	1.0	11
19.79466	-17.72852	-97.13201	LAX_RV_SEPTUM	7	1.0	11
16.77358	-16.12722	-95.09995	LAX_RV_SEPTUM	7	1.0	11
13.75251	-14.52593	-93.06789	LAX_RV_SEPTUM	7	1.0	11
10.73143	-12.92464	-91.03583	LAX_RV_SEPTUM	7	1.0	11
7.71036	-11.32335	-89.00377	LAX_RV_SEPTUM	7	1.0	11
4.68928	-9.72206	-86.97171	LAX_RV_SEPTUM	7	1.0	11
1.66821	-8.12076	-84.93964	LAX_RV_SEPTUM	7	1.0	11
0.04691	-6.51947	-82.77286	LAX_RV_SEPTUM	7	1.0	11
-1.57438	-4.91818	-80.60607	LAX_RV_SEPTUM	7	1.0	11
-4.59546	-3.31689	-78.57401	LAX_RV_SEPTUM	7	1.0	11
-6.21675	-1.71560	-76.40722	LAX_RV_SEPTUM	7	1.0	11
-7.83805	-0.11431	-74.24044	LAX_RV_SEPTUM	7	1.0	11
-9.45934	1.48699	-72.07365	LAX_RV_SEPTUM	7	1.0	11
-11.08064	3.08828	-69.90686	LAX_RV_SEPTUM	7	1.0	11
-12.70193	4.68957	-67.74008	LAX_RV_SEPTUM	7	1.0	11
-14.32322	6.29086	-65.57329	LAX_RV_SEPTUM	7	1.0	11
-15.94452	7.89215	-63.40651	LAX_RV_SEPTUM	7	1.0	11
-17.56581	9.49344	-61.23972	LAX_RV_SEPTUM	7	1.0	11
-19.18711	11.09474	-59.07293	LAX_RV_SEPTUM	7	1.0	11
-17.60587	19.90184	-46.14517	LAX_LV_EPICARDIAL	7	1.0	11
-18.78413	18.30055	-48.58141	LAX_LV_EPICARDIAL	7	1.0	11
-18.56262	16.69925	-50.88292	LAX_LV_EPICARDIAL	7	1.0	11
-18.34111	15.09796	-53.18443	LAX_LV_EPICARDIAL	7	1.0	11
-18.11959	13.49667	-55.48594	LAX_LV_EPICARDIAL	7	1.0	11
28.41486	-19.32981	-98.62518	LAX_LV_EPICARDIAL	7	1.0	11
31.32518	-20.13046	-99.50648	LAX_LV_EPICARDIAL	7	1.0	11
34.12474	-20.13046	-99.23703	LAX_LV_EPICARDIAL	7	1.0	11
36.92430	-20.13046	-98.96758	LAX_LV_EPICARDIAL	7	1.0	11
39.61311	-19.32981	-97.54738	LAX_LV_EPICARDIAL	7	1.0	11
42.41267	-19.32981	-97.27793	LAX_LV_EPICARDIAL	7	1.0	11
44.99072	-17.72852	-94.70697	LAX_LV_EPICARDIAL	7	1.0	11
47.56877	-16.12723	-92.13601	LAX_LV_EPICARDIAL	7	1.0	11
48.74704	-14.52594	-89.69977	LAX_LV_EPICARDIAL	7	1.0	11
49.92531	-12.92465	-87.26354	LAX_LV_EPICARDIAL	7	1.0	11
51.10358	-11.32336	-84.82730	LAX_LV_EPICARDIAL	7	1.0	11
50.88206	-9.72207	-82.52579	LAX_LV_EPICARDIAL	7	1.0	11
52.06033	-8.12078	-80.08956	LAX_LV_EPICARDIAL	7	1.0	11
53.23860	-6.51949	-77.65332	LAX_LV_EPICARDIAL	7	1.0	11
53.01709	-4.91820	-75.35181	LAX_LV_EPICARDIAL	7	1.0	11
54.19535	-3.31691	-72.91557	LAX_LV_EPICARDIAL	7	1.0	11
53.97384	-1.71561	-70.61406	LAX_LV_EPICARDIAL	7	1.0	11
55.15211	-0.11432	-68.17783	LAX_LV_EPICARDIAL	7	1.0	11
54.93060	1.48697	-65.87632	LAX_LV_EPICARDIAL	7	1.0	11
54.70908	3.08826	-63.57481	LAX_LV_EPICARDIAL	7	1.0	11
54.48757	4.68955	-61.27329	LAX_LV_EPICARDIAL	7	1.0	11
54.26606	6.29084	-58.97178	LAX_LV_EPICARDIAL	7	1.0	11
52.64476	7.89213	-56.80500	LAX_LV_EPICARDIAL	7	1.0	11
52.42325	9.49342	-54.50349	LAX_LV_EPICARDIAL	7	1.0	11
52.20174	11.09472	-52.20198	LAX_LV_EPICARDIAL	7	1.0	11
50.58044	12.69601	-50.03519	LAX_LV_EPICARDIAL	7	1.0	11
50.35893	14.29730	-47.73368	LAX_LV_EPICARDIAL	7	1.0	11
48.73764	15.89859	-45.56689	LAX_LV_EPICARDIAL	7	1.0	11
47.11634	17.49988	-43.40011	LAX_LV_EPICARDIAL	7	1.0	11
46.89483	19.10117	-41.09859	LAX_LV_EPICARDIAL	7	1.0	11
45.27353	20.70246	-38.93181	LAX_LV_EPICARDIAL	7	1.0	11
43.65224	22.30376	-36.76502	LAX_LV_EPICARDIAL	7	1.0	11
42.03095	23.90505	-34.59824	LAX_LV_EPICARDIAL	7	1.0	11
39.00987	25.50634	-32.56617	LAX_LV_EPICARDIAL	7	1.0	11
37.38858	27.10763	-30.39939	LAX_LV_EPICARDIAL	7	1.0	11
34.47826	27.90828	-29.51808	LAX_LV_EPICARDIAL	7	1.0	11
31.56794	28.70892	-28.63678	LAX_LV_EPICARDIAL	7	1.0	11
28.65762	29.50957	-27.75547	LAX_LV_EPICARDIAL	7	1.0	11
25.85806	29.50957	-28.02492	LAX_LV_EPICARDIAL	7	1.0	11
-16.20608	19.90184	-46.01045	LAX_LV_ENDOCARDIAL	7	1.0	11
-14.58479	18.30055	-48.17724	LAX_LV_ENDOCARDIAL	7	1.0	11
-14.36328	16.69925	-50.47875	LAX_LV_ENDOCARDIAL	7	1.0	11
-12.74198	15.09796	-52.64553	LAX_LV_ENDOCARDIAL	7	1.0	11
-9.72091	13.49667	-54.67759	LAX_LV_ENDOCARDIAL	7	1.0	11
-6.69983	11.89538	-56.70966	LAX_LV_ENDOCARDIAL	7	1.0	11
-5.07854	10.29409	-58.87644	LAX_LV_ENDOCARDIAL	7	1.0	11
-2.05746	8.69279	-60.90850	LAX_LV_ENDOCARDIAL	7	1.0	11
-0.43617	7.09150	-63.07529	LAX_LV_ENDOCARDIAL	7	1.0	11
1.18513	5.49021	-65.24208	LAX_LV_ENDOCARDIAL	7	1.0	11
4.20620	3.88892	-67.27414	LAX_LV_ENDOCARDIAL	7	1.0	11
5.82750	2.28763	-69.44092	LAX_LV_ENDOCARDIAL	7	1.0	11
7.44879	0.68634	-71.60771	LAX_LV_ENDOCARDIAL	7	1.0	11
9.07009	-0.91496	-73.77450	LAX_LV_ENDOCARDIAL	7	1.0	11
10.69138	-2.51625	-75.94128	LAX_LV_ENDOCARDIAL	7	1.0	11
12.31267	-4.11754	-78.10807	LAX_LV_ENDOCARDIAL	7	1.0	11
15.33375	-5.71883	-80.14013	LAX_LV_ENDOCARDIAL	7	1.0	11
18.35482	-7.32012	-82.17219	LAX_LV_ENDOCARDIAL	7	1.0	11
21.37590	-8.92142	-84.20425	LAX_LV_ENDOCARDIAL	7	1.0	11
24.39698	-10.52271	-86.23632	LAX_LV_ENDOCARDIAL	7	1.0	11
27.41805	-12.12400	-88.26838	LAX_LV_ENDOCARDIAL	7	1.0	11
30.43913	-13.72529	-90.30044	LAX_LV_ENDOCARDIAL	7	1.0	11
33.34945	-14.52594	-91.18174	LAX_LV_ENDOCARDIAL	7	1.0	11
36.25977	-15.32658	-92.06305	LAX_LV_ENDOCARDIAL	7	1.0	11
39.05933	-15.32659	-91.79360	LAX_LV_ENDOCARDIAL	7	1.0	11
40.23760	-13.72529	-89.35737	LAX_LV_ENDOCARDIAL	7	1.0	11
40.01608	-12.12400	-87.05586	LAX_LV_ENDOCARDIAL	7	1.0	11
41.19435	-10.52271	-84.61962	LAX_LV_ENDOCARDIAL	7	1.0	11
40.97284	-8.92142	-82.31811	LAX_LV_ENDOCARDIAL	7	1.0	11
40.75132	-7.32013	-80.01660	LAX_LV_ENDOCARDIAL	7	1.0	11
41.92959	-5.71884	-77.58036	LAX_LV_ENDOCARDIAL	7	1.0	11
41.70808	-4.11755	-75.27885	LAX_LV_ENDOCARDIAL	7	1.0	11
41.48657	-2.51626	-72.97734	LAX_LV_ENDOCARDIAL	7	1.0	11
41.26505	-0.91496	-70.67583	LAX_LV_ENDOCARDIAL	7	1.0	11
42.44332	0.68633	-68.23959	LAX_LV_ENDOCARDIAL	7	1.0	11
42.22181	2.28762	-65.93808	LAX_LV_ENDOCARDIAL	7	1.0	11
42.00030	3.88891	-63.63657	LAX_LV_ENDOCARDIAL	7	1.0	11
40.37900	5.49020	-61.46979	LAX_LV_ENDOCARDIAL	7	1.0	11
40.15749	7.09149	-59.16827	LAX_LV_ENDOCARDIAL	7	1.0	11
39.93598	8.69278	-56.86676	LAX_LV_ENDOCARDIAL	7	1.0	11
38.31468	10.29407	-54.69998	LAX_LV_ENDOCARDIAL	7	1.0	11
38.09317	11.89537	-52.39847	LAX_LV_ENDOCARDIAL	7	1.0	11
36.47187	13.49666	-50.23168	LAX_LV_ENDOCARDIAL	7	1.0	11
34.85058	15.09795	-48.06489	LAX_LV_ENDOCARDIAL	7	1.0	11
34.62907	16.69924	-45.76338	LAX_LV_ENDOCARDIAL	7	1.0	11
33.00777	18.30053	-43.59660	LAX_LV_ENDOCARDIAL	7	1.0	11
29.98670	19.90182	-41.56454	LAX_LV_ENDOCARDIAL	7	1.0	11
28.36540	21.50312	-39.39775	LAX_LV_ENDOCARDIAL	7	1.0	11
25.34433	23.10441	-37.36569	LAX_LV_ENDOCARDIAL	7	1.0	11
22.32325	24.70570	-35.33363	LAX_LV_ENDOCARDIAL	7	1.0	11
20.70196	26.30699	-33.16684	LAX_LV_ENDOCARDIAL	7	1.0	11
-47.14268	0.68635	-76.86197	LAX_RV_EPICARDIAL	7	1.0	11
-49.83148	-0.11429	-78.28218	LAX_RV_EPICARDIAL	7	1.0	11
-51.00975	-1.71558	-80.71841	LAX_RV_EPICARDIAL	7	1.0	11
-53.58780	-3.31687	-83.28937	LAX_RV_EPICARDIAL	7	1.0	11
-51.96651	-4.91817	-85.45616	LAX_RV_EPICARDIAL	7	1.0	11
-51.74499	-6.51946	-87.75767	LAX_RV_EPICARDIAL	7	1.0	11
-51.52348	-8.12075	-90.05918	LAX_RV_EPICARDIAL	7	1.0	11
-49.90219	-9.72204	-92.22597	LAX_RV_EPICARDIAL	7	1.0	11
-46.88111	-11.32333	-94.25803	LAX_RV_EPICARDIAL	7	1.0	11
-43.97079	-12.12398	-95.13933	LAX_RV_EPICARDIAL	7	1.0	11
-41.06047	-12.92463	-96.02064	LAX_RV_EPICARDIAL	7	1.0	11
-38.26091	-12.92463	-95.75119	LAX_RV_EPICARDIAL	7	1.0	11
-35.35059	-13.72527	-96.63250	LAX_RV_EPICARDIAL	7	1.0	11
-32.44027	-14.52592	-97.51380	LAX_RV_EPICARDIAL	7	1.0	11
-29.52995	-15.32657	-98.39511	LAX_RV_EPICARDIAL	7	1.0	11
-26.61963	-16.12721	-99.27642	LAX_RV_EPICARDIAL	7	1.0	11
-23.70932	-16.92786	-100.15772	LAX_RV_EPICARDIAL	7	1.0	11
-20.79900	-17.72850	-101.03903	LAX_RV_EPICARDIAL	7	1.0	11
-17.88868	-18.52915	-101.92033	LAX_RV_EPICARDIAL	7	1.0	11
-14.97836	-19.32980	-102.80164	LAX_RV_EPICARDIAL	7	1.0	11
-12.06804	-20.13044	-103.68295	LAX_RV_EPICARDIAL	7	1.0	11
-9.15772	-20.93109	-104.56425	LAX_RV_EPICARDIAL	7	1.0	11
-6.24740	-21.73174	-105.44556	LAX_RV_EPICARDIAL	7	1.0	11
-3.33708	-22.53238	-106.32687	LAX_RV_EPICARDIAL	7	1.0	11
-0.53752	-22.53238	-106.05742	LAX_RV_EPICARDIAL	7	1.0	11
2.26204	-22.53239	-105.78797	LAX_RV_EPICARDIAL	7	1.0	11
5.06161	-22.53239	-105.51852	LAX_RV_EPICARDIAL	7	1.0	11
7.86117	-22.53239	-105.24907	LAX_RV_EPICARDIAL	7	1.0	11
10.66073	-22.53239	-104.97962	LAX_RV_EPICARDIAL	7	1.0	11
13.57105	-23.33303	-105.86093	LAX_RV_EPICARDIAL	7	1.0	11
16.37061	-23.33303	-105.59148	LAX_RV_EPICARDIAL	7	1.0	11
19.17017	-23.33304	-105.32203	LAX_RV_EPICARDIAL	7	1.0	11
21.96974	-23.33304	-105.05258	LAX_RV_EPICARDIAL	7	1.0	11
24.65854	-22.53239	-103.63237	LAX_RV_EPICARDIAL	7	1.0	11
25.94757	-21.73175	-102.34689	LAX_RV_EPICARDIAL	7	1.0	11
28.63637	-20.93110	-100.92669	LAX_RV_EPICARDIAL	7	1.0	11
17.57012	28.70893	-29.98402	MITRAL_VALVE	7	1.0	11
-15.02782	21.50313	-43.57421	MITRAL_VALVE	7	1.0	11
-19.29786	11.89538	-57.92218	TRICUSPID_VALVE	7	1.0	11
-45.85365	1.48700	-75.57649	TRICUSPID_VALVE	7	1.0	11
42.41267	-19.32981	-97.27793	APEX_POINT	7	1.0	11
-10.69615	-17.18623	-3.95481	LAX_RV_FREEWALL	11	1.0	11
-10.31784	-17.17635	-6.74174	LAX_RV_FREEWALL	11	1.0	11
-9.93953	-17.16647	-9.52866	LAX_RV_FREEWALL	11	1.0	11
-9.47580	-18.56023	-12.30896	LAX_RV_FREEWALL	11	1.0	11
-9.09749	-18.55035	-15.09589	LAX_RV_FREEWALL	11	1.0	11
-8.71917	-18.54047	-17.88281	LAX_RV_FREEWALL	11	1.0	11
-8.25545	-19.93423	-20.66311	LAX_RV_FREEWALL	11	1.0	11
-7.87713	-19.92436	-23.45004	LAX_RV_FREEWALL	11	1.0	11
-7.41341	-21.31812	-26.23034	LAX_RV_FREEWALL	11	1.0	11
-7.03509	-21.30824	-29.01726	LAX_RV_FREEWALL	11	1.0	11
-6.57136	-22.70200	-31.79757	LAX_RV_FREEWALL	11	1.0	11
-6.19305	-22.69212	-34.58449	LAX_RV_FREEWALL	11	1.0	11
-5.72932	-24.08588	-37.36479	LAX_RV_FREEWALL	11	1.0	11
-5.35101	-24.07600	-40.15172	LAX_RV_FREEWALL	11	1.0	11
-4.88728	-25.46976	-42.93202	LAX_RV_FREEWALL	11	1.0	11
-4.50897	-25.45988	-45.71894	LAX_RV_FREEWALL	11	1.0	11
-4.13066	-25.45000	-48.50587	LAX_RV_FREEWALL	11	1.0	11
-3.75235	-25.44012	-51.29279	LAX_RV_FREEWALL	11	1.0	11
-3.45945	-24.02660	-54.08633	LAX_RV_FREEWALL	11	1.0	11
-3.08114	-24.01673	-56.87325	LAX_RV_FREEWALL	11	1.0	11
-2.70283	-24.00685	-59.66018	LAX_RV_FREEWALL	11	1.0	11
-2.23910	-25.40061	-62.44048	LAX_RV_FREEWALL	11	1.0	11
-1.86079	-25.39073	-65.22740	LAX_RV_FREEWALL	11	1.0	11
-1.39706	-26.78449	-68.00771	LAX_RV_FREEWALL	11	1.0	11
-0.93333	-28.17825	-70.78801	LAX_RV_FREEWALL	11	1.0	11
-0.64043	-26.76473	-73.58155	LAX_RV_FREEWALL	11	1.0	11
-0.26212	-26.75485	-76.36848	LAX_RV_FREEWALL	11	1.0	11
0.20161	-28.14861	-79.14878	LAX_RV_FREEWALL	11	1.0	11
0.57992	-28.13873	-81.93570	LAX_RV_FREEWALL	11	1.0	11
0.87281	-26.72521	-84.72925	LAX_RV_FREEWALL	11	1.0	11
1.25113	-26.71534	-87.51617	LAX_RV_FREEWALL	11	1.0	11
1.62944	-26.70546	-90.30309	LAX_RV_FREEWALL	11	1.0	11
2.00775	-26.69558	-93.09002	LAX_RV_FREEWALL	11	1.0	11
2.38606	-26.68570	-95.87694	LAX_RV_FREEWALL	11	1.0	11
2.76438	-26.67582	-98.66386	LAX_RV_FREEWALL	11	1.0	11
3.05727	-25.26230	-101.45741	LAX_RV_FREEWALL	11	1.0	11
3.35017	-23.84879	-104.25095	LAX_RV_FREEWALL	11	1.0	11
3.45391	-22.44021	-105.65103	LAX_RV_FREEWALL	11	1.0	11
3.28308	-19.63293	-105.66427	LAX_RV_FREEWALL	11	1.0	11
3.11224	-16.82565	-105.67751	LAX_RV_FREEWALL	11	1.0	11
2.56310	-14.02826	-102.90382	LAX_RV_FREEWALL	11	1.0	11
2.20311	-11.22592	-101.52360	LAX_RV_FREEWALL	11	1.0	11
1.84312	-8.42358	-100.14338	LAX_RV_FREEWALL	11	1.0	11
1.29398	-5.62618	-97.36969	LAX_RV_FREEWALL	11	1.0	11
0.93399	-2.82384	-95.98947	LAX_RV_FREEWALL	11	1.0	11
0.38485	-0.02645	-93.21578	LAX_RV_FREEWALL	11	1.0	11
-0.16430	2.77095	-90.44210	LAX_RV_FREEWALL	11	1.0	11
-0.52428	5.57329	-89.06188	LAX_RV_FREEWALL	11	1.0	11
-0.98801	6.96705	-86.28157	LAX_RV_FREEWALL	11	1.0	11
-1.19549	4.14989	-83.48141	LAX_RV_SEPTUM	11	1.0	11
-1.40297	1.33274	-80.68125	LAX_RV_SEPTUM	11	1.0	11
-1.61045	-1.48442	-77.88109	LAX_RV_SEPTUM	11	1.0	11
-1.81793	-4.30157	-75.08093	LAX_RV_SEPTUM	11	1.0	11
-2.02541	-7.11873	-72.28076	LAX_RV_SEPTUM	11	1.0	11
-2.31831	-8.53225	-69.48722	LAX_RV_SEPTUM	11	1.0	11
-2.61121	-9.94576	-66.69368	LAX_RV_SEPTUM	11	1.0	11
-2.98952	-9.95564	-63.90676	LAX_RV_SEPTUM	11	1.0	11
-3.28241	-11.36916	-61.11321	LAX_RV_SEPTUM	11	1.0	11
-3.66073	-11.37904	-58.32629	LAX_RV_SEPTUM	11	1.0	11
-4.03904	-11.38892	-55.53937	LAX_RV_SEPTUM	11	1.0	11
-4.41735	-11.39880	-52.75244	LAX_RV_SEPTUM	11	1.0	11
-4.79566	-11.40868	-49.96552	LAX_RV_SEPTUM	11	1.0	11
-5.08856	-12.82219	-47.17198	LAX_RV_SEPTUM	11	1.0	11
-5.46687	-12.83207	-44.38506	LAX_RV_SEPTUM	11	1.0	11
-5.84518	-12.84195	-41.59813	LAX_RV_SEPTUM	11	1.0	11
-6.22350	-12.85183	-38.81121	LAX_RV_SEPTUM	11	1.0	11
-6.60181	-12.86171	-36.02429	LAX_RV_SEPTUM	11	1.0	11
-7.06554	-11.46795	-33.24398	LAX_RV_SEPTUM	11	1.0	11
-7.44385	-11.47783	-30.45706	LAX_RV_SEPTUM	11	1.0	11
-7.90758	-10.08407	-27.67676	LAX_RV_SEPTUM	11	1.0	11
-8.37130	-8.69031	-24.89645	LAX_RV_SEPTUM	11	1.0	11
-8.83503	-7.29655	-22.11615	LAX_RV_SEPTUM	11	1.0	11
-9.29876	-5.90279	-19.33584	LAX_RV_SEPTUM	11	1.0	11
-9.76249	-4.50903	-16.55554	LAX_RV_SEPTUM	11	1.0	11
-10.22622	-3.11527	-13.77524	LAX_RV_SEPTUM	11	1.0	11
-10.71447	-19.99845	-2.54811	LAX_RV_EPICARDIAL	11	1.0	11
-10.33616	-19.98857	-5.33503	LAX_RV_EPICARDIAL	11	1.0	11
-9.95785	-19.97869	-8.12196	LAX_RV_EPICARDIAL	11	1.0	11
-9.49412	-21.37245	-10.90226	LAX_RV_EPICARDIAL	11	1.0	11
-9.03039	-22.76621	-13.68257	LAX_RV_EPICARDIAL	11	1.0	11
-8.65208	-22.75633	-16.46949	LAX_RV_EPICARDIAL	11	1.0	11
-8.27377	-22.74645	-19.25641	LAX_RV_EPICARDIAL	11	1.0	11
-7.81004	-24.14021	-22.03672	LAX_RV_EPICARDIAL	11	1.0	11
-7.34631	-25.53397	-24.81702	LAX_RV_EPICARDIAL	11	1.0	11
-6.96800	-25.52409	-27.60394	LAX_RV_EPICARDIAL	11	1.0	11
-6.50427	-26.91785	-30.38425	LAX_RV_EPICARDIAL	11	1.0	11
-6.04055	-28.31161	-33.16455	LAX_RV_EPICARDIAL	11	1.0	11
-5.66223	-28.30173	-35.95147	LAX_RV_EPICARDIAL	11	1.0	11
-5.28392	-28.29185	-38.73840	LAX_RV_EPICARDIAL	11	1.0	11
-4.90561	-28.28197	-41.52532	LAX_RV_EPICARDIAL	11	1.0	11
-4.52730	-28.27210	-44.31224	LAX_RV_EPICARDIAL	11	1.0	11
-4.06357	-29.66586	-47.09255	LAX_RV_EPICARDIAL	11	1.0	11
-3.77067	-28.25234	-49.88609	LAX_RV_EPICARDIAL	11	1.0	11
-3.39236	-28.24246	-52.67301	LAX_RV_EPICARDIAL	11	1.0	11
-3.09946	-26.82894	-55.46655	LAX_RV_EPICARDIAL	11	1.0	11
-2.72115	-26.81906	-58.25348	LAX_RV_EPICARDIAL	11	1.0	11
-2.25742	-28.21282	-61.03378	LAX_RV_EPICARDIAL	11	1.0	11
-1.87911	-28.20294	-63.82070	LAX_RV_EPICARDIAL	11	1.0	11
-1.41538	-29.59670	-66.60101	LAX_RV_EPICARDIAL	11	1.0	11
-0.95165	-30.99046	-69.38131	LAX_RV_EPICARDIAL	11	1.0	11
-0.57334	-30.98059	-72.16823	LAX_RV_EPICARDIAL	11	1.0	11
-0.19503	-30.97071	-74.95516	LAX_RV_EPICARDIAL	11	1.0	11
0.09787	-29.55719	-77.74870	LAX_RV_EPICARDIAL	11	1.0	11
0.47618	-29.54731	-80.53562	LAX_RV_EPICARDIAL	11	1.0	11
0.93991	-30.94107	-83.31593	LAX_RV_EPICARDIAL	11	1.0	11
1.31822	-30.93119	-86.10285	LAX_RV_EPICARDIAL	11	1.0	11
1.69653	-30.92131	-88.88977	LAX_RV_EPICARDIAL	11	1.0	11
1.98943	-29.50780	-91.68332	LAX_RV_EPICARDIAL	11	1.0	11
2.36774	-29.49792	-94.47024	LAX_RV_EPICARDIAL	11	1.0	11
2.74605	-29.48804	-97.25716	LAX_RV_EPICARDIAL	11	1.0	11
3.03895	-28.07452	-100.05070	LAX_RV_EPICARDIAL	11	1.0	11
3.41726	-28.06464	-102.83763	LAX_RV_EPICARDIAL	11	1.0	11
3.79557	-28.05476	-105.62455	LAX_RV_EPICARDIAL	11	1.0	11
4.08847	-26.64125	-108.41809	LAX_RV_EPICARDIAL	11	1.0	11
4.10679	-23.82903	-109.82479	LAX_RV_EPICARDIAL	11	1.0	11
4.12512	-21.01681	-111.23149	LAX_RV_EPICARDIAL	11	1.0	11
3.76513	-18.21447	-109.85127	LAX_RV_EPICARDIAL	11	1.0	11
3.59430	-15.40720	-109.86451	LAX_RV_EPICARDIAL	11	1.0	11
3.23431	-12.60486	-108.48429	LAX_RV_EPICARDIAL	11	1.0	11
2.68517	-9.80746	-105.71060	LAX_RV_EPICARDIAL	11	1.0	11
2.32518	-7.00512	-104.33038	LAX_RV_EPICARDIAL	11	1.0	11
1.96519	-4.20279	-102.95016	LAX_RV_EPICARDIAL	11	1.0	11
1.41605	-1.40539	-100.17647	LAX_RV_EPICARDIAL	11	1.0	11
0.86690	1.39201	-97.40279	LAX_RV_EPICARDIAL	11	1.0	11
0.50691	4.19435	-96.02257	LAX_RV_EPICARDIAL	11	1.0	11
0.14693	6.99669	-94.64234	LAX_RV_EPICARDIAL	11	1.0	11
-0.40222	9.79409	-91.86866	LAX_RV_EPICARDIAL	11	1.0	11
-0.67679	11.19278	-90.48182	LAX_RV_EPICARDIAL	11	1.0	11
-1.14052	12.58654	-87.70151	LAX_RV_EPICARDIAL	11	1.0	11
-1.24426	11.17797	-86.30143	LAX_RV_EPICARDIAL	11	1.0	11
-1.07343	8.37069	-86.28819	LAX_RV_EPICARDIAL	11	1.0	11
-11.34903	-15.79741	0.21895	PULMONARY_VALVE	11	1.0	11
-10.96452	-0.32281	-9.60809	PULMONARY_VALVE	11	1.0	11
