x	y	z	contour type	frameID	weight	time frame
-36.03979	-27.48641	-51.14687	SAX_RV_FREEWALL	3	1.0	14
-37.73635	-26.38165	-53.55288	SAX_RV_FREEWALL	3	1.0	14
-39.96404	-26.38165	-55.26972	SAX_RV_FREEWALL	3	1.0	14
-42.19173	-26.38165	-56.98657	SAX_RV_FREEWALL	3	1.0	14
-44.41942	-26.38165	-58.70341	SAX_RV_FREEWALL	3	1.0	14
-46.64711	-26.38166	-60.42026	SAX_RV_FREEWALL	3	1.0	14
-48.34368	-25.27689	-62.82626	SAX_RV_FREEWALL	3	1.0	14
-50.04024	-24.17212	-65.23226	SAX_RV_FREEWALL	3	1.0	14
-51.73681	-23.06736	-67.63827	SAX_RV_FREEWALL	3	1.0	14
-53.43338	-21.96259	-70.04427	SAX_RV_FREEWALL	3	1.0	14
-55.12995	-20.85782	-72.45027	SAX_RV_FREEWALL	3	1.0	14
-56.82651	-19.75306	-74.85627	SAX_RV_FREEWALL	3	1.0	14
-57.99196	-17.54352	-77.95143	SAX_RV_FREEWALL	3	1.0	14
-58.04356	-15.33399	-80.18817	SAX_RV_FREEWALL	3	1.0	14
-58.09516	-13.12445	-82.42490	SAX_RV_FREEWALL	3	1.0	14
-55.91908	-10.91492	-82.94479	SAX_RV_FREEWALL	3	1.0	14
-53.74299	-8.70538	-83.46468	SAX_RV_FREEWALL	3	1.0	14
-51.56691	-6.49584	-83.98458	SAX_RV_FREEWALL	3	1.0	14
-48.27698	-4.28630	-83.64604	SAX_RV_FREEWALL	3	1.0	14
-46.10089	-2.07676	-84.16593	SAX_RV_FREEWALL	3	1.0	14
-42.81096	0.13277	-83.82740	SAX_RV_FREEWALL	3	1.0	14
-40.05215	1.23755	-82.79971	SAX_RV_FREEWALL	3	1.0	14
-36.76222	3.44708	-82.46118	SAX_RV_FREEWALL	3	1.0	14
-34.58613	5.65662	-82.98107	SAX_RV_FREEWALL	3	1.0	14
-31.29620	7.86616	-82.64254	SAX_RV_FREEWALL	3	1.0	14
-28.53739	8.97093	-81.61485	SAX_RV_FREEWALL	3	1.0	14
-25.24746	11.18047	-81.27632	SAX_RV_FREEWALL	3	1.0	14
-22.48865	12.28524	-80.24863	SAX_RV_FREEWALL	3	1.0	14
-19.72984	13.39001	-79.22094	SAX_RV_FREEWALL	3	1.0	14
-17.50216	13.39001	-77.50409	SAX_RV_FREEWALL	3	1.0	14
2.15563	-17.54346	-31.59660	SAX_RV_FREEWALL	3	1.0	14
-1.13430	-19.75300	-31.93513	SAX_RV_FREEWALL	3	1.0	14
-3.89311	-20.85777	-32.96282	SAX_RV_FREEWALL	3	1.0	14
-6.65192	-21.96254	-33.99051	SAX_RV_FREEWALL	3	1.0	14
-9.94185	-24.17208	-34.32904	SAX_RV_FREEWALL	3	1.0	14
-12.70066	-25.27685	-35.35673	SAX_RV_FREEWALL	3	1.0	14
-14.92835	-25.27686	-37.07358	SAX_RV_FREEWALL	3	1.0	14
-17.68716	-26.38163	-38.10126	SAX_RV_FREEWALL	3	1.0	14
-19.91485	-26.38163	-39.81811	SAX_RV_FREEWALL	3	1.0	14
-22.67366	-27.48640	-40.84580	SAX_RV_FREEWALL	3	1.0	14
-24.90134	-27.48640	-42.56265	SAX_RV_FREEWALL	3	1.0	14
-27.12903	-27.48640	-44.27949	SAX_RV_FREEWALL	3	1.0	14
-29.35672	-27.48641	-45.99634	SAX_RV_FREEWALL	3	1.0	14
-31.58441	-27.48641	-47.71318	SAX_RV_FREEWALL	3	1.0	14
-33.81210	-27.48641	-49.43003	SAX_RV_FREEWALL	3	1.0	14
-29.83624	-30.80071	-43.07044	SAX_RV_EPICARDIAL	3	1.0	14
-31.53281	-29.69594	-45.47645	SAX_RV_EPICARDIAL	3	1.0	14
-33.76050	-29.69595	-47.19329	SAX_RV_EPICARDIAL	3	1.0	14
-35.98818	-29.69595	-48.91014	SAX_RV_EPICARDIAL	3	1.0	14
-38.21587	-29.69595	-50.62698	SAX_RV_EPICARDIAL	3	1.0	14
-40.44356	-29.69595	-52.34383	SAX_RV_EPICARDIAL	3	1.0	14
-42.67125	-29.69595	-54.06067	SAX_RV_EPICARDIAL	3	1.0	14
-44.89894	-29.69596	-55.77752	SAX_RV_EPICARDIAL	3	1.0	14
-47.12663	-29.69596	-57.49437	SAX_RV_EPICARDIAL	3	1.0	14
-49.35432	-29.69596	-59.21121	SAX_RV_EPICARDIAL	3	1.0	14
-51.05088	-28.59119	-61.61721	SAX_RV_EPICARDIAL	3	1.0	14
-53.27857	-28.59120	-63.33406	SAX_RV_EPICARDIAL	3	1.0	14
-54.97514	-27.48643	-65.74006	SAX_RV_EPICARDIAL	3	1.0	14
-56.67171	-26.38166	-68.14606	SAX_RV_EPICARDIAL	3	1.0	14
-57.83715	-24.17213	-71.24122	SAX_RV_EPICARDIAL	3	1.0	14
-59.00260	-21.96260	-74.33638	SAX_RV_EPICARDIAL	3	1.0	14
-60.16805	-19.75306	-77.43154	SAX_RV_EPICARDIAL	3	1.0	14
-61.33349	-17.54353	-80.52670	SAX_RV_EPICARDIAL	3	1.0	14
-60.27125	-15.33399	-81.90501	SAX_RV_EPICARDIAL	3	1.0	14
-59.20901	-13.12445	-83.28333	SAX_RV_EPICARDIAL	3	1.0	14
-58.14677	-10.91492	-84.66164	SAX_RV_EPICARDIAL	3	1.0	14
-57.08452	-8.70538	-86.03995	SAX_RV_EPICARDIAL	3	1.0	14
-54.90844	-6.49584	-86.55984	SAX_RV_EPICARDIAL	3	1.0	14
-52.73235	-4.28631	-87.07973	SAX_RV_EPICARDIAL	3	1.0	14
-49.44242	-2.07677	-86.74120	SAX_RV_EPICARDIAL	3	1.0	14
-46.15249	0.13277	-86.40267	SAX_RV_EPICARDIAL	3	1.0	14
-42.86256	2.34231	-86.06414	SAX_RV_EPICARDIAL	3	1.0	14
-39.57263	4.55185	-85.72561	SAX_RV_EPICARDIAL	3	1.0	14
-36.28270	6.76139	-85.38707	SAX_RV_EPICARDIAL	3	1.0	14
-32.99277	8.97093	-85.04854	SAX_RV_EPICARDIAL	3	1.0	14
-29.70284	11.18047	-84.71001	SAX_RV_EPICARDIAL	3	1.0	14
-26.94403	12.28524	-83.68232	SAX_RV_EPICARDIAL	3	1.0	14
-23.65410	14.49477	-83.34379	SAX_RV_EPICARDIAL	3	1.0	14
-20.89529	15.59955	-82.31610	SAX_RV_EPICARDIAL	3	1.0	14
-18.13648	16.70432	-81.28841	SAX_RV_EPICARDIAL	3	1.0	14
-15.90879	16.70432	-79.57156	SAX_RV_EPICARDIAL	3	1.0	14
-13.14998	17.80909	-78.54388	SAX_RV_EPICARDIAL	3	1.0	14
-14.16062	13.39002	-74.92883	SAX_RV_EPICARDIAL	3	1.0	14
10.43206	-14.22915	-28.51353	SAX_RV_EPICARDIAL	3	1.0	14
8.83869	-17.54346	-26.44606	SAX_RV_EPICARDIAL	3	1.0	14
6.07988	-18.64823	-27.47375	SAX_RV_EPICARDIAL	3	1.0	14
3.32107	-19.75300	-28.50144	SAX_RV_EPICARDIAL	3	1.0	14
0.03114	-21.96254	-28.83997	SAX_RV_EPICARDIAL	3	1.0	14
-3.25879	-24.17208	-29.17850	SAX_RV_EPICARDIAL	3	1.0	14
-6.01760	-25.27685	-30.20619	SAX_RV_EPICARDIAL	3	1.0	14
-8.77640	-26.38162	-31.23388	SAX_RV_EPICARDIAL	3	1.0	14
-11.53521	-27.48639	-32.26157	SAX_RV_EPICARDIAL	3	1.0	14
-14.29402	-28.59116	-33.28926	SAX_RV_EPICARDIAL	3	1.0	14
-17.05283	-29.69593	-34.31695	SAX_RV_EPICARDIAL	3	1.0	14
-19.28052	-29.69593	-36.03379	SAX_RV_EPICARDIAL	3	1.0	14
-21.50821	-29.69593	-37.75064	SAX_RV_EPICARDIAL	3	1.0	14
-24.26702	-30.80070	-38.77833	SAX_RV_EPICARDIAL	3	1.0	14
-26.49471	-30.80071	-40.49517	SAX_RV_EPICARDIAL	3	1.0	14
-28.72240	-30.80071	-42.21202	SAX_RV_EPICARDIAL	3	1.0	14
-15.27447	13.39002	-75.78725	SAX_RV_SEPTUM	3	1.0	14
-15.22287	11.18048	-73.55051	SAX_RV_SEPTUM	3	1.0	14
-15.17126	8.97094	-71.31378	SAX_RV_SEPTUM	3	1.0	14
-15.11966	6.76141	-69.07704	SAX_RV_SEPTUM	3	1.0	14
-15.06806	4.55187	-66.84030	SAX_RV_SEPTUM	3	1.0	14
-15.01646	2.34234	-64.60357	SAX_RV_SEPTUM	3	1.0	14
-14.96485	0.13280	-62.36683	SAX_RV_SEPTUM	3	1.0	14
-13.79941	-2.07673	-59.27167	SAX_RV_SEPTUM	3	1.0	14
-13.74780	-4.28627	-57.03494	SAX_RV_SEPTUM	3	1.0	14
-12.58236	-6.49580	-53.93978	SAX_RV_SEPTUM	3	1.0	14
-11.41691	-8.70534	-50.84462	SAX_RV_SEPTUM	3	1.0	14
-10.25147	-10.91487	-47.74946	SAX_RV_SEPTUM	3	1.0	14
-8.55490	-12.01964	-45.34346	SAX_RV_SEPTUM	3	1.0	14
-6.85833	-13.12440	-42.93745	SAX_RV_SEPTUM	3	1.0	14
-5.16176	-14.22917	-40.53145	SAX_RV_SEPTUM	3	1.0	14
-2.93407	-14.22917	-38.81461	SAX_RV_SEPTUM	3	1.0	14
-1.23751	-15.33393	-36.40860	SAX_RV_SEPTUM	3	1.0	14
0.99018	-15.33393	-34.69176	SAX_RV_SEPTUM	3	1.0	14
3.21787	-15.33393	-32.97491	SAX_RV_SEPTUM	3	1.0	14
5.97668	-14.22916	-31.94722	SAX_RV_SEPTUM	3	1.0	14
8.20437	-14.22916	-30.23038	SAX_RV_SEPTUM	3	1.0	14
10.43206	-14.22915	-28.51353	SAX_RV_SEPTUM	3	1.0	14
7.67325	-15.33392	-29.54122	SAX_RV_SEPTUM	3	1.0	14
4.91444	-16.43869	-30.56891	SAX_RV_SEPTUM	3	1.0	14
-11.40181	14.49479	-73.90114	SAX_LV_EPICARDIAL	3	1.0	14
-10.33957	16.70432	-75.27945	SAX_LV_EPICARDIAL	3	1.0	14
-9.27733	18.91386	-76.65776	SAX_LV_EPICARDIAL	3	1.0	14
-8.21509	21.12340	-78.03608	SAX_LV_EPICARDIAL	3	1.0	14
-6.03900	23.33293	-78.55597	SAX_LV_EPICARDIAL	3	1.0	14
-3.86292	25.54247	-79.07586	SAX_LV_EPICARDIAL	3	1.0	14
-0.57299	27.75201	-78.73733	SAX_LV_EPICARDIAL	3	1.0	14
2.71694	29.96155	-78.39879	SAX_LV_EPICARDIAL	3	1.0	14
6.00687	32.17109	-78.06026	SAX_LV_EPICARDIAL	3	1.0	14
9.29680	34.38063	-77.72173	SAX_LV_EPICARDIAL	3	1.0	14
12.05561	35.48540	-76.69404	SAX_LV_EPICARDIAL	3	1.0	14
14.81442	36.59017	-75.66635	SAX_LV_EPICARDIAL	3	1.0	14
17.57323	37.69494	-74.63866	SAX_LV_EPICARDIAL	3	1.0	14
20.33204	38.79971	-73.61097	SAX_LV_EPICARDIAL	3	1.0	14
22.55973	38.79971	-71.89413	SAX_LV_EPICARDIAL	3	1.0	14
25.31854	39.90448	-70.86644	SAX_LV_EPICARDIAL	3	1.0	14
27.54623	39.90448	-69.14959	SAX_LV_EPICARDIAL	3	1.0	14
29.77392	39.90449	-67.43275	SAX_LV_EPICARDIAL	3	1.0	14
32.00161	39.90449	-65.71590	SAX_LV_EPICARDIAL	3	1.0	14
34.22929	39.90449	-63.99906	SAX_LV_EPICARDIAL	3	1.0	14
36.45698	39.90449	-62.28221	SAX_LV_EPICARDIAL	3	1.0	14
38.68467	39.90449	-60.56537	SAX_LV_EPICARDIAL	3	1.0	14
40.38124	38.79973	-58.15936	SAX_LV_EPICARDIAL	3	1.0	14
42.60893	38.79973	-56.44252	SAX_LV_EPICARDIAL	3	1.0	14
44.30549	37.69497	-54.03652	SAX_LV_EPICARDIAL	3	1.0	14
45.47094	35.48543	-50.94136	SAX_LV_EPICARDIAL	3	1.0	14
47.16751	34.38066	-48.53535	SAX_LV_EPICARDIAL	3	1.0	14
48.33295	32.17113	-45.44020	SAX_LV_EPICARDIAL	3	1.0	14
48.38456	29.96159	-43.20346	SAX_LV_EPICARDIAL	3	1.0	14
49.55000	27.75206	-40.10830	SAX_LV_EPICARDIAL	3	1.0	14
49.60161	25.54253	-37.87156	SAX_LV_EPICARDIAL	3	1.0	14
49.65321	23.33299	-35.63483	SAX_LV_EPICARDIAL	3	1.0	14
49.70481	21.12345	-33.39809	SAX_LV_EPICARDIAL	3	1.0	14
48.64257	18.91392	-32.01978	SAX_LV_EPICARDIAL	3	1.0	14
48.69417	16.70438	-29.78304	SAX_LV_EPICARDIAL	3	1.0	14
47.63193	14.49485	-28.40473	SAX_LV_EPICARDIAL	3	1.0	14
46.56969	12.28531	-27.02641	SAX_LV_EPICARDIAL	3	1.0	14
45.50745	10.07577	-25.64810	SAX_LV_EPICARDIAL	3	1.0	14
44.44520	7.86624	-24.26979	SAX_LV_EPICARDIAL	3	1.0	14
42.26912	5.65670	-23.74990	SAX_LV_EPICARDIAL	3	1.0	14
41.20688	3.44716	-22.37158	SAX_LV_EPICARDIAL	3	1.0	14
39.03079	1.23762	-21.85169	SAX_LV_EPICARDIAL	3	1.0	14
36.85470	-0.97191	-21.33180	SAX_LV_EPICARDIAL	3	1.0	14
33.56477	-3.18145	-21.67033	SAX_LV_EPICARDIAL	3	1.0	14
30.27484	-5.39099	-22.00887	SAX_LV_EPICARDIAL	3	1.0	14
26.98491	-7.60053	-22.34740	SAX_LV_EPICARDIAL	3	1.0	14
24.22610	-8.70530	-23.37509	SAX_LV_EPICARDIAL	3	1.0	14
21.46729	-9.81007	-24.40278	SAX_LV_EPICARDIAL	3	1.0	14
18.70848	-10.91484	-25.43047	SAX_LV_EPICARDIAL	3	1.0	14
15.94967	-12.01961	-26.45815	SAX_LV_EPICARDIAL	3	1.0	14
5.18755	-4.28625	-42.44175	SAX_LV_ENDOCARDIAL	3	1.0	14
3.49098	-3.18148	-44.84775	SAX_LV_ENDOCARDIAL	3	1.0	14
1.79441	-2.07672	-47.25375	SAX_LV_ENDOCARDIAL	3	1.0	14
0.09784	-0.97195	-49.65976	SAX_LV_ENDOCARDIAL	3	1.0	14
-1.59872	0.13282	-52.06576	SAX_LV_ENDOCARDIAL	3	1.0	14
-2.76417	2.34235	-55.16092	SAX_LV_ENDOCARDIAL	3	1.0	14
-3.92962	4.55188	-58.25608	SAX_LV_ENDOCARDIAL	3	1.0	14
-5.09506	6.76142	-61.35123	SAX_LV_ENDOCARDIAL	3	1.0	14
-5.14667	8.97095	-63.58797	SAX_LV_ENDOCARDIAL	3	1.0	14
-5.19827	11.18049	-65.82471	SAX_LV_ENDOCARDIAL	3	1.0	14
-4.13603	13.39003	-67.20302	SAX_LV_ENDOCARDIAL	3	1.0	14
-3.07378	15.59956	-68.58133	SAX_LV_ENDOCARDIAL	3	1.0	14
-2.01154	17.80910	-69.95965	SAX_LV_ENDOCARDIAL	3	1.0	14
0.16454	20.01864	-70.47954	SAX_LV_ENDOCARDIAL	3	1.0	14
1.22679	22.22817	-71.85785	SAX_LV_ENDOCARDIAL	3	1.0	14
4.51672	24.43771	-71.51932	SAX_LV_ENDOCARDIAL	3	1.0	14
6.69280	26.64725	-72.03921	SAX_LV_ENDOCARDIAL	3	1.0	14
9.45161	27.75202	-71.01152	SAX_LV_ENDOCARDIAL	3	1.0	14
12.74154	29.96156	-70.67299	SAX_LV_ENDOCARDIAL	3	1.0	14
15.50035	31.06633	-69.64530	SAX_LV_ENDOCARDIAL	3	1.0	14
17.72804	31.06633	-67.92845	SAX_LV_ENDOCARDIAL	3	1.0	14
20.48685	32.17110	-66.90077	SAX_LV_ENDOCARDIAL	3	1.0	14
22.71454	32.17110	-65.18392	SAX_LV_ENDOCARDIAL	3	1.0	14
25.47335	33.27588	-64.15623	SAX_LV_ENDOCARDIAL	3	1.0	14
27.70104	33.27588	-62.43939	SAX_LV_ENDOCARDIAL	3	1.0	14
29.92872	33.27588	-60.72254	SAX_LV_ENDOCARDIAL	3	1.0	14
32.15641	33.27588	-59.00569	SAX_LV_ENDOCARDIAL	3	1.0	14
34.38410	33.27588	-57.28885	SAX_LV_ENDOCARDIAL	3	1.0	14
36.61179	33.27589	-55.57200	SAX_LV_ENDOCARDIAL	3	1.0	14
38.30836	32.17112	-53.16600	SAX_LV_ENDOCARDIAL	3	1.0	14
39.47380	29.96159	-50.07084	SAX_LV_ENDOCARDIAL	3	1.0	14
41.17037	28.85682	-47.66484	SAX_LV_ENDOCARDIAL	3	1.0	14
42.33582	26.64729	-44.56968	SAX_LV_ENDOCARDIAL	3	1.0	14
42.38742	24.43775	-42.33294	SAX_LV_ENDOCARDIAL	3	1.0	14
43.55287	22.22822	-39.23778	SAX_LV_ENDOCARDIAL	3	1.0	14
43.60447	20.01868	-37.00105	SAX_LV_ENDOCARDIAL	3	1.0	14
42.54223	17.80914	-35.62274	SAX_LV_ENDOCARDIAL	3	1.0	14
42.59383	15.59961	-33.38600	SAX_LV_ENDOCARDIAL	3	1.0	14
41.53159	13.39007	-32.00769	SAX_LV_ENDOCARDIAL	3	1.0	14
40.46935	11.18054	-30.62937	SAX_LV_ENDOCARDIAL	3	1.0	14
39.40710	8.97100	-29.25106	SAX_LV_ENDOCARDIAL	3	1.0	14
37.23102	6.76146	-28.73117	SAX_LV_ENDOCARDIAL	3	1.0	14
35.05493	4.55192	-28.21128	SAX_LV_ENDOCARDIAL	3	1.0	14
32.87885	2.34239	-27.69139	SAX_LV_ENDOCARDIAL	3	1.0	14
29.58891	0.13285	-28.02992	SAX_LV_ENDOCARDIAL	3	1.0	14
26.29898	-2.07669	-28.36845	SAX_LV_ENDOCARDIAL	3	1.0	14
23.54018	-3.18146	-29.39614	SAX_LV_ENDOCARDIAL	3	1.0	14
21.31249	-3.18146	-31.11299	SAX_LV_ENDOCARDIAL	3	1.0	14
18.55368	-4.28624	-32.14067	SAX_LV_ENDOCARDIAL	3	1.0	14
16.32599	-4.28624	-33.85752	SAX_LV_ENDOCARDIAL	3	1.0	14
14.09830	-4.28624	-35.57437	SAX_LV_ENDOCARDIAL	3	1.0	14
11.87061	-4.28624	-37.29121	SAX_LV_ENDOCARDIAL	3	1.0	14
9.64292	-4.28624	-39.00806	SAX_LV_ENDOCARDIAL	3	1.0	14
7.41524	-4.28625	-40.72490	SAX_LV_ENDOCARDIAL	3	1.0	14
9.71721	-14.53153	-28.76380	RV_INSERT	3	1.0	14
-14.86390	13.04137	-75.12417	RV_INSERT	3	1.0	14
-32.16197	-31.80881	-72.30427	SAX_RV_FREEWALL	4	1.0	14
-33.85854	-30.70404	-74.71028	SAX_RV_FREEWALL	4	1.0	14
-35.55511	-29.59928	-77.11628	SAX_RV_FREEWALL	4	1.0	14
-37.25167	-28.49451	-79.52228	SAX_RV_FREEWALL	4	1.0	14
-38.94824	-27.38975	-81.92828	SAX_RV_FREEWALL	4	1.0	14
-40.64481	-26.28498	-84.33428	SAX_RV_FREEWALL	4	1.0	14
-42.34138	-25.18021	-86.74029	SAX_RV_FREEWALL	4	1.0	14
-43.50682	-22.97068	-89.83545	SAX_RV_FREEWALL	4	1.0	14
-42.44458	-20.76114	-91.21376	SAX_RV_FREEWALL	4	1.0	14
-40.26849	-18.55161	-91.73365	SAX_RV_FREEWALL	4	1.0	14
-38.09241	-16.34207	-92.25354	SAX_RV_FREEWALL	4	1.0	14
-35.33360	-15.23730	-91.22585	SAX_RV_FREEWALL	4	1.0	14
-32.04367	-13.02776	-90.88732	SAX_RV_FREEWALL	4	1.0	14
-29.86758	-10.81822	-91.40721	SAX_RV_FREEWALL	4	1.0	14
-27.10877	-9.71345	-90.37952	SAX_RV_FREEWALL	4	1.0	14
-23.81884	-7.50391	-90.04099	SAX_RV_FREEWALL	4	1.0	14
-21.06003	-6.39914	-89.01330	SAX_RV_FREEWALL	4	1.0	14
-17.77010	-4.18960	-88.67477	SAX_RV_FREEWALL	4	1.0	14
-14.48017	-1.98006	-88.33624	SAX_RV_FREEWALL	4	1.0	14
-11.19024	0.22948	-87.99770	SAX_RV_FREEWALL	4	1.0	14
-7.90031	2.43901	-87.65917	SAX_RV_FREEWALL	4	1.0	14
-5.14150	3.54378	-86.63148	SAX_RV_FREEWALL	4	1.0	14
-2.91381	3.54379	-84.91464	SAX_RV_FREEWALL	4	1.0	14
6.61617	-22.97063	-51.20642	SAX_RV_FREEWALL	4	1.0	14
3.85736	-24.07540	-52.23411	SAX_RV_FREEWALL	4	1.0	14
1.62967	-24.07540	-53.95095	SAX_RV_FREEWALL	4	1.0	14
-1.12914	-25.18017	-54.97864	SAX_RV_FREEWALL	4	1.0	14
-3.35683	-25.18018	-56.69549	SAX_RV_FREEWALL	4	1.0	14
-5.58452	-25.18018	-58.41233	SAX_RV_FREEWALL	4	1.0	14
-8.34333	-26.28495	-59.44002	SAX_RV_FREEWALL	4	1.0	14
-11.10214	-27.38972	-60.46771	SAX_RV_FREEWALL	4	1.0	14
-13.86094	-28.49449	-61.49540	SAX_RV_FREEWALL	4	1.0	14
-16.61975	-29.59926	-62.52309	SAX_RV_FREEWALL	4	1.0	14
-19.37856	-30.70403	-63.55078	SAX_RV_FREEWALL	4	1.0	14
-21.60625	-30.70403	-65.26762	SAX_RV_FREEWALL	4	1.0	14
-24.36506	-31.80880	-66.29531	SAX_RV_FREEWALL	4	1.0	14
-26.59275	-31.80880	-68.01216	SAX_RV_FREEWALL	4	1.0	14
-28.82044	-31.80881	-69.72900	SAX_RV_FREEWALL	4	1.0	14
-31.04813	-31.80881	-71.44585	SAX_RV_FREEWALL	4	1.0	14
-32.64149	-35.12311	-69.37838	SAX_RV_EPICARDIAL	4	1.0	14
-34.33806	-34.01835	-71.78438	SAX_RV_EPICARDIAL	4	1.0	14
-36.56575	-34.01835	-73.50123	SAX_RV_EPICARDIAL	4	1.0	14
-38.26231	-32.91358	-75.90723	SAX_RV_EPICARDIAL	4	1.0	14
-39.95888	-31.80882	-78.31323	SAX_RV_EPICARDIAL	4	1.0	14
-41.65545	-30.70405	-80.71924	SAX_RV_EPICARDIAL	4	1.0	14
-43.35202	-29.59929	-83.12524	SAX_RV_EPICARDIAL	4	1.0	14
-45.04858	-28.49452	-85.53124	SAX_RV_EPICARDIAL	4	1.0	14
-46.21403	-26.28499	-88.62640	SAX_RV_EPICARDIAL	4	1.0	14
-47.37948	-24.07545	-91.72156	SAX_RV_EPICARDIAL	4	1.0	14
-46.31723	-21.86591	-93.09987	SAX_RV_EPICARDIAL	4	1.0	14
-44.14115	-19.65638	-93.61976	SAX_RV_EPICARDIAL	4	1.0	14
-43.07891	-17.44684	-94.99808	SAX_RV_EPICARDIAL	4	1.0	14
-39.78898	-15.23730	-94.65954	SAX_RV_EPICARDIAL	4	1.0	14
-36.49905	-13.02776	-94.32101	SAX_RV_EPICARDIAL	4	1.0	14
-33.20912	-10.81822	-93.98248	SAX_RV_EPICARDIAL	4	1.0	14
-29.91918	-8.60869	-93.64395	SAX_RV_EPICARDIAL	4	1.0	14
-26.62925	-6.39915	-93.30541	SAX_RV_EPICARDIAL	4	1.0	14
-23.33932	-4.18961	-92.96688	SAX_RV_EPICARDIAL	4	1.0	14
-20.04939	-1.98007	-92.62835	SAX_RV_EPICARDIAL	4	1.0	14
-17.29058	-0.87530	-91.60066	SAX_RV_EPICARDIAL	4	1.0	14
-14.00065	1.33424	-91.26213	SAX_RV_EPICARDIAL	4	1.0	14
-10.71072	3.54378	-90.92360	SAX_RV_EPICARDIAL	4	1.0	14
-7.95191	4.64855	-89.89591	SAX_RV_EPICARDIAL	4	1.0	14
-5.19311	5.75332	-88.86822	SAX_RV_EPICARDIAL	4	1.0	14
-2.43430	6.85809	-87.84053	SAX_RV_EPICARDIAL	4	1.0	14
0.32451	7.96286	-86.81284	SAX_RV_EPICARDIAL	4	1.0	14
0.37612	5.75333	-84.57611	SAX_RV_EPICARDIAL	4	1.0	14
-0.68613	3.54379	-83.19779	SAX_RV_EPICARDIAL	4	1.0	14
10.48882	-21.86586	-49.32031	SAX_RV_EPICARDIAL	4	1.0	14
10.54042	-24.07539	-47.08357	SAX_RV_EPICARDIAL	4	1.0	14
7.78161	-25.18016	-48.11126	SAX_RV_EPICARDIAL	4	1.0	14
5.02280	-26.28493	-49.13895	SAX_RV_EPICARDIAL	4	1.0	14
2.79512	-26.28494	-50.85580	SAX_RV_EPICARDIAL	4	1.0	14
0.03631	-27.38971	-51.88348	SAX_RV_EPICARDIAL	4	1.0	14
-2.19138	-27.38971	-53.60033	SAX_RV_EPICARDIAL	4	1.0	14
-4.41907	-27.38971	-55.31718	SAX_RV_EPICARDIAL	4	1.0	14
-7.17788	-28.49448	-56.34486	SAX_RV_EPICARDIAL	4	1.0	14
-9.93669	-29.59925	-57.37255	SAX_RV_EPICARDIAL	4	1.0	14
-12.69550	-30.70402	-58.40024	SAX_RV_EPICARDIAL	4	1.0	14
-15.98543	-32.91356	-58.73877	SAX_RV_EPICARDIAL	4	1.0	14
-18.21312	-32.91356	-60.45562	SAX_RV_EPICARDIAL	4	1.0	14
-20.97193	-34.01833	-61.48331	SAX_RV_EPICARDIAL	4	1.0	14
-23.19961	-34.01834	-63.20015	SAX_RV_EPICARDIAL	4	1.0	14
-25.42730	-34.01834	-64.91700	SAX_RV_EPICARDIAL	4	1.0	14
-28.18611	-35.12311	-65.94469	SAX_RV_EPICARDIAL	4	1.0	14
-30.41380	-35.12311	-67.66153	SAX_RV_EPICARDIAL	4	1.0	14
-0.68613	3.54379	-83.19779	SAX_RV_SEPTUM	4	1.0	14
-1.74837	1.33425	-81.81948	SAX_RV_SEPTUM	4	1.0	14
-2.81061	-0.87528	-80.44116	SAX_RV_SEPTUM	4	1.0	14
-2.75901	-3.08482	-78.20443	SAX_RV_SEPTUM	4	1.0	14
-2.70740	-5.29435	-75.96769	SAX_RV_SEPTUM	4	1.0	14
-3.76965	-7.50389	-74.58938	SAX_RV_SEPTUM	4	1.0	14
-3.71804	-9.71343	-72.35264	SAX_RV_SEPTUM	4	1.0	14
-2.55260	-11.92296	-69.25748	SAX_RV_SEPTUM	4	1.0	14
-1.38715	-14.13250	-66.16232	SAX_RV_SEPTUM	4	1.0	14
-0.22170	-16.34203	-63.06717	SAX_RV_SEPTUM	4	1.0	14
1.47486	-17.44680	-60.66116	SAX_RV_SEPTUM	4	1.0	14
3.17143	-18.55156	-58.25516	SAX_RV_SEPTUM	4	1.0	14
4.86800	-19.65633	-55.84916	SAX_RV_SEPTUM	4	1.0	14
7.09569	-19.65633	-54.13231	SAX_RV_SEPTUM	4	1.0	14
8.79225	-20.76109	-51.72631	SAX_RV_SEPTUM	4	1.0	14
9.37498	-21.86586	-50.17873	SAX_RV_SEPTUM	4	1.0	14
3.13493	6.85810	-83.54842	SAX_LV_EPICARDIAL	4	1.0	14
4.19717	9.06763	-84.92673	SAX_LV_EPICARDIAL	4	1.0	14
6.37325	11.27717	-85.44662	SAX_LV_EPICARDIAL	4	1.0	14
8.54934	13.48671	-85.96651	SAX_LV_EPICARDIAL	4	1.0	14
10.72543	15.69625	-86.48640	SAX_LV_EPICARDIAL	4	1.0	14
14.01536	17.90578	-86.14787	SAX_LV_EPICARDIAL	4	1.0	14
17.30529	20.11532	-85.80934	SAX_LV_EPICARDIAL	4	1.0	14
20.59522	22.32486	-85.47080	SAX_LV_EPICARDIAL	4	1.0	14
23.35403	23.42963	-84.44312	SAX_LV_EPICARDIAL	4	1.0	14
26.11284	24.53440	-83.41543	SAX_LV_EPICARDIAL	4	1.0	14
28.87164	25.63917	-82.38774	SAX_LV_EPICARDIAL	4	1.0	14
31.09933	25.63918	-80.67089	SAX_LV_EPICARDIAL	4	1.0	14
33.32702	25.63918	-78.95405	SAX_LV_EPICARDIAL	4	1.0	14
35.55471	25.63918	-77.23720	SAX_LV_EPICARDIAL	4	1.0	14
37.78240	25.63918	-75.52036	SAX_LV_EPICARDIAL	4	1.0	14
40.01009	25.63918	-73.80351	SAX_LV_EPICARDIAL	4	1.0	14
42.23778	25.63919	-72.08666	SAX_LV_EPICARDIAL	4	1.0	14
44.46546	25.63919	-70.36982	SAX_LV_EPICARDIAL	4	1.0	14
46.69315	25.63919	-68.65297	SAX_LV_EPICARDIAL	4	1.0	14
48.38972	24.53443	-66.24697	SAX_LV_EPICARDIAL	4	1.0	14
50.08629	23.42966	-63.84097	SAX_LV_EPICARDIAL	4	1.0	14
51.78285	22.32489	-61.43497	SAX_LV_EPICARDIAL	4	1.0	14
52.94830	20.11536	-58.33981	SAX_LV_EPICARDIAL	4	1.0	14
54.11375	17.90582	-55.24465	SAX_LV_EPICARDIAL	4	1.0	14
54.16535	15.69629	-53.00791	SAX_LV_EPICARDIAL	4	1.0	14
54.21695	13.48675	-50.77118	SAX_LV_EPICARDIAL	4	1.0	14
54.26855	11.27722	-48.53444	SAX_LV_EPICARDIAL	4	1.0	14
54.32016	9.06768	-46.29770	SAX_LV_EPICARDIAL	4	1.0	14
53.25792	6.85815	-44.91939	SAX_LV_EPICARDIAL	4	1.0	14
52.19567	4.64861	-43.54108	SAX_LV_EPICARDIAL	4	1.0	14
51.13343	2.43907	-42.16276	SAX_LV_EPICARDIAL	4	1.0	14
50.07119	0.22954	-40.78445	SAX_LV_EPICARDIAL	4	1.0	14
49.00895	-1.98000	-39.40614	SAX_LV_EPICARDIAL	4	1.0	14
46.83286	-4.18954	-38.88625	SAX_LV_EPICARDIAL	4	1.0	14
45.77062	-6.39907	-37.50793	SAX_LV_EPICARDIAL	4	1.0	14
43.59453	-8.60861	-36.98804	SAX_LV_EPICARDIAL	4	1.0	14
40.30460	-10.81815	-37.32657	SAX_LV_EPICARDIAL	4	1.0	14
38.12852	-13.02769	-36.80668	SAX_LV_EPICARDIAL	4	1.0	14
35.36971	-14.13246	-37.83437	SAX_LV_EPICARDIAL	4	1.0	14
32.07978	-16.34200	-38.17290	SAX_LV_EPICARDIAL	4	1.0	14
29.32097	-17.44677	-39.20059	SAX_LV_EPICARDIAL	4	1.0	14
26.56216	-18.55154	-40.22828	SAX_LV_EPICARDIAL	4	1.0	14
23.80335	-19.65631	-41.25597	SAX_LV_EPICARDIAL	4	1.0	14
21.57566	-19.65631	-42.97282	SAX_LV_EPICARDIAL	4	1.0	14
18.81685	-20.76108	-44.00051	SAX_LV_EPICARDIAL	4	1.0	14
16.58916	-20.76108	-45.71735	SAX_LV_EPICARDIAL	4	1.0	14
14.36147	-20.76109	-47.43420	SAX_LV_EPICARDIAL	4	1.0	14
16.38275	-11.92294	-54.66430	SAX_LV_ENDOCARDIAL	4	1.0	14
14.68619	-10.81818	-57.07030	SAX_LV_ENDOCARDIAL	4	1.0	14
12.45850	-10.81818	-58.78714	SAX_LV_ENDOCARDIAL	4	1.0	14
10.76193	-9.71341	-61.19315	SAX_LV_ENDOCARDIAL	4	1.0	14
9.06536	-8.60865	-63.59915	SAX_LV_ENDOCARDIAL	4	1.0	14
7.89992	-6.39911	-66.69431	SAX_LV_ENDOCARDIAL	4	1.0	14
7.84831	-4.18958	-68.93104	SAX_LV_ENDOCARDIAL	4	1.0	14
6.68287	-1.98004	-72.02620	SAX_LV_ENDOCARDIAL	4	1.0	14
7.74511	0.22949	-73.40452	SAX_LV_ENDOCARDIAL	4	1.0	14
7.69351	2.43903	-75.64125	SAX_LV_ENDOCARDIAL	4	1.0	14
8.75575	4.64857	-77.01957	SAX_LV_ENDOCARDIAL	4	1.0	14
9.81799	6.85810	-78.39788	SAX_LV_ENDOCARDIAL	4	1.0	14
11.99408	9.06764	-78.91777	SAX_LV_ENDOCARDIAL	4	1.0	14
13.05632	11.27718	-80.29608	SAX_LV_ENDOCARDIAL	4	1.0	14
16.34625	13.48672	-79.95755	SAX_LV_ENDOCARDIAL	4	1.0	14
19.63618	15.69625	-79.61902	SAX_LV_ENDOCARDIAL	4	1.0	14
22.39499	16.80103	-78.59133	SAX_LV_ENDOCARDIAL	4	1.0	14
25.15380	17.90580	-77.56364	SAX_LV_ENDOCARDIAL	4	1.0	14
27.38149	17.90580	-75.84680	SAX_LV_ENDOCARDIAL	4	1.0	14
30.14030	19.01057	-74.81911	SAX_LV_ENDOCARDIAL	4	1.0	14
32.36798	19.01057	-73.10226	SAX_LV_ENDOCARDIAL	4	1.0	14
34.59567	19.01057	-71.38542	SAX_LV_ENDOCARDIAL	4	1.0	14
36.82336	19.01057	-69.66857	SAX_LV_ENDOCARDIAL	4	1.0	14
39.05105	19.01058	-67.95172	SAX_LV_ENDOCARDIAL	4	1.0	14
40.74762	17.90581	-65.54572	SAX_LV_ENDOCARDIAL	4	1.0	14
42.44418	16.80105	-63.13972	SAX_LV_ENDOCARDIAL	4	1.0	14
44.14075	15.69628	-60.73372	SAX_LV_ENDOCARDIAL	4	1.0	14
45.83732	14.59151	-58.32771	SAX_LV_ENDOCARDIAL	4	1.0	14
47.00277	12.38198	-55.23256	SAX_LV_ENDOCARDIAL	4	1.0	14
47.05437	10.17244	-52.99582	SAX_LV_ENDOCARDIAL	4	1.0	14
45.99213	7.96291	-51.61751	SAX_LV_ENDOCARDIAL	4	1.0	14
46.04373	5.75337	-49.38077	SAX_LV_ENDOCARDIAL	4	1.0	14
44.98149	3.54383	-48.00246	SAX_LV_ENDOCARDIAL	4	1.0	14
43.91925	1.33430	-46.62414	SAX_LV_ENDOCARDIAL	4	1.0	14
41.74316	-0.87524	-46.10425	SAX_LV_ENDOCARDIAL	4	1.0	14
39.56707	-3.08478	-45.58436	SAX_LV_ENDOCARDIAL	4	1.0	14
37.39099	-5.29432	-45.06447	SAX_LV_ENDOCARDIAL	4	1.0	14
35.21490	-7.50385	-44.54458	SAX_LV_ENDOCARDIAL	4	1.0	14
32.45609	-8.60862	-45.57227	SAX_LV_ENDOCARDIAL	4	1.0	14
29.16616	-10.81816	-45.91080	SAX_LV_ENDOCARDIAL	4	1.0	14
26.40735	-11.92293	-46.93849	SAX_LV_ENDOCARDIAL	4	1.0	14
24.17966	-11.92293	-48.65534	SAX_LV_ENDOCARDIAL	4	1.0	14
21.95197	-11.92294	-50.37218	SAX_LV_ENDOCARDIAL	4	1.0	14
19.72429	-11.92294	-52.08903	SAX_LV_ENDOCARDIAL	4	1.0	14
17.49660	-11.92294	-53.80587	SAX_LV_ENDOCARDIAL	4	1.0	14
-2.87996	3.79627	-85.13960	RV_INSERT	4	1.0	14
8.63192	-22.08866	-50.52986	RV_INSERT	4	1.0	14
-21.17317	-30.60736	-93.47427	SAX_RV_FREEWALL	5	1.0	14
-22.86974	-29.50260	-95.88027	SAX_RV_FREEWALL	5	1.0	14
-25.09743	-29.50260	-97.59711	SAX_RV_FREEWALL	5	1.0	14
-24.03519	-27.29306	-98.97543	SAX_RV_FREEWALL	5	1.0	14
-22.39022	-26.18829	-98.80616	SAX_RV_FREEWALL	5	1.0	14
-19.10029	-23.97875	-98.46763	SAX_RV_FREEWALL	5	1.0	14
-15.81036	-21.76922	-98.12910	SAX_RV_FREEWALL	5	1.0	14
-12.52043	-19.55968	-97.79056	SAX_RV_FREEWALL	5	1.0	14
-9.23050	-17.35014	-97.45203	SAX_RV_FREEWALL	5	1.0	14
-5.94057	-15.14060	-97.11350	SAX_RV_FREEWALL	5	1.0	14
-2.65064	-12.93106	-96.77497	SAX_RV_FREEWALL	5	1.0	14
0.63929	-10.72152	-96.43644	SAX_RV_FREEWALL	5	1.0	14
3.92922	-8.51198	-96.09790	SAX_RV_FREEWALL	5	1.0	14
6.68803	-7.40721	-95.07021	SAX_RV_FREEWALL	5	1.0	14
9.44684	-6.30244	-94.04253	SAX_RV_FREEWALL	5	1.0	14
11.67453	-6.30244	-92.32568	SAX_RV_FREEWALL	5	1.0	14
8.74581	-23.97873	-77.00706	SAX_RV_FREEWALL	5	1.0	14
5.98700	-25.08350	-78.03475	SAX_RV_FREEWALL	5	1.0	14
3.75932	-25.08350	-79.75159	SAX_RV_FREEWALL	5	1.0	14
1.00051	-26.18827	-80.77928	SAX_RV_FREEWALL	5	1.0	14
-1.75830	-27.29304	-81.80697	SAX_RV_FREEWALL	5	1.0	14
-4.51711	-28.39781	-82.83466	SAX_RV_FREEWALL	5	1.0	14
-6.74480	-28.39781	-84.55151	SAX_RV_FREEWALL	5	1.0	14
-9.50361	-29.50258	-85.57919	SAX_RV_FREEWALL	5	1.0	14
-11.73130	-29.50259	-87.29604	SAX_RV_FREEWALL	5	1.0	14
-13.95899	-29.50259	-89.01289	SAX_RV_FREEWALL	5	1.0	14
-16.71780	-30.60736	-90.04057	SAX_RV_FREEWALL	5	1.0	14
-18.94548	-30.60736	-91.75742	SAX_RV_FREEWALL	5	1.0	14
-22.76654	-33.92167	-91.40680	SAX_RV_EPICARDIAL	5	1.0	14
-24.46310	-32.81690	-93.81280	SAX_RV_EPICARDIAL	5	1.0	14
-26.69079	-32.81690	-95.52964	SAX_RV_EPICARDIAL	5	1.0	14
-28.38736	-31.71214	-97.93565	SAX_RV_EPICARDIAL	5	1.0	14
-26.74239	-30.60737	-97.76638	SAX_RV_EPICARDIAL	5	1.0	14
-25.68015	-28.39783	-99.14469	SAX_RV_EPICARDIAL	5	1.0	14
-25.73175	-26.18830	-101.38143	SAX_RV_EPICARDIAL	5	1.0	14
-22.44182	-23.97876	-101.04290	SAX_RV_EPICARDIAL	5	1.0	14
-19.15189	-21.76922	-100.70436	SAX_RV_EPICARDIAL	5	1.0	14
-15.86196	-19.55968	-100.36583	SAX_RV_EPICARDIAL	5	1.0	14
-13.68588	-17.35014	-100.88572	SAX_RV_EPICARDIAL	5	1.0	14
-10.39595	-15.14060	-100.54719	SAX_RV_EPICARDIAL	5	1.0	14
-7.10602	-12.93106	-100.20866	SAX_RV_EPICARDIAL	5	1.0	14
-3.81609	-10.72153	-99.87013	SAX_RV_EPICARDIAL	5	1.0	14
-1.05728	-9.61676	-98.84244	SAX_RV_EPICARDIAL	5	1.0	14
2.23265	-7.40722	-98.50391	SAX_RV_EPICARDIAL	5	1.0	14
5.52258	-5.19768	-98.16537	SAX_RV_EPICARDIAL	5	1.0	14
8.28139	-4.09291	-97.13768	SAX_RV_EPICARDIAL	5	1.0	14
11.04020	-2.98814	-96.11000	SAX_RV_EPICARDIAL	5	1.0	14
13.26789	-2.98813	-94.39315	SAX_RV_EPICARDIAL	5	1.0	14
15.49558	-2.98813	-92.67630	SAX_RV_EPICARDIAL	5	1.0	14
13.90222	-6.30244	-90.60883	SAX_RV_EPICARDIAL	5	1.0	14
14.84616	-22.87395	-73.40410	SAX_RV_EPICARDIAL	5	1.0	14
14.36664	-26.18826	-70.47821	SAX_RV_EPICARDIAL	5	1.0	14
12.13895	-26.18826	-72.19505	SAX_RV_EPICARDIAL	5	1.0	14
9.38014	-27.29303	-73.22274	SAX_RV_EPICARDIAL	5	1.0	14
7.15245	-27.29303	-74.93959	SAX_RV_EPICARDIAL	5	1.0	14
4.39364	-28.39780	-75.96728	SAX_RV_EPICARDIAL	5	1.0	14
2.16595	-28.39780	-77.68412	SAX_RV_EPICARDIAL	5	1.0	14
-0.59286	-29.50257	-78.71181	SAX_RV_EPICARDIAL	5	1.0	14
-3.35167	-30.60734	-79.73950	SAX_RV_EPICARDIAL	5	1.0	14
-5.57935	-30.60735	-81.45635	SAX_RV_EPICARDIAL	5	1.0	14
-8.33816	-31.71212	-82.48404	SAX_RV_EPICARDIAL	5	1.0	14
-10.56585	-31.71212	-84.20088	SAX_RV_EPICARDIAL	5	1.0	14
-13.32466	-32.81689	-85.22857	SAX_RV_EPICARDIAL	5	1.0	14
-15.55235	-32.81689	-86.94542	SAX_RV_EPICARDIAL	5	1.0	14
-17.78004	-32.81689	-88.66226	SAX_RV_EPICARDIAL	5	1.0	14
-20.00773	-32.81690	-90.37911	SAX_RV_EPICARDIAL	5	1.0	14
-26.26288	-27.29306	-100.69227	SAX_RV_EPICARDIAL	5	1.0	14
12.25725	-7.40721	-90.77810	SAX_RV_SEPTUM	5	1.0	14
12.30885	-9.61674	-88.54136	SAX_RV_SEPTUM	5	1.0	14
11.24661	-11.82628	-87.16305	SAX_RV_SEPTUM	5	1.0	14
10.18437	-14.03582	-85.78474	SAX_RV_SEPTUM	5	1.0	14
11.34982	-16.24535	-82.68958	SAX_RV_SEPTUM	5	1.0	14
11.40142	-18.45488	-80.45284	SAX_RV_SEPTUM	5	1.0	14
12.56686	-20.66442	-77.35768	SAX_RV_SEPTUM	5	1.0	14
13.73231	-22.87395	-74.26252	SAX_RV_SEPTUM	5	1.0	14
13.73231	-22.87395	-74.26252	SAX_RV_SEPTUM	5	1.0	14
10.97350	-23.97872	-75.29021	SAX_RV_SEPTUM	5	1.0	14
19.35313	-25.08348	-67.73367	SAX_LV_EPICARDIAL	5	1.0	14
17.65657	-23.97872	-70.13968	SAX_LV_EPICARDIAL	5	1.0	14
17.19215	-4.09290	-90.27030	SAX_LV_EPICARDIAL	5	1.0	14
18.25439	-1.88336	-91.64862	SAX_LV_EPICARDIAL	5	1.0	14
21.54432	0.32618	-91.31008	SAX_LV_EPICARDIAL	5	1.0	14
24.83425	2.53572	-90.97155	SAX_LV_EPICARDIAL	5	1.0	14
28.12418	4.74525	-90.63302	SAX_LV_EPICARDIAL	5	1.0	14
30.88299	5.85003	-89.60533	SAX_LV_EPICARDIAL	5	1.0	14
33.64180	6.95480	-88.57764	SAX_LV_EPICARDIAL	5	1.0	14
35.86949	6.95480	-86.86080	SAX_LV_EPICARDIAL	5	1.0	14
38.09717	6.95480	-85.14395	SAX_LV_EPICARDIAL	5	1.0	14
40.85598	8.05957	-84.11626	SAX_LV_EPICARDIAL	5	1.0	14
42.55255	6.95480	-81.71026	SAX_LV_EPICARDIAL	5	1.0	14
44.78024	6.95481	-79.99341	SAX_LV_EPICARDIAL	5	1.0	14
47.00793	6.95481	-78.27657	SAX_LV_EPICARDIAL	5	1.0	14
49.23562	6.95481	-76.55972	SAX_LV_EPICARDIAL	5	1.0	14
50.93218	5.85005	-74.15372	SAX_LV_EPICARDIAL	5	1.0	14
52.62875	4.74528	-71.74772	SAX_LV_EPICARDIAL	5	1.0	14
54.32532	3.64051	-69.34171	SAX_LV_EPICARDIAL	5	1.0	14
54.37692	1.43098	-67.10498	SAX_LV_EPICARDIAL	5	1.0	14
55.54237	-0.77856	-64.00982	SAX_LV_EPICARDIAL	5	1.0	14
54.48013	-2.98809	-62.63151	SAX_LV_EPICARDIAL	5	1.0	14
54.53173	-5.19763	-60.39477	SAX_LV_EPICARDIAL	5	1.0	14
53.46949	-7.40717	-59.01646	SAX_LV_EPICARDIAL	5	1.0	14
52.40725	-9.61670	-57.63814	SAX_LV_EPICARDIAL	5	1.0	14
51.34500	-11.82624	-56.25983	SAX_LV_EPICARDIAL	5	1.0	14
49.16892	-14.03578	-55.73994	SAX_LV_EPICARDIAL	5	1.0	14
46.99283	-16.24531	-55.22005	SAX_LV_EPICARDIAL	5	1.0	14
43.70290	-18.45485	-55.55858	SAX_LV_EPICARDIAL	5	1.0	14
41.52681	-20.66439	-55.03869	SAX_LV_EPICARDIAL	5	1.0	14
38.76801	-21.76916	-56.06638	SAX_LV_EPICARDIAL	5	1.0	14
35.47808	-23.97870	-56.40491	SAX_LV_EPICARDIAL	5	1.0	14
33.25039	-23.97870	-58.12176	SAX_LV_EPICARDIAL	5	1.0	14
30.49158	-25.08347	-59.14945	SAX_LV_EPICARDIAL	5	1.0	14
28.26389	-25.08347	-60.86629	SAX_LV_EPICARDIAL	5	1.0	14
26.03620	-25.08348	-62.58314	SAX_LV_EPICARDIAL	5	1.0	14
23.80851	-25.08348	-64.29998	SAX_LV_EPICARDIAL	5	1.0	14
21.58082	-25.08348	-66.01683	SAX_LV_EPICARDIAL	5	1.0	14
23.65370	-18.45487	-71.01019	SAX_LV_ENDOCARDIAL	5	1.0	14
21.95714	-17.35011	-73.41619	SAX_LV_ENDOCARDIAL	5	1.0	14
20.26057	-16.24534	-75.82220	SAX_LV_ENDOCARDIAL	5	1.0	14
19.09512	-14.03581	-78.91735	SAX_LV_ENDOCARDIAL	5	1.0	14
19.04352	-11.82627	-81.15409	SAX_LV_ENDOCARDIAL	5	1.0	14
18.99192	-9.61674	-83.39083	SAX_LV_ENDOCARDIAL	5	1.0	14
20.05416	-7.40720	-84.76914	SAX_LV_ENDOCARDIAL	5	1.0	14
22.23025	-5.19766	-85.28903	SAX_LV_ENDOCARDIAL	5	1.0	14
24.40633	-2.98812	-85.80892	SAX_LV_ENDOCARDIAL	5	1.0	14
26.05130	-1.88335	-85.63966	SAX_LV_ENDOCARDIAL	5	1.0	14
29.34123	0.32618	-85.30112	SAX_LV_ENDOCARDIAL	5	1.0	14
32.10004	1.43096	-84.27343	SAX_LV_ENDOCARDIAL	5	1.0	14
34.32773	1.43096	-82.55659	SAX_LV_ENDOCARDIAL	5	1.0	14
37.08654	2.53573	-81.52890	SAX_LV_ENDOCARDIAL	5	1.0	14
39.31422	2.53573	-79.81205	SAX_LV_ENDOCARDIAL	5	1.0	14
41.54191	2.53573	-78.09521	SAX_LV_ENDOCARDIAL	5	1.0	14
43.23848	1.43097	-75.68921	SAX_LV_ENDOCARDIAL	5	1.0	14
45.46617	1.43097	-73.97236	SAX_LV_ENDOCARDIAL	5	1.0	14
46.63161	-0.77857	-70.87720	SAX_LV_ENDOCARDIAL	5	1.0	14
47.21434	-1.88333	-69.32962	SAX_LV_ENDOCARDIAL	5	1.0	14
48.37978	-4.09287	-66.23446	SAX_LV_ENDOCARDIAL	5	1.0	14
47.31754	-6.30240	-64.85615	SAX_LV_ENDOCARDIAL	5	1.0	14
46.25530	-8.51194	-63.47784	SAX_LV_ENDOCARDIAL	5	1.0	14
44.07921	-10.72148	-62.95795	SAX_LV_ENDOCARDIAL	5	1.0	14
41.90313	-12.93102	-62.43806	SAX_LV_ENDOCARDIAL	5	1.0	14
39.72704	-15.14055	-61.91816	SAX_LV_ENDOCARDIAL	5	1.0	14
36.96823	-16.24532	-62.94585	SAX_LV_ENDOCARDIAL	5	1.0	14
33.67830	-18.45486	-63.28439	SAX_LV_ENDOCARDIAL	5	1.0	14
31.45061	-18.45486	-65.00123	SAX_LV_ENDOCARDIAL	5	1.0	14
29.22293	-18.45487	-66.71808	SAX_LV_ENDOCARDIAL	5	1.0	14
26.99524	-18.45487	-68.43492	SAX_LV_ENDOCARDIAL	5	1.0	14
24.76755	-18.45487	-70.15177	SAX_LV_ENDOCARDIAL	5	1.0	14
13.18506	-23.18642	-74.37359	RV_INSERT	5	1.0	14
11.92900	-5.99684	-92.43342	RV_INSERT	5	1.0	14
13.15575	-27.19736	-98.85412	SAX_RV_FREEWALL	6	1.0	14
11.45918	-26.09259	-101.26012	SAX_RV_FREEWALL	6	1.0	14
9.76262	-24.98782	-103.66612	SAX_RV_FREEWALL	6	1.0	14
9.17989	-23.88306	-105.21370	SAX_RV_FREEWALL	6	1.0	14
10.24213	-21.67352	-106.59201	SAX_RV_FREEWALL	6	1.0	14
13.53206	-19.46398	-106.25348	SAX_RV_FREEWALL	6	1.0	14
16.29087	-18.35921	-105.22579	SAX_RV_FREEWALL	6	1.0	14
19.04968	-17.25444	-104.19810	SAX_RV_FREEWALL	6	1.0	14
21.27737	-17.25444	-102.48126	SAX_RV_FREEWALL	6	1.0	14
19.25609	-26.09258	-95.25116	SAX_RV_FREEWALL	6	1.0	14
16.49728	-27.19735	-96.27885	SAX_RV_FREEWALL	6	1.0	14
14.26960	-27.19735	-97.99569	SAX_RV_FREEWALL	6	1.0	14
9.86582	-29.40689	-99.19265	SAX_RV_EPICARDIAL	6	1.0	14
8.16925	-28.30213	-101.59865	SAX_RV_EPICARDIAL	6	1.0	14
5.94156	-28.30213	-103.31550	SAX_RV_EPICARDIAL	6	1.0	14
4.77612	-26.09260	-106.41065	SAX_RV_EPICARDIAL	6	1.0	14
5.83836	-23.88306	-107.78897	SAX_RV_EPICARDIAL	6	1.0	14
8.01445	-21.67352	-108.30886	SAX_RV_EPICARDIAL	6	1.0	14
10.19053	-19.46398	-108.82875	SAX_RV_EPICARDIAL	6	1.0	14
12.94934	-18.35921	-107.80106	SAX_RV_EPICARDIAL	6	1.0	14
16.23927	-16.14968	-107.46253	SAX_RV_EPICARDIAL	6	1.0	14
18.46696	-16.14967	-105.74568	SAX_RV_EPICARDIAL	6	1.0	14
20.69465	-16.14967	-104.02884	SAX_RV_EPICARDIAL	6	1.0	14
22.92234	-16.14967	-102.31199	SAX_RV_EPICARDIAL	6	1.0	14
25.15003	-16.14967	-100.59515	SAX_RV_EPICARDIAL	6	1.0	14
24.08778	-18.35920	-99.21683	SAX_RV_EPICARDIAL	6	1.0	14
23.12875	-24.98781	-93.36505	SAX_RV_EPICARDIAL	6	1.0	14
23.18035	-27.19735	-91.12831	SAX_RV_EPICARDIAL	6	1.0	14
20.42154	-28.30212	-92.15600	SAX_RV_EPICARDIAL	6	1.0	14
18.19385	-28.30212	-93.87284	SAX_RV_EPICARDIAL	6	1.0	14
15.43504	-29.40689	-94.90053	SAX_RV_EPICARDIAL	6	1.0	14
13.20735	-29.40689	-96.61738	SAX_RV_EPICARDIAL	6	1.0	14
10.97966	-29.40689	-98.33422	SAX_RV_EPICARDIAL	6	1.0	14
22.97394	-18.35920	-100.07525	SAX_RV_SEPTUM	6	1.0	14
23.02554	-20.56874	-97.83852	SAX_RV_SEPTUM	6	1.0	14
23.07714	-22.77828	-95.60178	SAX_RV_SEPTUM	6	1.0	14
22.01490	-24.98781	-94.22347	SAX_RV_SEPTUM	6	1.0	14
28.80117	-29.40688	-84.59946	SAX_LV_EPICARDIAL	6	1.0	14
27.10460	-28.30211	-87.00546	SAX_LV_EPICARDIAL	6	1.0	14
25.40804	-27.19734	-89.41146	SAX_LV_EPICARDIAL	6	1.0	14
28.43996	-13.94013	-100.25661	SAX_LV_EPICARDIAL	6	1.0	14
31.72989	-11.73059	-99.91808	SAX_LV_EPICARDIAL	6	1.0	14
35.01982	-9.52105	-99.57955	SAX_LV_EPICARDIAL	6	1.0	14
37.77863	-8.41628	-98.55186	SAX_LV_EPICARDIAL	6	1.0	14
40.00631	-8.41628	-96.83501	SAX_LV_EPICARDIAL	6	1.0	14
42.76512	-7.31151	-95.80733	SAX_LV_EPICARDIAL	6	1.0	14
44.99281	-7.31150	-94.09048	SAX_LV_EPICARDIAL	6	1.0	14
46.68938	-8.41627	-91.68448	SAX_LV_EPICARDIAL	6	1.0	14
48.91707	-8.41627	-89.96763	SAX_LV_EPICARDIAL	6	1.0	14
50.08251	-10.62580	-86.87247	SAX_LV_EPICARDIAL	6	1.0	14
50.13412	-12.83534	-84.63574	SAX_LV_EPICARDIAL	6	1.0	14
50.18572	-15.04487	-82.39900	SAX_LV_EPICARDIAL	6	1.0	14
49.12348	-17.25441	-81.02069	SAX_LV_EPICARDIAL	6	1.0	14
48.06124	-19.46395	-79.64237	SAX_LV_EPICARDIAL	6	1.0	14
46.99899	-21.67348	-78.26406	SAX_LV_EPICARDIAL	6	1.0	14
44.82291	-23.88302	-77.74417	SAX_LV_EPICARDIAL	6	1.0	14
42.64682	-26.09256	-77.22428	SAX_LV_EPICARDIAL	6	1.0	14
39.35689	-28.30210	-77.56281	SAX_LV_EPICARDIAL	6	1.0	14
37.12920	-28.30210	-79.27966	SAX_LV_EPICARDIAL	6	1.0	14
34.37039	-29.40687	-80.30735	SAX_LV_EPICARDIAL	6	1.0	14
32.14270	-29.40687	-82.02419	SAX_LV_EPICARDIAL	6	1.0	14
29.91502	-29.40687	-83.74104	SAX_LV_EPICARDIAL	6	1.0	14
32.57062	-23.88303	-87.18682	SAX_LV_ENDOCARDIAL	6	1.0	14
30.87405	-22.77827	-89.59282	SAX_LV_ENDOCARDIAL	6	1.0	14
30.82245	-20.56873	-91.82956	SAX_LV_ENDOCARDIAL	6	1.0	14
30.77085	-18.35920	-94.06630	SAX_LV_ENDOCARDIAL	6	1.0	14
31.83309	-16.14966	-95.44461	SAX_LV_ENDOCARDIAL	6	1.0	14
34.00918	-13.94012	-95.96450	SAX_LV_ENDOCARDIAL	6	1.0	14
35.65414	-12.83535	-95.79523	SAX_LV_ENDOCARDIAL	6	1.0	14
38.41295	-11.73058	-94.76754	SAX_LV_ENDOCARDIAL	6	1.0	14
40.64064	-11.73058	-93.05070	SAX_LV_ENDOCARDIAL	6	1.0	14
42.86833	-11.73058	-91.33385	SAX_LV_ENDOCARDIAL	6	1.0	14
44.03377	-13.94011	-88.23869	SAX_LV_ENDOCARDIAL	6	1.0	14
44.08538	-16.14965	-86.00196	SAX_LV_ENDOCARDIAL	6	1.0	14
43.02314	-18.35918	-84.62364	SAX_LV_ENDOCARDIAL	6	1.0	14
41.96089	-20.56872	-83.24533	SAX_LV_ENDOCARDIAL	6	1.0	14
39.78481	-22.77826	-82.72544	SAX_LV_ENDOCARDIAL	6	1.0	14
37.02600	-23.88303	-83.75313	SAX_LV_ENDOCARDIAL	6	1.0	14
34.79831	-23.88303	-85.46997	SAX_LV_ENDOCARDIAL	6	1.0	14
22.44542	-17.97179	-100.86779	RV_INSERT	6	1.0	14
21.59222	-25.10996	-94.42777	RV_INSERT	6	1.0	14
6.80742	21.52609	-22.73920	LAX_LV_ENDOCARDIAL	9	1.0	14
8.61021	19.35775	-24.13059	LAX_LV_ENDOCARDIAL	9	1.0	14
10.35795	17.15426	-24.11724	LAX_LV_ENDOCARDIAL	9	1.0	14
12.16074	14.98593	-25.50863	LAX_LV_ENDOCARDIAL	9	1.0	14
13.90849	12.78244	-25.49528	LAX_LV_ENDOCARDIAL	9	1.0	14
15.71128	10.61411	-26.88667	LAX_LV_ENDOCARDIAL	9	1.0	14
17.45903	8.41062	-26.87332	LAX_LV_ENDOCARDIAL	9	1.0	14
19.20678	6.20713	-26.85998	LAX_LV_ENDOCARDIAL	9	1.0	14
20.89948	3.96850	-25.44190	LAX_LV_ENDOCARDIAL	9	1.0	14
22.70227	1.80016	-26.83328	LAX_LV_ENDOCARDIAL	9	1.0	14
24.45001	-0.40333	-26.81994	LAX_LV_ENDOCARDIAL	9	1.0	14
26.25281	-2.57166	-28.21133	LAX_LV_ENDOCARDIAL	9	1.0	14
28.05560	-4.74000	-29.60271	LAX_LV_ENDOCARDIAL	9	1.0	14
29.91343	-6.87318	-32.39883	LAX_LV_ENDOCARDIAL	9	1.0	14
30.89740	-7.90462	-35.20162	LAX_LV_ENDOCARDIAL	9	1.0	14
31.00748	-7.83432	-38.01109	LAX_LV_ENDOCARDIAL	9	1.0	14
31.99145	-8.86576	-40.81388	LAX_LV_ENDOCARDIAL	9	1.0	14
32.97541	-9.89719	-43.61667	LAX_LV_ENDOCARDIAL	9	1.0	14
33.95937	-10.92863	-46.41947	LAX_LV_ENDOCARDIAL	9	1.0	14
34.94333	-11.96007	-49.22226	LAX_LV_ENDOCARDIAL	9	1.0	14
35.92730	-12.99151	-52.02505	LAX_LV_ENDOCARDIAL	9	1.0	14
36.91126	-14.02295	-54.82784	LAX_LV_ENDOCARDIAL	9	1.0	14
37.89522	-15.05439	-57.63064	LAX_LV_ENDOCARDIAL	9	1.0	14
38.87918	-16.08583	-60.43343	LAX_LV_ENDOCARDIAL	9	1.0	14
39.86315	-17.11727	-63.23622	LAX_LV_ENDOCARDIAL	9	1.0	14
40.84711	-18.14871	-66.03901	LAX_LV_ENDOCARDIAL	9	1.0	14
40.95720	-18.07841	-68.84848	LAX_LV_ENDOCARDIAL	9	1.0	14
41.94116	-19.10985	-71.65127	LAX_LV_ENDOCARDIAL	9	1.0	14
42.05125	-19.03954	-74.46074	LAX_LV_ENDOCARDIAL	9	1.0	14
43.03521	-20.07098	-77.26353	LAX_LV_ENDOCARDIAL	9	1.0	14
43.14530	-20.00068	-80.07299	LAX_LV_ENDOCARDIAL	9	1.0	14
43.25539	-19.93038	-82.88246	LAX_LV_ENDOCARDIAL	9	1.0	14
43.36548	-19.86007	-85.69193	LAX_LV_ENDOCARDIAL	9	1.0	14
43.47557	-19.78977	-88.50139	LAX_LV_ENDOCARDIAL	9	1.0	14
42.71178	-18.61772	-91.31753	LAX_LV_ENDOCARDIAL	9	1.0	14
41.94800	-17.44567	-94.13367	LAX_LV_ENDOCARDIAL	9	1.0	14
41.18422	-16.27363	-96.94981	LAX_LV_ENDOCARDIAL	9	1.0	14
40.36539	-15.13673	-98.36121	LAX_LV_ENDOCARDIAL	9	1.0	14
38.67268	-12.89809	-99.77929	LAX_LV_ENDOCARDIAL	9	1.0	14
36.86989	-10.72976	-98.38790	LAX_LV_ENDOCARDIAL	9	1.0	14
35.06710	-8.56142	-96.99652	LAX_LV_ENDOCARDIAL	9	1.0	14
33.26431	-6.39309	-95.60513	LAX_LV_ENDOCARDIAL	9	1.0	14
31.40648	-4.25990	-92.80901	LAX_LV_ENDOCARDIAL	9	1.0	14
29.60368	-2.09157	-91.41762	LAX_LV_ENDOCARDIAL	9	1.0	14
27.80089	0.07677	-90.02624	LAX_LV_ENDOCARDIAL	9	1.0	14
26.05315	2.28025	-90.03958	LAX_LV_ENDOCARDIAL	9	1.0	14
24.25036	4.44859	-88.64819	LAX_LV_ENDOCARDIAL	9	1.0	14
22.44756	6.61692	-87.25681	LAX_LV_ENDOCARDIAL	9	1.0	14
20.64477	8.78526	-85.86542	LAX_LV_ENDOCARDIAL	9	1.0	14
18.89703	10.98874	-85.87877	LAX_LV_ENDOCARDIAL	9	1.0	14
17.09424	13.15708	-84.48738	LAX_LV_ENDOCARDIAL	9	1.0	14
15.34649	15.36057	-84.50073	LAX_LV_ENDOCARDIAL	9	1.0	14
13.54370	17.52890	-83.10934	LAX_LV_ENDOCARDIAL	9	1.0	14
11.74091	19.69724	-81.71795	LAX_LV_ENDOCARDIAL	9	1.0	14
9.93812	21.86557	-80.32656	LAX_LV_ENDOCARDIAL	9	1.0	14
8.13532	24.03391	-78.93518	LAX_LV_ENDOCARDIAL	9	1.0	14
6.27749	26.16709	-76.13906	LAX_LV_ENDOCARDIAL	9	1.0	14
4.47470	28.33542	-74.74767	LAX_LV_ENDOCARDIAL	9	1.0	14
2.61686	30.46861	-71.95155	LAX_LV_ENDOCARDIAL	9	1.0	14
1.63290	31.50005	-69.14876	LAX_LV_ENDOCARDIAL	9	1.0	14
-0.22494	33.63323	-66.35264	LAX_LV_ENDOCARDIAL	9	1.0	14
-1.20890	34.66467	-63.54985	LAX_LV_ENDOCARDIAL	9	1.0	14
-3.06673	36.79785	-60.75373	LAX_LV_ENDOCARDIAL	9	1.0	14
16.14480	9.23115	-15.64213	LAX_LV_EPICARDIAL	9	1.0	14
17.94759	7.06281	-17.03352	LAX_LV_EPICARDIAL	9	1.0	14
19.69534	4.85933	-17.02017	LAX_LV_EPICARDIAL	9	1.0	14
21.49813	2.69099	-18.41156	LAX_LV_EPICARDIAL	9	1.0	14
23.24587	0.48751	-18.39822	LAX_LV_EPICARDIAL	9	1.0	14
25.04867	-1.68083	-19.78960	LAX_LV_EPICARDIAL	9	1.0	14
26.85146	-3.84916	-21.18099	LAX_LV_EPICARDIAL	9	1.0	14
28.59920	-6.05265	-21.16764	LAX_LV_EPICARDIAL	9	1.0	14
30.45704	-8.18583	-23.96376	LAX_LV_EPICARDIAL	9	1.0	14
32.31487	-10.31902	-26.75988	LAX_LV_EPICARDIAL	9	1.0	14
33.29884	-11.35046	-29.56268	LAX_LV_EPICARDIAL	9	1.0	14
35.15667	-13.48364	-32.35879	LAX_LV_EPICARDIAL	9	1.0	14
36.14063	-14.51508	-35.16159	LAX_LV_EPICARDIAL	9	1.0	14
37.12460	-15.54652	-37.96438	LAX_LV_EPICARDIAL	9	1.0	14
38.10856	-16.57796	-40.76717	LAX_LV_EPICARDIAL	9	1.0	14
39.09252	-17.60940	-43.56996	LAX_LV_EPICARDIAL	9	1.0	14
40.07648	-18.64084	-46.37276	LAX_LV_EPICARDIAL	9	1.0	14
41.06045	-19.67228	-49.17555	LAX_LV_EPICARDIAL	9	1.0	14
41.17054	-19.60197	-51.98501	LAX_LV_EPICARDIAL	9	1.0	14
42.15450	-20.63341	-54.78781	LAX_LV_EPICARDIAL	9	1.0	14
43.13846	-21.66485	-57.59060	LAX_LV_EPICARDIAL	9	1.0	14
44.12242	-22.69629	-60.39339	LAX_LV_EPICARDIAL	9	1.0	14
44.23251	-22.62599	-63.20286	LAX_LV_EPICARDIAL	9	1.0	14
45.21647	-23.65743	-66.00565	LAX_LV_EPICARDIAL	9	1.0	14
45.32656	-23.58713	-68.81511	LAX_LV_EPICARDIAL	9	1.0	14
46.31053	-24.61857	-71.61791	LAX_LV_EPICARDIAL	9	1.0	14
46.42062	-24.54826	-74.42737	LAX_LV_EPICARDIAL	9	1.0	14
46.53070	-24.47796	-77.23684	LAX_LV_EPICARDIAL	9	1.0	14
46.64079	-24.40765	-80.04630	LAX_LV_EPICARDIAL	9	1.0	14
46.75088	-24.33735	-82.85577	LAX_LV_EPICARDIAL	9	1.0	14
46.86097	-24.26705	-85.66523	LAX_LV_EPICARDIAL	9	1.0	14
46.09719	-23.09500	-88.48137	LAX_LV_EPICARDIAL	9	1.0	14
46.20728	-23.02470	-91.29084	LAX_LV_EPICARDIAL	9	1.0	14
45.44349	-21.85265	-94.10698	LAX_LV_EPICARDIAL	9	1.0	14
44.67971	-20.68060	-96.92311	LAX_LV_EPICARDIAL	9	1.0	14
43.91592	-19.50855	-99.73925	LAX_LV_EPICARDIAL	9	1.0	14
42.27827	-17.23476	-102.56206	LAX_LV_EPICARDIAL	9	1.0	14
40.58556	-14.99612	-103.98014	LAX_LV_EPICARDIAL	9	1.0	14
38.83782	-12.79264	-103.99349	LAX_LV_EPICARDIAL	9	1.0	14
37.03503	-10.62430	-102.60210	LAX_LV_EPICARDIAL	9	1.0	14
35.28728	-8.42082	-102.61545	LAX_LV_EPICARDIAL	9	1.0	14
33.48449	-6.25248	-101.22406	LAX_LV_EPICARDIAL	9	1.0	14
31.68170	-4.08415	-99.83267	LAX_LV_EPICARDIAL	9	1.0	14
29.87891	-1.91581	-98.44129	LAX_LV_EPICARDIAL	9	1.0	14
28.07612	0.25252	-97.04990	LAX_LV_EPICARDIAL	9	1.0	14
26.32837	2.45601	-97.06324	LAX_LV_EPICARDIAL	9	1.0	14
24.52558	4.62435	-95.67186	LAX_LV_EPICARDIAL	9	1.0	14
22.77783	6.82783	-95.68520	LAX_LV_EPICARDIAL	9	1.0	14
20.97504	8.99617	-94.29382	LAX_LV_EPICARDIAL	9	1.0	14
19.22729	11.19966	-94.30716	LAX_LV_EPICARDIAL	9	1.0	14
17.42450	13.36799	-92.91578	LAX_LV_EPICARDIAL	9	1.0	14
15.62171	15.53633	-91.52439	LAX_LV_EPICARDIAL	9	1.0	14
13.87397	17.73981	-91.53773	LAX_LV_EPICARDIAL	9	1.0	14
12.07117	19.90815	-90.14635	LAX_LV_EPICARDIAL	9	1.0	14
10.26838	22.07648	-88.75496	LAX_LV_EPICARDIAL	9	1.0	14
8.46559	24.24482	-87.36357	LAX_LV_EPICARDIAL	9	1.0	14
6.66280	26.41315	-85.97219	LAX_LV_EPICARDIAL	9	1.0	14
4.86001	28.58149	-84.58080	LAX_LV_EPICARDIAL	9	1.0	14
3.05722	30.74982	-83.18941	LAX_LV_EPICARDIAL	9	1.0	14
1.25443	32.91816	-81.79803	LAX_LV_EPICARDIAL	9	1.0	14
-0.54836	35.08649	-80.40664	LAX_LV_EPICARDIAL	9	1.0	14
-2.40620	37.21968	-77.61052	LAX_LV_EPICARDIAL	9	1.0	14
-4.26403	39.35286	-74.81440	LAX_LV_EPICARDIAL	9	1.0	14
-5.24800	40.38430	-72.01161	LAX_LV_EPICARDIAL	9	1.0	14
-6.23196	41.41574	-69.20882	LAX_LV_EPICARDIAL	9	1.0	14
-6.34205	41.34543	-66.39935	LAX_LV_EPICARDIAL	9	1.0	14
-7.32601	42.37687	-63.59656	LAX_LV_EPICARDIAL	9	1.0	14
-6.56223	41.20483	-60.78042	LAX_LV_EPICARDIAL	9	1.0	14
-5.74340	40.06793	-59.36901	LAX_LV_EPICARDIAL	9	1.0	14
6.80742	21.52609	-22.73920	LAX_LV_EPICARDIAL	9	1.0	14
5.82345	22.55753	-19.93641	LAX_LV_EPICARDIAL	9	1.0	14
7.51616	20.31889	-18.51833	LAX_LV_EPICARDIAL	9	1.0	14
9.20886	18.08025	-17.10025	LAX_LV_EPICARDIAL	9	1.0	14
10.90156	15.84161	-15.68217	LAX_LV_EPICARDIAL	9	1.0	14
12.64931	13.63812	-15.66883	LAX_LV_EPICARDIAL	9	1.0	14
14.39705	11.43464	-15.65548	LAX_LV_EPICARDIAL	9	1.0	14
5.15518	23.63841	-23.14487	MITRAL_VALVE	9	1.0	14
-4.19665	37.86717	-55.98794	MITRAL_VALVE	9	1.0	14
44.05897	-19.68389	-99.80559	APEX_POINT	9	1.0	14
-7.62175	37.20859	10.87429	LAX_LA	9	1.0	14
-5.81896	35.04026	9.48290	LAX_LA	9	1.0	14
-3.96113	32.90707	6.68679	LAX_LA	9	1.0	14
-3.85104	32.97738	3.87732	LAX_LA	9	1.0	14
-1.99320	30.84420	1.08120	LAX_LA	9	1.0	14
-1.00924	29.81276	-1.72159	LAX_LA	9	1.0	14
-0.02528	28.78132	-4.52438	LAX_LA	9	1.0	14
0.95869	27.74988	-7.32718	LAX_LA	9	1.0	14
1.94265	26.71844	-10.12997	LAX_LA	9	1.0	14
2.05274	26.78874	-12.93943	LAX_LA	9	1.0	14
2.16283	26.85904	-15.74890	LAX_LA	9	1.0	14
3.14679	25.82760	-18.55169	LAX_LA	9	1.0	14
4.13075	24.79617	-21.35448	LAX_LA	9	1.0	14
-5.08970	38.82558	-53.74341	LAX_LA	9	1.0	14
-6.94754	40.95876	-50.94729	LAX_LA	9	1.0	14
-7.93150	41.99020	-48.14450	LAX_LA	9	1.0	14
-8.91546	43.02164	-45.34171	LAX_LA	9	1.0	14
-9.89943	44.05308	-42.53891	LAX_LA	9	1.0	14
-11.75726	46.18626	-39.74279	LAX_LA	9	1.0	14
-11.86735	46.11596	-36.93333	LAX_LA	9	1.0	14
-12.85131	47.14740	-34.13054	LAX_LA	9	1.0	14
-12.96140	47.07710	-31.32107	LAX_LA	9	1.0	14
-13.94537	48.10854	-28.51828	LAX_LA	9	1.0	14
-14.05545	48.03823	-25.70881	LAX_LA	9	1.0	14
-15.03942	49.06967	-22.90602	LAX_LA	9	1.0	14
-15.14951	48.99937	-20.09656	LAX_LA	9	1.0	14
-15.25959	48.92907	-17.28709	LAX_LA	9	1.0	14
-15.36968	48.85876	-14.47763	LAX_LA	9	1.0	14
-15.47977	48.78846	-11.66816	LAX_LA	9	1.0	14
-15.58986	48.71815	-8.85869	LAX_LA	9	1.0	14
-15.69995	48.64785	-6.04923	LAX_LA	9	1.0	14
-15.81004	48.57755	-3.23976	LAX_LA	9	1.0	14
-15.04626	47.40550	-0.42363	LAX_LA	9	1.0	14
-14.28247	46.23345	2.39251	LAX_LA	9	1.0	14
-13.51869	45.06140	5.20865	LAX_LA	9	1.0	14
-11.88103	42.78761	8.03146	LAX_LA	9	1.0	14
-10.24337	40.51382	10.85427	LAX_LA	9	1.0	14
-8.49563	38.31034	10.86762	LAX_LA	9	1.0	14
-29.51486	-11.88040	-4.44577	LAX_RV_FREEWALL	8	1.0	1.0
-28.26880	-14.59730	-7.06991	LAX_RV_FREEWALL	8	1.0	1.0
-26.74383	-15.95575	-9.46089	LAX_RV_FREEWALL	8	1.0	1.0
-24.93995	-15.95575	-11.61870	LAX_RV_FREEWALL	8	1.0	1.0
-23.41498	-17.31420	-14.00968	LAX_RV_FREEWALL	8	1.0	1.0
-21.61110	-17.31420	-16.16750	LAX_RV_FREEWALL	8	1.0	1.0
-20.08613	-18.67265	-18.55848	LAX_RV_FREEWALL	8	1.0	1.0
-18.56116	-20.03111	-20.94946	LAX_RV_FREEWALL	8	1.0	1.0
-17.03619	-21.38956	-23.34044	LAX_RV_FREEWALL	8	1.0	1.0
-15.51123	-22.74801	-25.73142	LAX_RV_FREEWALL	8	1.0	1.0
-13.70735	-22.74801	-27.88924	LAX_RV_FREEWALL	8	1.0	1.0
-11.90346	-22.74801	-30.04705	LAX_RV_FREEWALL	8	1.0	1.0
-10.09958	-22.74801	-32.20487	LAX_RV_FREEWALL	8	1.0	1.0
-8.29570	-22.74801	-34.36269	LAX_RV_FREEWALL	8	1.0	1.0
-6.49182	-22.74802	-36.52050	LAX_RV_FREEWALL	8	1.0	1.0
-4.68794	-22.74802	-38.67832	LAX_RV_FREEWALL	8	1.0	1.0
-2.88406	-22.74802	-40.83614	LAX_RV_FREEWALL	8	1.0	1.0
-1.08018	-22.74802	-42.99396	LAX_RV_FREEWALL	8	1.0	1.0
0.44479	-24.10647	-45.38494	LAX_RV_FREEWALL	8	1.0	1.0
2.24867	-24.10647	-47.54275	LAX_RV_FREEWALL	8	1.0	1.0
4.05255	-24.10647	-49.70057	LAX_RV_FREEWALL	8	1.0	1.0
6.13535	-22.74803	-51.62523	LAX_RV_FREEWALL	8	1.0	1.0
-12.16427	-6.44662	-22.93348	LAX_RV_FREEWALL	8	1.0	1.0
-13.96815	-6.44662	-20.77566	LAX_RV_FREEWALL	8	1.0	1.0
-15.77204	-6.44662	-18.61784	LAX_RV_FREEWALL	8	1.0	1.0
-17.57592	-6.44662	-16.46002	LAX_RV_FREEWALL	8	1.0	1.0
-19.10088	-5.08817	-14.06904	LAX_RV_FREEWALL	8	1.0	1.0
-20.90477	-5.08816	-11.91123	LAX_RV_FREEWALL	8	1.0	1.0
-22.70865	-5.08816	-9.75341	LAX_RV_FREEWALL	8	1.0	1.0
-24.51253	-5.08816	-7.59559	LAX_RV_FREEWALL	8	1.0	1.0
-26.59532	-6.44661	-5.67094	LAX_RV_FREEWALL	8	1.0	1.0
-28.67812	-7.80505	-3.74628	LAX_RV_FREEWALL	8	1.0	1.0
-29.23594	-10.52195	-4.21260	LAX_RV_FREEWALL	8	1.0	1.0
-31.59765	-13.23885	-2.52111	LAX_RV_EPICARDIAL	8	1.0	1.0
-30.35159	-15.95575	-5.14525	LAX_RV_EPICARDIAL	8	1.0	1.0
-28.82663	-17.31420	-7.53623	LAX_RV_EPICARDIAL	8	1.0	1.0
-27.30166	-18.67265	-9.92721	LAX_RV_EPICARDIAL	8	1.0	1.0
-25.77669	-20.03110	-12.31819	LAX_RV_EPICARDIAL	8	1.0	1.0
-23.97281	-20.03110	-14.47601	LAX_RV_EPICARDIAL	8	1.0	1.0
-22.44784	-21.38955	-16.86699	LAX_RV_EPICARDIAL	8	1.0	1.0
-20.92287	-22.74800	-19.25796	LAX_RV_EPICARDIAL	8	1.0	1.0
-19.39790	-24.10645	-21.64894	LAX_RV_EPICARDIAL	8	1.0	1.0
-17.87293	-25.46490	-24.03992	LAX_RV_EPICARDIAL	8	1.0	1.0
-16.34796	-26.82335	-26.43090	LAX_RV_EPICARDIAL	8	1.0	1.0
-14.54408	-26.82335	-28.58872	LAX_RV_EPICARDIAL	8	1.0	1.0
-12.74020	-26.82336	-30.74654	LAX_RV_EPICARDIAL	8	1.0	1.0
-10.93632	-26.82336	-32.90436	LAX_RV_EPICARDIAL	8	1.0	1.0
-9.13244	-26.82336	-35.06217	LAX_RV_EPICARDIAL	8	1.0	1.0
-7.32856	-26.82336	-37.21999	LAX_RV_EPICARDIAL	8	1.0	1.0
-5.52468	-26.82336	-39.37781	LAX_RV_EPICARDIAL	8	1.0	1.0
-3.72080	-26.82336	-41.53563	LAX_RV_EPICARDIAL	8	1.0	1.0
-1.91691	-26.82337	-43.69344	LAX_RV_EPICARDIAL	8	1.0	1.0
-0.11303	-26.82337	-45.85126	LAX_RV_EPICARDIAL	8	1.0	1.0
1.69085	-26.82337	-48.00908	LAX_RV_EPICARDIAL	8	1.0	1.0
3.49473	-26.82337	-50.16690	LAX_RV_EPICARDIAL	8	1.0	1.0
5.57752	-25.46492	-52.09155	LAX_RV_EPICARDIAL	8	1.0	1.0
7.38140	-25.46493	-54.24937	LAX_RV_EPICARDIAL	8	1.0	1.0
9.18529	-25.46493	-56.40719	LAX_RV_EPICARDIAL	8	1.0	1.0
7.93923	-22.74803	-53.78304	LAX_RV_EPICARDIAL	8	1.0	1.0
-10.36039	-6.44662	-25.09129	LAX_RV_EPICARDIAL	8	1.0	1.0
-12.22947	-2.37127	-21.15508	LAX_RV_EPICARDIAL	8	1.0	1.0
-14.31227	-3.72972	-19.23043	LAX_RV_EPICARDIAL	8	1.0	1.0
-16.11615	-3.72972	-17.07261	LAX_RV_EPICARDIAL	8	1.0	1.0
-17.92003	-3.72972	-14.91479	LAX_RV_EPICARDIAL	8	1.0	1.0
-19.72391	-3.72972	-12.75697	LAX_RV_EPICARDIAL	8	1.0	1.0
-21.24888	-2.37127	-10.36599	LAX_RV_EPICARDIAL	8	1.0	1.0
-23.05276	-2.37126	-8.20818	LAX_RV_EPICARDIAL	8	1.0	1.0
-24.85664	-2.37126	-6.05036	LAX_RV_EPICARDIAL	8	1.0	1.0
-26.93944	-3.72971	-4.12570	LAX_RV_EPICARDIAL	8	1.0	1.0
-29.30114	-6.44660	-2.43421	LAX_RV_EPICARDIAL	8	1.0	1.0
-30.76091	-9.16350	-1.82162	LAX_RV_EPICARDIAL	8	1.0	1.0
-31.31874	-11.88040	-2.28795	LAX_RV_EPICARDIAL	8	1.0	1.0
7.93923	-22.74803	-53.78304	LAX_RV_SEPTUM	8	1.0	1.0
7.93923	-22.74803	-53.78304	LAX_RV_SEPTUM	8	1.0	1.0
6.41426	-21.38958	-51.39207	LAX_RV_SEPTUM	8	1.0	1.0
4.88929	-20.03113	-49.00109	LAX_RV_SEPTUM	8	1.0	1.0
3.36432	-18.67268	-46.61011	LAX_RV_SEPTUM	8	1.0	1.0
1.83936	-17.31423	-44.21913	LAX_RV_SEPTUM	8	1.0	1.0
0.31439	-15.95578	-41.82815	LAX_RV_SEPTUM	8	1.0	1.0
-1.21058	-14.59733	-39.43717	LAX_RV_SEPTUM	8	1.0	1.0
-2.73555	-13.23888	-37.04619	LAX_RV_SEPTUM	8	1.0	1.0
-4.26052	-11.88043	-34.65521	LAX_RV_SEPTUM	8	1.0	1.0
-5.78549	-10.52197	-32.26423	LAX_RV_SEPTUM	8	1.0	1.0
-7.31045	-9.16352	-29.87325	LAX_RV_SEPTUM	8	1.0	1.0
-8.83542	-7.80507	-27.48227	LAX_RV_SEPTUM	8	1.0	1.0
-10.36039	-6.44662	-25.09129	LAX_RV_SEPTUM	8	1.0	1.0
-9.80257	-3.72973	-24.62497	LAX_LV_EPICARDIAL	8	1.0	1.0
10.64505	-22.74803	-57.01977	LAX_LV_EPICARDIAL	8	1.0	1.0
12.17002	-24.10648	-59.41075	LAX_LV_EPICARDIAL	8	1.0	1.0
13.97390	-24.10648	-61.56857	LAX_LV_EPICARDIAL	8	1.0	1.0
15.77778	-24.10649	-63.72639	LAX_LV_EPICARDIAL	8	1.0	1.0
17.30275	-25.46494	-66.11737	LAX_LV_EPICARDIAL	8	1.0	1.0
19.10663	-25.46494	-68.27518	LAX_LV_EPICARDIAL	8	1.0	1.0
20.63160	-26.82339	-70.66616	LAX_LV_EPICARDIAL	8	1.0	1.0
22.43548	-26.82339	-72.82398	LAX_LV_EPICARDIAL	8	1.0	1.0
24.23936	-26.82339	-74.98180	LAX_LV_EPICARDIAL	8	1.0	1.0
25.76433	-28.18184	-77.37278	LAX_LV_EPICARDIAL	8	1.0	1.0
27.56821	-28.18184	-79.53059	LAX_LV_EPICARDIAL	8	1.0	1.0
29.37209	-28.18185	-81.68841	LAX_LV_EPICARDIAL	8	1.0	1.0
31.17598	-28.18185	-83.84623	LAX_LV_EPICARDIAL	8	1.0	1.0
32.97986	-28.18185	-86.00405	LAX_LV_EPICARDIAL	8	1.0	1.0
35.06265	-26.82340	-87.92870	LAX_LV_EPICARDIAL	8	1.0	1.0
36.86653	-26.82340	-90.08652	LAX_LV_EPICARDIAL	8	1.0	1.0
38.94933	-25.46496	-92.01118	LAX_LV_EPICARDIAL	8	1.0	1.0
41.03212	-24.10651	-93.93583	LAX_LV_EPICARDIAL	8	1.0	1.0
43.39383	-21.38961	-95.62732	LAX_LV_EPICARDIAL	8	1.0	1.0
44.85359	-18.67272	-96.23991	LAX_LV_EPICARDIAL	8	1.0	1.0
46.31336	-15.95582	-96.85249	LAX_LV_EPICARDIAL	8	1.0	1.0
46.87119	-13.23892	-96.38617	LAX_LV_EPICARDIAL	8	1.0	1.0
47.42901	-10.52203	-95.91985	LAX_LV_EPICARDIAL	8	1.0	1.0
47.08490	-7.80513	-94.37461	LAX_LV_EPICARDIAL	8	1.0	1.0
46.74078	-5.08823	-92.82938	LAX_LV_EPICARDIAL	8	1.0	1.0
46.39667	-2.37133	-91.28415	LAX_LV_EPICARDIAL	8	1.0	1.0
46.05255	0.34557	-89.73892	LAX_LV_EPICARDIAL	8	1.0	1.0
44.80650	3.06247	-87.11478	LAX_LV_EPICARDIAL	8	1.0	1.0
44.46238	5.77937	-85.56954	LAX_LV_EPICARDIAL	8	1.0	1.0
44.11827	8.49626	-84.02431	LAX_LV_EPICARDIAL	8	1.0	1.0
43.77415	11.21316	-82.47908	LAX_LV_EPICARDIAL	8	1.0	1.0
43.43004	13.93006	-80.93385	LAX_LV_EPICARDIAL	8	1.0	1.0
43.08592	16.64696	-79.38861	LAX_LV_EPICARDIAL	8	1.0	1.0
42.74181	19.36386	-77.84338	LAX_LV_EPICARDIAL	8	1.0	1.0
42.39769	22.08076	-76.29815	LAX_LV_EPICARDIAL	8	1.0	1.0
41.15163	24.79765	-73.67401	LAX_LV_EPICARDIAL	8	1.0	1.0
40.80752	27.51455	-72.12877	LAX_LV_EPICARDIAL	8	1.0	1.0
40.46340	30.23145	-70.58354	LAX_LV_EPICARDIAL	8	1.0	1.0
40.11929	32.94835	-69.03831	LAX_LV_EPICARDIAL	8	1.0	1.0
38.87323	35.66525	-66.41417	LAX_LV_EPICARDIAL	8	1.0	1.0
38.52912	38.38215	-64.86894	LAX_LV_EPICARDIAL	8	1.0	1.0
37.00415	39.74060	-62.47796	LAX_LV_EPICARDIAL	8	1.0	1.0
35.75809	42.45750	-59.85382	LAX_LV_EPICARDIAL	8	1.0	1.0
34.51204	45.17440	-57.22967	LAX_LV_EPICARDIAL	8	1.0	1.0
32.98707	46.53285	-54.83869	LAX_LV_EPICARDIAL	8	1.0	1.0
31.46210	47.89130	-52.44771	LAX_LV_EPICARDIAL	8	1.0	1.0
29.65822	47.89130	-50.28990	LAX_LV_EPICARDIAL	8	1.0	1.0
28.13325	49.24975	-47.89892	LAX_LV_EPICARDIAL	8	1.0	1.0
26.32937	49.24975	-45.74110	LAX_LV_EPICARDIAL	8	1.0	1.0
24.80440	50.60820	-43.35012	LAX_LV_EPICARDIAL	8	1.0	1.0
23.00052	50.60820	-41.19230	LAX_LV_EPICARDIAL	8	1.0	1.0
21.19664	50.60821	-39.03449	LAX_LV_EPICARDIAL	8	1.0	1.0
19.11385	49.24976	-37.10983	LAX_LV_EPICARDIAL	8	1.0	1.0
17.30997	49.24976	-34.95201	LAX_LV_EPICARDIAL	8	1.0	1.0
15.85020	46.53286	-34.33943	LAX_LV_EPICARDIAL	8	1.0	1.0
-0.89546	22.08080	-24.51053	LAX_LV_EPICARDIAL	8	1.0	1.0
-2.97825	20.72235	-22.58587	LAX_LV_EPICARDIAL	8	1.0	1.0
-6.60412	3.06252	-25.61698	LAX_LV_ENDOCARDIAL	8	1.0	1.0
-4.52133	4.42096	-27.54163	LAX_LV_ENDOCARDIAL	8	1.0	1.0
-2.71745	4.42096	-29.69945	LAX_LV_ENDOCARDIAL	8	1.0	1.0
-0.91356	4.42096	-31.85727	LAX_LV_ENDOCARDIAL	8	1.0	1.0
0.89032	4.42096	-34.01509	LAX_LV_ENDOCARDIAL	8	1.0	1.0
2.41529	3.06251	-36.40606	LAX_LV_ENDOCARDIAL	8	1.0	1.0
3.94025	1.70406	-38.79704	LAX_LV_ENDOCARDIAL	8	1.0	1.0
5.18631	-1.01284	-41.42118	LAX_LV_ENDOCARDIAL	8	1.0	1.0
6.43237	-3.72974	-44.04533	LAX_LV_ENDOCARDIAL	8	1.0	1.0
7.67842	-6.44664	-46.66947	LAX_LV_ENDOCARDIAL	8	1.0	1.0
8.92448	-9.16354	-49.29361	LAX_LV_ENDOCARDIAL	8	1.0	1.0
10.44945	-10.52199	-51.68459	LAX_LV_ENDOCARDIAL	8	1.0	1.0
11.97441	-11.88044	-54.07557	LAX_LV_ENDOCARDIAL	8	1.0	1.0
13.49938	-13.23889	-56.46655	LAX_LV_ENDOCARDIAL	8	1.0	1.0
15.02435	-14.59734	-58.85753	LAX_LV_ENDOCARDIAL	8	1.0	1.0
16.82823	-14.59734	-61.01534	LAX_LV_ENDOCARDIAL	8	1.0	1.0
18.35320	-15.95579	-63.40632	LAX_LV_ENDOCARDIAL	8	1.0	1.0
20.15708	-15.95580	-65.56414	LAX_LV_ENDOCARDIAL	8	1.0	1.0
21.68205	-17.31425	-67.95512	LAX_LV_ENDOCARDIAL	8	1.0	1.0
23.20702	-18.67270	-70.34610	LAX_LV_ENDOCARDIAL	8	1.0	1.0
24.73199	-20.03115	-72.73708	LAX_LV_ENDOCARDIAL	8	1.0	1.0
26.53587	-20.03115	-74.89490	LAX_LV_ENDOCARDIAL	8	1.0	1.0
28.33975	-20.03115	-77.05271	LAX_LV_ENDOCARDIAL	8	1.0	1.0
29.86472	-21.38960	-79.44369	LAX_LV_ENDOCARDIAL	8	1.0	1.0
31.66860	-21.38960	-81.60151	LAX_LV_ENDOCARDIAL	8	1.0	1.0
33.47248	-21.38960	-83.75933	LAX_LV_ENDOCARDIAL	8	1.0	1.0
35.27636	-21.38961	-85.91715	LAX_LV_ENDOCARDIAL	8	1.0	1.0
37.08024	-21.38961	-88.07496	LAX_LV_ENDOCARDIAL	8	1.0	1.0
38.88412	-21.38961	-90.23278	LAX_LV_ENDOCARDIAL	8	1.0	1.0
40.96692	-20.03116	-92.15744	LAX_LV_ENDOCARDIAL	8	1.0	1.0
43.32862	-17.31427	-93.84893	LAX_LV_ENDOCARDIAL	8	1.0	1.0
43.88645	-14.59737	-93.38261	LAX_LV_ENDOCARDIAL	8	1.0	1.0
43.54234	-11.88047	-91.83737	LAX_LV_ENDOCARDIAL	8	1.0	1.0
43.19822	-9.16357	-90.29214	LAX_LV_ENDOCARDIAL	8	1.0	1.0
42.85411	-6.44667	-88.74691	LAX_LV_ENDOCARDIAL	8	1.0	1.0
41.60805	-3.72978	-86.12277	LAX_LV_ENDOCARDIAL	8	1.0	1.0
41.26393	-1.01288	-84.57754	LAX_LV_ENDOCARDIAL	8	1.0	1.0
40.01788	1.70402	-81.95339	LAX_LV_ENDOCARDIAL	8	1.0	1.0
39.67376	4.42092	-80.40816	LAX_LV_ENDOCARDIAL	8	1.0	1.0
39.32965	7.13782	-78.86293	LAX_LV_ENDOCARDIAL	8	1.0	1.0
38.08359	9.85472	-76.23879	LAX_LV_ENDOCARDIAL	8	1.0	1.0
36.83754	12.57162	-73.61465	LAX_LV_ENDOCARDIAL	8	1.0	1.0
35.59148	15.28852	-70.99051	LAX_LV_ENDOCARDIAL	8	1.0	1.0
35.24737	18.00542	-69.44527	LAX_LV_ENDOCARDIAL	8	1.0	1.0
34.90325	20.72231	-67.90004	LAX_LV_ENDOCARDIAL	8	1.0	1.0
35.46108	23.43921	-67.43372	LAX_LV_ENDOCARDIAL	8	1.0	1.0
35.11696	26.15611	-65.88848	LAX_LV_ENDOCARDIAL	8	1.0	1.0
34.77285	28.87301	-64.34325	LAX_LV_ENDOCARDIAL	8	1.0	1.0
33.52679	31.58991	-61.71911	LAX_LV_ENDOCARDIAL	8	1.0	1.0
32.00182	32.94836	-59.32813	LAX_LV_ENDOCARDIAL	8	1.0	1.0
30.47686	34.30681	-56.93715	LAX_LV_ENDOCARDIAL	8	1.0	1.0
28.95189	35.66526	-54.54617	LAX_LV_ENDOCARDIAL	8	1.0	1.0
27.42692	37.02371	-52.15519	LAX_LV_ENDOCARDIAL	8	1.0	1.0
25.90195	38.38216	-49.76421	LAX_LV_ENDOCARDIAL	8	1.0	1.0
24.37698	39.74061	-47.37323	LAX_LV_ENDOCARDIAL	8	1.0	1.0
22.85201	41.09906	-44.98225	LAX_LV_ENDOCARDIAL	8	1.0	1.0
21.32704	42.45751	-42.59128	LAX_LV_ENDOCARDIAL	8	1.0	1.0
19.24425	41.09906	-40.66662	LAX_LV_ENDOCARDIAL	8	1.0	1.0
-2.07631	20.72235	-23.66478	LAX_LV_ENDOCARDIAL	8	1.0	1.0
-3.88019	20.72235	-21.50696	LAX_LV_ENDOCARDIAL	8	1.0	1.0
-31.59765	-13.23885	-2.52111	LAX_RV_EPICARDIAL	8	1.0	1.0
-30.35159	-15.95575	-5.14525	LAX_RV_EPICARDIAL	8	1.0	1.0
-28.82663	-17.31420	-7.53623	LAX_RV_EPICARDIAL	8	1.0	1.0
-27.30166	-18.67265	-9.92721	LAX_RV_EPICARDIAL	8	1.0	1.0
-25.77669	-20.03110	-12.31819	LAX_RV_EPICARDIAL	8	1.0	1.0
-23.97281	-20.03110	-14.47601	LAX_RV_EPICARDIAL	8	1.0	1.0
-22.44784	-21.38955	-16.86699	LAX_RV_EPICARDIAL	8	1.0	1.0
-20.92287	-22.74800	-19.25796	LAX_RV_EPICARDIAL	8	1.0	1.0
-19.39790	-24.10645	-21.64894	LAX_RV_EPICARDIAL	8	1.0	1.0
-17.87293	-25.46490	-24.03992	LAX_RV_EPICARDIAL	8	1.0	1.0
-16.34796	-26.82335	-26.43090	LAX_RV_EPICARDIAL	8	1.0	1.0
-14.54408	-26.82335	-28.58872	LAX_RV_EPICARDIAL	8	1.0	1.0
-12.74020	-26.82336	-30.74654	LAX_RV_EPICARDIAL	8	1.0	1.0
-10.93632	-26.82336	-32.90436	LAX_RV_EPICARDIAL	8	1.0	1.0
-9.13244	-26.82336	-35.06217	LAX_RV_EPICARDIAL	8	1.0	1.0
-7.32856	-26.82336	-37.21999	LAX_RV_EPICARDIAL	8	1.0	1.0
-5.52468	-26.82336	-39.37781	LAX_RV_EPICARDIAL	8	1.0	1.0
-3.72080	-26.82336	-41.53563	LAX_RV_EPICARDIAL	8	1.0	1.0
-1.91691	-26.82337	-43.69344	LAX_RV_EPICARDIAL	8	1.0	1.0
-0.11303	-26.82337	-45.85126	LAX_RV_EPICARDIAL	8	1.0	1.0
1.69085	-26.82337	-48.00908	LAX_RV_EPICARDIAL	8	1.0	1.0
3.49473	-26.82337	-50.16690	LAX_RV_EPICARDIAL	8	1.0	1.0
5.57752	-25.46492	-52.09155	LAX_RV_EPICARDIAL	8	1.0	1.0
7.38140	-25.46493	-54.24937	LAX_RV_EPICARDIAL	8	1.0	1.0
9.18529	-25.46493	-56.40719	LAX_RV_EPICARDIAL	8	1.0	1.0
7.93923	-22.74803	-53.78304	LAX_RV_EPICARDIAL	8	1.0	1.0
-10.36039	-6.44662	-25.09129	LAX_RV_EPICARDIAL	8	1.0	1.0
-12.22947	-2.37127	-21.15508	LAX_RV_EPICARDIAL	8	1.0	1.0
-14.31227	-3.72972	-19.23043	LAX_RV_EPICARDIAL	8	1.0	1.0
-16.11615	-3.72972	-17.07261	LAX_RV_EPICARDIAL	8	1.0	1.0
-17.92003	-3.72972	-14.91479	LAX_RV_EPICARDIAL	8	1.0	1.0
-19.72391	-3.72972	-12.75697	LAX_RV_EPICARDIAL	8	1.0	1.0
-21.24888	-2.37127	-10.36599	LAX_RV_EPICARDIAL	8	1.0	1.0
-23.05276	-2.37126	-8.20818	LAX_RV_EPICARDIAL	8	1.0	1.0
-24.85664	-2.37126	-6.05036	LAX_RV_EPICARDIAL	8	1.0	1.0
-26.93944	-3.72971	-4.12570	LAX_RV_EPICARDIAL	8	1.0	1.0
-29.30114	-6.44660	-2.43421	LAX_RV_EPICARDIAL	8	1.0	1.0
-30.76091	-9.16350	-1.82162	LAX_RV_EPICARDIAL	8	1.0	1.0
-31.31874	-11.88040	-2.28795	LAX_RV_EPICARDIAL	8	1.0	1.0
-23.91849	32.94841	7.56421	LAX_LA	8	1.0	1.0
-22.67244	30.23151	4.94007	LAX_LA	8	1.0	1.0
-21.42638	27.51461	2.31593	LAX_LA	8	1.0	1.0
-19.90142	26.15616	-0.07505	LAX_LA	8	1.0	1.0
-18.09753	26.15616	-2.23287	LAX_LA	8	1.0	1.0
-16.29365	26.15616	-4.39069	LAX_LA	8	1.0	1.0
-14.48977	26.15616	-6.54850	LAX_LA	8	1.0	1.0
-12.68589	26.15616	-8.70632	LAX_LA	8	1.0	1.0
-10.88201	26.15615	-10.86414	LAX_LA	8	1.0	1.0
-9.07813	26.15615	-13.02196	LAX_LA	8	1.0	1.0
-7.27425	26.15615	-15.17977	LAX_LA	8	1.0	1.0
-5.47037	26.15615	-17.33759	LAX_LA	8	1.0	1.0
-3.66648	26.15615	-19.49541	LAX_LA	8	1.0	1.0
-2.14152	24.79770	-21.88639	LAX_LA	8	1.0	1.0
-0.33763	24.79769	-24.04420	LAX_LA	8	1.0	1.0
15.01346	42.45752	-35.03891	LAX_LA	8	1.0	1.0
13.48849	43.81597	-32.64793	LAX_LA	8	1.0	1.0
11.68461	43.81597	-30.49012	LAX_LA	8	1.0	1.0
9.88073	43.81597	-28.33230	LAX_LA	8	1.0	1.0
8.07685	43.81597	-26.17448	LAX_LA	8	1.0	1.0
6.27297	43.81597	-24.01666	LAX_LA	8	1.0	1.0
4.46909	43.81598	-21.85885	LAX_LA	8	1.0	1.0
2.94412	45.17443	-19.46787	LAX_LA	8	1.0	1.0
1.41915	46.53288	-17.07689	LAX_LA	8	1.0	1.0
0.17309	49.24978	-14.45275	LAX_LA	8	1.0	1.0
-1.35188	50.60823	-12.06177	LAX_LA	8	1.0	1.0
-2.87684	51.96668	-9.67079	LAX_LA	8	1.0	1.0
-4.68072	51.96668	-7.51297	LAX_LA	8	1.0	1.0
-6.48461	51.96668	-5.35515	LAX_LA	8	1.0	1.0
-8.28849	51.96668	-3.19734	LAX_LA	8	1.0	1.0
-10.37128	50.60824	-1.27268	LAX_LA	8	1.0	1.0
-12.45408	49.24979	0.65198	LAX_LA	8	1.0	1.0
-14.81578	46.53289	2.34347	LAX_LA	8	1.0	1.0
-16.89858	45.17445	4.26812	LAX_LA	8	1.0	1.0
-19.26028	42.45755	5.95962	LAX_LA	8	1.0	1.0
-21.62199	39.74065	7.65111	LAX_LA	8	1.0	1.0
-23.08176	37.02376	8.26370	LAX_LA	8	1.0	1.0
-23.63958	34.30686	7.79737	LAX_LA	8	1.0	1.0
1.48779	23.85319	-26.62188	MITRAL_VALVE	8	1.0	1.0
16.29178	41.94698	-36.78107	MITRAL_VALVE	8	1.0	1.0
-5.53833	20.95391	-19.42687	AORTA_VALVE	8	1.0	1.0
-9.34832	1.53422	-22.97202	AORTA_VALVE	8	1.0	1.0
43.19307	-21.77907	-95.54968	APEX_POINT	8	1.0	1.0
-55.98439	3.88894	-73.06730	LAX_RV_FREEWALL	7	1.0	14
-58.56244	2.28765	-75.63826	LAX_RV_FREEWALL	7	1.0	14
-61.25125	1.48700	-77.05846	LAX_RV_FREEWALL	7	1.0	14
-61.02973	-0.11429	-79.35997	LAX_RV_FREEWALL	7	1.0	14
-58.00866	-1.71558	-81.39204	LAX_RV_FREEWALL	7	1.0	14
-56.38736	-3.31687	-83.55882	LAX_RV_FREEWALL	7	1.0	14
-54.76607	-4.91817	-85.72561	LAX_RV_FREEWALL	7	1.0	14
-53.14478	-6.51946	-87.89239	LAX_RV_FREEWALL	7	1.0	14
-50.12370	-8.12075	-89.92446	LAX_RV_FREEWALL	7	1.0	14
-48.50241	-9.72204	-92.09124	LAX_RV_FREEWALL	7	1.0	14
-45.48133	-11.32333	-94.12330	LAX_RV_FREEWALL	7	1.0	14
-42.57101	-12.12398	-95.00461	LAX_RV_FREEWALL	7	1.0	14
-39.66069	-12.92463	-95.88592	LAX_RV_FREEWALL	7	1.0	14
-36.75037	-13.72527	-96.76722	LAX_RV_FREEWALL	7	1.0	14
-33.72930	-15.32656	-98.79928	LAX_RV_FREEWALL	7	1.0	14
-30.81898	-16.12721	-99.68059	LAX_RV_FREEWALL	7	1.0	14
-27.90866	-16.92786	-100.56190	LAX_RV_FREEWALL	7	1.0	14
-25.10910	-16.92786	-100.29245	LAX_RV_FREEWALL	7	1.0	14
-22.19878	-17.72850	-101.17375	LAX_RV_FREEWALL	7	1.0	14
-19.28846	-18.52915	-102.05506	LAX_RV_FREEWALL	7	1.0	14
-16.37814	-19.32980	-102.93637	LAX_RV_FREEWALL	7	1.0	14
-13.46782	-20.13044	-103.81767	LAX_RV_FREEWALL	7	1.0	14
-10.55750	-20.93109	-104.69898	LAX_RV_FREEWALL	7	1.0	14
-7.64718	-21.73174	-105.58028	LAX_RV_FREEWALL	7	1.0	14
-4.73686	-22.53238	-106.46159	LAX_RV_FREEWALL	7	1.0	14
-1.93730	-22.53238	-106.19214	LAX_RV_FREEWALL	7	1.0	14
0.86226	-22.53238	-105.92269	LAX_RV_FREEWALL	7	1.0	14
3.77258	-23.33303	-106.80400	LAX_RV_FREEWALL	7	1.0	14
6.57214	-23.33303	-106.53455	LAX_RV_FREEWALL	7	1.0	14
9.37171	-23.33303	-106.26510	LAX_RV_FREEWALL	7	1.0	14
12.28202	-24.13368	-107.14641	LAX_RV_FREEWALL	7	1.0	14
15.19234	-24.93433	-108.02771	LAX_RV_FREEWALL	7	1.0	14
17.99191	-24.93433	-107.75826	LAX_RV_FREEWALL	7	1.0	14
20.68071	-24.13368	-106.33806	LAX_RV_FREEWALL	7	1.0	14
23.36952	-23.33304	-104.91785	LAX_RV_FREEWALL	7	1.0	14
24.54779	-21.73175	-102.48162	LAX_RV_FREEWALL	7	1.0	14
-57.49493	4.68958	-72.05127	LAX_RV_EPICARDIAL	7	1.0	14
-60.40525	5.49023	-71.16996	LAX_RV_EPICARDIAL	7	1.0	14
-62.98330	3.88894	-73.74092	LAX_RV_EPICARDIAL	7	1.0	14
-64.16157	2.28765	-76.17716	LAX_RV_EPICARDIAL	7	1.0	14
-65.33983	0.68636	-78.61339	LAX_RV_EPICARDIAL	7	1.0	14
-65.11832	-0.91493	-80.91490	LAX_RV_EPICARDIAL	7	1.0	14
-63.49703	-2.51623	-83.08169	LAX_RV_EPICARDIAL	7	1.0	14
-61.87573	-4.11752	-85.24848	LAX_RV_EPICARDIAL	7	1.0	14
-60.25444	-5.71881	-87.41526	LAX_RV_EPICARDIAL	7	1.0	14
-58.63314	-7.32010	-89.58205	LAX_RV_EPICARDIAL	7	1.0	14
-57.01185	-8.92139	-91.74883	LAX_RV_EPICARDIAL	7	1.0	14
-53.99077	-10.52269	-93.78090	LAX_RV_EPICARDIAL	7	1.0	14
-52.36948	-12.12398	-95.94768	LAX_RV_EPICARDIAL	7	1.0	14
-49.45916	-12.92462	-96.82899	LAX_RV_EPICARDIAL	7	1.0	14
-46.43809	-14.52592	-98.86105	LAX_RV_EPICARDIAL	7	1.0	14
-43.52777	-15.32656	-99.74236	LAX_RV_EPICARDIAL	7	1.0	14
-40.61745	-16.12721	-100.62366	LAX_RV_EPICARDIAL	7	1.0	14
-37.70713	-16.92785	-101.50497	LAX_RV_EPICARDIAL	7	1.0	14
-34.79681	-17.72850	-102.38628	LAX_RV_EPICARDIAL	7	1.0	14
-31.88649	-18.52915	-103.26758	LAX_RV_EPICARDIAL	7	1.0	14
-28.97617	-19.32979	-104.14889	LAX_RV_EPICARDIAL	7	1.0	14
-26.17661	-19.32979	-103.87944	LAX_RV_EPICARDIAL	7	1.0	14
-23.26629	-20.13044	-104.76074	LAX_RV_EPICARDIAL	7	1.0	14
-20.35597	-20.93109	-105.64205	LAX_RV_EPICARDIAL	7	1.0	14
-17.44565	-21.73173	-106.52336	LAX_RV_EPICARDIAL	7	1.0	14
-14.53533	-22.53238	-107.40466	LAX_RV_EPICARDIAL	7	1.0	14
-11.62501	-23.33303	-108.28597	LAX_RV_EPICARDIAL	7	1.0	14
-8.71469	-24.13367	-109.16727	LAX_RV_EPICARDIAL	7	1.0	14
-5.80438	-24.93432	-110.04858	LAX_RV_EPICARDIAL	7	1.0	14
-3.00481	-24.93432	-109.77913	LAX_RV_EPICARDIAL	7	1.0	14
-0.20525	-24.93432	-109.50968	LAX_RV_EPICARDIAL	7	1.0	14
2.59431	-24.93432	-109.24023	LAX_RV_EPICARDIAL	7	1.0	14
5.39387	-24.93432	-108.97078	LAX_RV_EPICARDIAL	7	1.0	14
8.30419	-25.73497	-109.85209	LAX_RV_EPICARDIAL	7	1.0	14
11.10376	-25.73497	-109.58264	LAX_RV_EPICARDIAL	7	1.0	14
13.90332	-25.73497	-109.31319	LAX_RV_EPICARDIAL	7	1.0	14
16.70288	-25.73497	-109.04374	LAX_RV_EPICARDIAL	7	1.0	14
19.61320	-26.53562	-109.92505	LAX_RV_EPICARDIAL	7	1.0	14
22.30201	-25.73497	-108.50484	LAX_RV_EPICARDIAL	7	1.0	14
24.99081	-24.93433	-107.08464	LAX_RV_EPICARDIAL	7	1.0	14
27.67962	-24.13368	-105.66443	LAX_RV_EPICARDIAL	7	1.0	14
28.85789	-22.53239	-103.22820	LAX_RV_EPICARDIAL	7	1.0	14
-25.00774	12.69603	-57.31032	LAX_RV_SEPTUM	7	1.0	14
24.32627	-20.13045	-100.18011	LAX_RV_SEPTUM	7	1.0	14
21.30520	-18.52916	-98.14804	LAX_RV_SEPTUM	7	1.0	14
18.28412	-16.92787	-96.11598	LAX_RV_SEPTUM	7	1.0	14
15.37380	-16.12722	-95.23468	LAX_RV_SEPTUM	7	1.0	14
12.35273	-14.52593	-93.20261	LAX_RV_SEPTUM	7	1.0	14
9.33165	-12.92464	-91.17055	LAX_RV_SEPTUM	7	1.0	14
6.42133	-12.12399	-90.28925	LAX_RV_SEPTUM	7	1.0	14
3.40026	-10.52270	-88.25719	LAX_RV_SEPTUM	7	1.0	14
0.37918	-8.92141	-86.22512	LAX_RV_SEPTUM	7	1.0	14
-1.24211	-7.32012	-84.05834	LAX_RV_SEPTUM	7	1.0	14
-4.26319	-5.71883	-82.02628	LAX_RV_SEPTUM	7	1.0	14
-5.88448	-4.11753	-79.85949	LAX_RV_SEPTUM	7	1.0	14
-7.50578	-2.51624	-77.69270	LAX_RV_SEPTUM	7	1.0	14
-10.52685	-0.91495	-75.66064	LAX_RV_SEPTUM	7	1.0	14
-12.14815	0.68634	-73.49386	LAX_RV_SEPTUM	7	1.0	14
-13.76944	2.28763	-71.32707	LAX_RV_SEPTUM	7	1.0	14
-15.39074	3.88892	-69.16028	LAX_RV_SEPTUM	7	1.0	14
-17.01203	5.49022	-66.99350	LAX_RV_SEPTUM	7	1.0	14
-20.03311	7.09151	-64.96143	LAX_RV_SEPTUM	7	1.0	14
-21.65440	8.69280	-62.79465	LAX_RV_SEPTUM	7	1.0	14
-21.87591	10.29409	-60.49314	LAX_RV_SEPTUM	7	1.0	14
-23.49721	11.89538	-58.32635	LAX_RV_SEPTUM	7	1.0	14
16.46256	36.71538	-18.47647	LAX_LV_EPICARDIAL	7	1.0	14
-20.95921	23.90507	-40.66085	LAX_LV_EPICARDIAL	7	1.0	14
-23.64802	23.10442	-42.08105	LAX_LV_EPICARDIAL	7	1.0	14
-23.42650	21.50313	-44.38256	LAX_LV_EPICARDIAL	7	1.0	14
-23.20499	19.90184	-46.68407	LAX_LV_EPICARDIAL	7	1.0	14
-22.98348	18.30055	-48.98558	LAX_LV_EPICARDIAL	7	1.0	14
-24.16175	16.69926	-51.42182	LAX_LV_EPICARDIAL	7	1.0	14
-23.94023	15.09797	-53.72333	LAX_LV_EPICARDIAL	7	1.0	14
28.63637	-20.93110	-100.92669	LAX_LV_EPICARDIAL	7	1.0	14
31.43594	-20.93110	-100.65724	LAX_LV_EPICARDIAL	7	1.0	14
34.23550	-20.93110	-100.38779	LAX_LV_EPICARDIAL	7	1.0	14
37.03506	-20.93110	-100.11834	LAX_LV_EPICARDIAL	7	1.0	14
39.83462	-20.93110	-99.84889	LAX_LV_EPICARDIAL	7	1.0	14
42.52343	-20.13046	-98.42869	LAX_LV_EPICARDIAL	7	1.0	14
45.10148	-18.52917	-95.85773	LAX_LV_EPICARDIAL	7	1.0	14
47.67953	-16.92788	-93.28676	LAX_LV_EPICARDIAL	7	1.0	14
48.85780	-15.32659	-90.85053	LAX_LV_EPICARDIAL	7	1.0	14
50.03606	-13.72530	-88.41429	LAX_LV_EPICARDIAL	7	1.0	14
51.21433	-12.12401	-85.97806	LAX_LV_EPICARDIAL	7	1.0	14
52.39260	-10.52272	-83.54182	LAX_LV_EPICARDIAL	7	1.0	14
52.17109	-8.92142	-81.24031	LAX_LV_EPICARDIAL	7	1.0	14
53.34936	-7.32013	-78.80408	LAX_LV_EPICARDIAL	7	1.0	14
54.52762	-5.71884	-76.36784	LAX_LV_EPICARDIAL	7	1.0	14
55.70589	-4.11755	-73.93160	LAX_LV_EPICARDIAL	7	1.0	14
55.48438	-2.51626	-71.63009	LAX_LV_EPICARDIAL	7	1.0	14
56.66265	-0.91497	-69.19386	LAX_LV_EPICARDIAL	7	1.0	14
56.44113	0.68632	-66.89235	LAX_LV_EPICARDIAL	7	1.0	14
56.21962	2.28761	-64.59084	LAX_LV_EPICARDIAL	7	1.0	14
55.99811	3.88890	-62.28933	LAX_LV_EPICARDIAL	7	1.0	14
55.77660	5.49020	-59.98781	LAX_LV_EPICARDIAL	7	1.0	14
55.55508	7.09149	-57.68630	LAX_LV_EPICARDIAL	7	1.0	14
55.33357	8.69278	-55.38479	LAX_LV_EPICARDIAL	7	1.0	14
53.71227	10.29407	-53.21801	LAX_LV_EPICARDIAL	7	1.0	14
53.49076	11.89536	-50.91650	LAX_LV_EPICARDIAL	7	1.0	14
53.26925	13.49665	-48.61498	LAX_LV_EPICARDIAL	7	1.0	14
51.64795	15.09794	-46.44820	LAX_LV_EPICARDIAL	7	1.0	14
51.42644	16.69924	-44.14669	LAX_LV_EPICARDIAL	7	1.0	14
49.80515	18.30053	-41.97990	LAX_LV_EPICARDIAL	7	1.0	14
49.58363	19.90182	-39.67839	LAX_LV_EPICARDIAL	7	1.0	14
47.96234	21.50311	-37.51160	LAX_LV_EPICARDIAL	7	1.0	14
47.74083	23.10440	-35.21009	LAX_LV_EPICARDIAL	7	1.0	14
46.11953	24.70569	-33.04331	LAX_LV_EPICARDIAL	7	1.0	14
44.49824	26.30698	-30.87652	LAX_LV_EPICARDIAL	7	1.0	14
41.47716	27.90828	-28.84446	LAX_LV_EPICARDIAL	7	1.0	14
39.85587	29.50957	-26.67767	LAX_LV_EPICARDIAL	7	1.0	14
36.83479	31.11086	-24.64561	LAX_LV_EPICARDIAL	7	1.0	14
35.21350	32.71215	-22.47882	LAX_LV_EPICARDIAL	7	1.0	14
32.30318	33.51280	-21.59752	LAX_LV_EPICARDIAL	7	1.0	14
29.28210	35.11409	-19.56546	LAX_LV_EPICARDIAL	7	1.0	14
26.37178	35.91474	-18.68415	LAX_LV_EPICARDIAL	7	1.0	14
23.46147	36.71538	-17.80284	LAX_LV_EPICARDIAL	7	1.0	14
20.66190	36.71538	-18.07229	LAX_LV_EPICARDIAL	7	1.0	14
17.86234	36.71538	-18.34174	LAX_LV_EPICARDIAL	7	1.0	14
-20.95921	23.90507	-40.66085	LAX_LV_ENDOCARDIAL	7	1.0	14
-19.33792	22.30377	-42.82763	LAX_LV_ENDOCARDIAL	7	1.0	14
-19.11640	20.70248	-45.12914	LAX_LV_ENDOCARDIAL	7	1.0	14
-18.89489	19.10119	-47.43065	LAX_LV_ENDOCARDIAL	7	1.0	14
-17.27360	17.49990	-49.59744	LAX_LV_ENDOCARDIAL	7	1.0	14
-15.65230	15.89861	-51.76423	LAX_LV_ENDOCARDIAL	7	1.0	14
-14.03101	14.29732	-53.93101	LAX_LV_ENDOCARDIAL	7	1.0	14
-12.40971	12.69603	-56.09780	LAX_LV_ENDOCARDIAL	7	1.0	14
-10.78842	11.09473	-58.26459	LAX_LV_ENDOCARDIAL	7	1.0	14
-9.16712	9.49344	-60.43137	LAX_LV_ENDOCARDIAL	7	1.0	14
-7.54583	7.89215	-62.59816	LAX_LV_ENDOCARDIAL	7	1.0	14
-4.52475	6.29086	-64.63022	LAX_LV_ENDOCARDIAL	7	1.0	14
-1.50368	4.68957	-66.66228	LAX_LV_ENDOCARDIAL	7	1.0	14
0.11761	3.08827	-68.82907	LAX_LV_ENDOCARDIAL	7	1.0	14
1.73891	1.48698	-70.99585	LAX_LV_ENDOCARDIAL	7	1.0	14
3.36020	-0.11431	-73.16264	LAX_LV_ENDOCARDIAL	7	1.0	14
4.98150	-1.71560	-75.32943	LAX_LV_ENDOCARDIAL	7	1.0	14
8.00257	-3.31689	-77.36149	LAX_LV_ENDOCARDIAL	7	1.0	14
9.62387	-4.91818	-79.52827	LAX_LV_ENDOCARDIAL	7	1.0	14
11.24516	-6.51948	-81.69506	LAX_LV_ENDOCARDIAL	7	1.0	14
14.26624	-8.12077	-83.72712	LAX_LV_ENDOCARDIAL	7	1.0	14
17.28731	-9.72206	-85.75918	LAX_LV_ENDOCARDIAL	7	1.0	14
18.90861	-11.32335	-87.92597	LAX_LV_ENDOCARDIAL	7	1.0	14
21.92968	-12.92464	-89.95803	LAX_LV_ENDOCARDIAL	7	1.0	14
24.95076	-14.52594	-91.99009	LAX_LV_ENDOCARDIAL	7	1.0	14
27.86108	-15.32658	-92.87140	LAX_LV_ENDOCARDIAL	7	1.0	14
30.88215	-16.92787	-94.90346	LAX_LV_ENDOCARDIAL	7	1.0	14
33.79247	-17.72852	-95.78477	LAX_LV_ENDOCARDIAL	7	1.0	14
36.70279	-18.52917	-96.66607	LAX_LV_ENDOCARDIAL	7	1.0	14
39.50235	-18.52917	-96.39662	LAX_LV_ENDOCARDIAL	7	1.0	14
42.19116	-17.72852	-94.97642	LAX_LV_ENDOCARDIAL	7	1.0	14
43.36943	-16.12723	-92.54018	LAX_LV_ENDOCARDIAL	7	1.0	14
43.14791	-14.52594	-90.23867	LAX_LV_ENDOCARDIAL	7	1.0	14
44.32618	-12.92465	-87.80244	LAX_LV_ENDOCARDIAL	7	1.0	14
44.10467	-11.32336	-85.50093	LAX_LV_ENDOCARDIAL	7	1.0	14
45.28294	-9.72207	-83.06469	LAX_LV_ENDOCARDIAL	7	1.0	14
45.06143	-8.12078	-80.76318	LAX_LV_ENDOCARDIAL	7	1.0	14
44.83991	-6.51949	-78.46167	LAX_LV_ENDOCARDIAL	7	1.0	14
46.01818	-4.91819	-76.02543	LAX_LV_ENDOCARDIAL	7	1.0	14
47.19645	-3.31690	-73.58920	LAX_LV_ENDOCARDIAL	7	1.0	14
46.97494	-1.71561	-71.28769	LAX_LV_ENDOCARDIAL	7	1.0	14
48.15320	-0.11432	-68.85145	LAX_LV_ENDOCARDIAL	7	1.0	14
47.93169	1.48697	-66.54994	LAX_LV_ENDOCARDIAL	7	1.0	14
47.71018	3.08826	-64.24843	LAX_LV_ENDOCARDIAL	7	1.0	14
47.48866	4.68955	-61.94692	LAX_LV_ENDOCARDIAL	7	1.0	14
47.26715	6.29084	-59.64541	LAX_LV_ENDOCARDIAL	7	1.0	14
47.04564	7.89213	-57.34390	LAX_LV_ENDOCARDIAL	7	1.0	14
46.82413	9.49343	-55.04239	LAX_LV_ENDOCARDIAL	7	1.0	14
45.20283	11.09472	-52.87560	LAX_LV_ENDOCARDIAL	7	1.0	14
44.98132	12.69601	-50.57409	LAX_LV_ENDOCARDIAL	7	1.0	14
43.36002	14.29730	-48.40730	LAX_LV_ENDOCARDIAL	7	1.0	14
43.13851	15.89859	-46.10579	LAX_LV_ENDOCARDIAL	7	1.0	14
41.51722	17.49988	-43.93900	LAX_LV_ENDOCARDIAL	7	1.0	14
41.29570	19.10117	-41.63749	LAX_LV_ENDOCARDIAL	7	1.0	14
41.07419	20.70247	-39.33598	LAX_LV_ENDOCARDIAL	7	1.0	14
39.45290	22.30376	-37.16920	LAX_LV_ENDOCARDIAL	7	1.0	14
36.43182	23.90505	-35.13713	LAX_LV_ENDOCARDIAL	7	1.0	14
34.81053	25.50634	-32.97035	LAX_LV_ENDOCARDIAL	7	1.0	14
31.78945	27.10763	-30.93829	LAX_LV_ENDOCARDIAL	7	1.0	14
28.76837	28.70893	-28.90623	LAX_LV_ENDOCARDIAL	7	1.0	14
25.85806	29.50957	-28.02492	LAX_LV_ENDOCARDIAL	7	1.0	14
22.94774	30.31022	-27.14361	LAX_LV_ENDOCARDIAL	7	1.0	14
19.92666	31.91151	-25.11155	LAX_LV_ENDOCARDIAL	7	1.0	14
16.90559	33.51280	-23.07949	LAX_LV_ENDOCARDIAL	7	1.0	14
15.28429	35.11409	-20.91270	LAX_LV_ENDOCARDIAL	7	1.0	14
-57.49493	4.68958	-72.05127	LAX_RV_EPICARDIAL	7	1.0	14
-60.40525	5.49023	-71.16996	LAX_RV_EPICARDIAL	7	1.0	14
-62.98330	3.88894	-73.74092	LAX_RV_EPICARDIAL	7	1.0	14
-64.16157	2.28765	-76.17716	LAX_RV_EPICARDIAL	7	1.0	14
-65.33983	0.68636	-78.61339	LAX_RV_EPICARDIAL	7	1.0	14
-65.11832	-0.91493	-80.91490	LAX_RV_EPICARDIAL	7	1.0	14
-63.49703	-2.51623	-83.08169	LAX_RV_EPICARDIAL	7	1.0	14
-61.87573	-4.11752	-85.24848	LAX_RV_EPICARDIAL	7	1.0	14
-60.25444	-5.71881	-87.41526	LAX_RV_EPICARDIAL	7	1.0	14
-58.63314	-7.32010	-89.58205	LAX_RV_EPICARDIAL	7	1.0	14
-57.01185	-8.92139	-91.74883	LAX_RV_EPICARDIAL	7	1.0	14
-53.99077	-10.52269	-93.78090	LAX_RV_EPICARDIAL	7	1.0	14
-52.36948	-12.12398	-95.94768	LAX_RV_EPICARDIAL	7	1.0	14
-49.45916	-12.92462	-96.82899	LAX_RV_EPICARDIAL	7	1.0	14
-46.43809	-14.52592	-98.86105	LAX_RV_EPICARDIAL	7	1.0	14
-43.52777	-15.32656	-99.74236	LAX_RV_EPICARDIAL	7	1.0	14
-40.61745	-16.12721	-100.62366	LAX_RV_EPICARDIAL	7	1.0	14
-37.70713	-16.92785	-101.50497	LAX_RV_EPICARDIAL	7	1.0	14
-34.79681	-17.72850	-102.38628	LAX_RV_EPICARDIAL	7	1.0	14
-31.88649	-18.52915	-103.26758	LAX_RV_EPICARDIAL	7	1.0	14
-28.97617	-19.32979	-104.14889	LAX_RV_EPICARDIAL	7	1.0	14
-26.17661	-19.32979	-103.87944	LAX_RV_EPICARDIAL	7	1.0	14
-23.26629	-20.13044	-104.76074	LAX_RV_EPICARDIAL	7	1.0	14
-20.35597	-20.93109	-105.64205	LAX_RV_EPICARDIAL	7	1.0	14
-17.44565	-21.73173	-106.52336	LAX_RV_EPICARDIAL	7	1.0	14
-14.53533	-22.53238	-107.40466	LAX_RV_EPICARDIAL	7	1.0	14
-11.62501	-23.33303	-108.28597	LAX_RV_EPICARDIAL	7	1.0	14
-8.71469	-24.13367	-109.16727	LAX_RV_EPICARDIAL	7	1.0	14
-5.80438	-24.93432	-110.04858	LAX_RV_EPICARDIAL	7	1.0	14
-3.00481	-24.93432	-109.77913	LAX_RV_EPICARDIAL	7	1.0	14
-0.20525	-24.93432	-109.50968	LAX_RV_EPICARDIAL	7	1.0	14
2.59431	-24.93432	-109.24023	LAX_RV_EPICARDIAL	7	1.0	14
5.39387	-24.93432	-108.97078	LAX_RV_EPICARDIAL	7	1.0	14
8.30419	-25.73497	-109.85209	LAX_RV_EPICARDIAL	7	1.0	14
11.10376	-25.73497	-109.58264	LAX_RV_EPICARDIAL	7	1.0	14
13.90332	-25.73497	-109.31319	LAX_RV_EPICARDIAL	7	1.0	14
16.70288	-25.73497	-109.04374	LAX_RV_EPICARDIAL	7	1.0	14
19.61320	-26.53562	-109.92505	LAX_RV_EPICARDIAL	7	1.0	14
22.30201	-25.73497	-108.50484	LAX_RV_EPICARDIAL	7	1.0	14
24.99081	-24.93433	-107.08464	LAX_RV_EPICARDIAL	7	1.0	14
27.67962	-24.13368	-105.66443	LAX_RV_EPICARDIAL	7	1.0	14
28.85789	-22.53239	-103.22820	LAX_RV_EPICARDIAL	7	1.0	14
-9.10583	49.52572	-2.35470	LAX_LA	7	1.0	14
-11.79463	48.72508	-3.77490	LAX_LA	7	1.0	14
-14.59419	48.72508	-4.04435	LAX_LA	7	1.0	14
-17.28300	47.92443	-5.46456	LAX_LA	7	1.0	14
-19.97181	47.12379	-6.88476	LAX_LA	7	1.0	14
-22.66061	46.32314	-8.30497	LAX_LA	7	1.0	14
-25.46018	46.32314	-8.57442	LAX_LA	7	1.0	14
-28.14898	45.52250	-9.99462	LAX_LA	7	1.0	14
-30.94854	45.52250	-10.26407	LAX_LA	7	1.0	14
-33.74811	45.52250	-10.53352	LAX_LA	7	1.0	14
-36.54767	45.52250	-10.80297	LAX_LA	7	1.0	14
-39.45799	46.32315	-9.92166	LAX_LA	7	1.0	14
-42.36831	47.12379	-9.04036	LAX_LA	7	1.0	14
-45.16787	47.12380	-9.30981	LAX_LA	7	1.0	14
-47.96743	47.12380	-9.57926	LAX_LA	7	1.0	14
-50.76699	47.12380	-9.84871	LAX_LA	7	1.0	14
-53.45580	46.32315	-11.26891	LAX_LA	7	1.0	14
-54.63407	44.72186	-13.70515	LAX_LA	7	1.0	14
-55.81234	43.12057	-16.14138	LAX_LA	7	1.0	14
-55.59082	41.51928	-18.44289	LAX_LA	7	1.0	14
-55.36931	39.91799	-20.74440	LAX_LA	7	1.0	14
-52.34823	38.31670	-22.77646	LAX_LA	7	1.0	14
-50.72694	36.71540	-24.94325	LAX_LA	7	1.0	14
-47.70587	35.11411	-26.97531	LAX_LA	7	1.0	14
-44.79555	34.31347	-27.85662	LAX_LA	7	1.0	14
-41.88523	33.51282	-28.73793	LAX_LA	7	1.0	14
-38.97491	32.71217	-29.61923	LAX_LA	7	1.0	14
-35.95383	31.11088	-31.65129	LAX_LA	7	1.0	14
-33.04351	30.31023	-32.53260	LAX_LA	7	1.0	14
-30.02244	28.70894	-34.56466	LAX_LA	7	1.0	14
-27.22288	28.70894	-34.29521	LAX_LA	7	1.0	14
-24.20180	27.10765	-36.32727	LAX_LA	7	1.0	14
-22.58051	25.50636	-38.49406	LAX_LA	7	1.0	14
13.66300	36.71539	-18.74592	LAX_LA	7	1.0	14
12.04170	38.31668	-16.57913	LAX_LA	7	1.0	14
10.42041	39.91797	-14.41234	LAX_LA	7	1.0	14
8.79911	41.51926	-12.24556	LAX_LA	7	1.0	14
5.77804	43.12055	-10.21350	LAX_LA	7	1.0	14
4.15674	44.72184	-8.04671	LAX_LA	7	1.0	14
2.53545	46.32314	-5.87992	LAX_LA	7	1.0	14
-0.48563	47.92443	-3.84786	LAX_LA	7	1.0	14
-3.39594	48.72507	-2.96656	LAX_LA	7	1.0	14
-6.30626	49.52572	-2.08525	LAX_LA	7	1.0	14
-64.28173	33.51283	-30.89352	LAX_RA	7	1.0	14
-66.97053	32.71218	-32.31372	LAX_RA	7	1.0	14
-69.54858	31.11089	-34.88468	LAX_RA	7	1.0	14
-70.72685	29.50960	-37.32092	LAX_RA	7	1.0	14
-71.90512	27.90831	-39.75716	LAX_RA	7	1.0	14
-73.08339	26.30702	-42.19339	LAX_RA	7	1.0	14
-74.26166	24.70573	-44.62963	LAX_RA	7	1.0	14
-75.43992	23.10444	-47.06586	LAX_RA	7	1.0	14
-75.21841	21.50314	-49.36737	LAX_RA	7	1.0	14
-74.99690	19.90185	-51.66888	LAX_RA	7	1.0	14
-74.77538	18.30056	-53.97040	LAX_RA	7	1.0	14
-73.15409	16.69927	-56.13718	LAX_RA	7	1.0	14
-72.93258	15.09798	-58.43869	LAX_RA	7	1.0	14
-74.11084	13.49669	-60.87493	LAX_RA	7	1.0	14
-73.88933	11.89540	-63.17644	LAX_RA	7	1.0	14
-72.26804	10.29411	-65.34323	LAX_RA	7	1.0	14
-69.35772	9.49346	-66.22453	LAX_RA	7	1.0	14
-66.44740	8.69281	-67.10584	LAX_RA	7	1.0	14
-63.53708	7.89217	-67.98714	LAX_RA	7	1.0	14
-60.62676	7.09152	-68.86845	LAX_RA	7	1.0	14
-57.60569	5.49023	-70.90051	LAX_RA	7	1.0	14
-25.11850	13.49667	-56.15957	LAX_RA	7	1.0	14
-25.34001	15.09797	-53.85805	LAX_RA	7	1.0	14
-25.56153	16.69926	-51.55654	LAX_RA	7	1.0	14
-24.38326	18.30055	-49.12031	LAX_RA	7	1.0	14
-24.60477	19.90184	-46.81880	LAX_RA	7	1.0	14
-24.82629	21.50313	-44.51729	LAX_RA	7	1.0	14
-27.84736	23.10442	-42.48522	LAX_RA	7	1.0	14
-30.86844	24.70571	-40.45316	LAX_RA	7	1.0	14
-32.48973	26.30701	-38.28638	LAX_RA	7	1.0	14
-34.11103	27.90830	-36.11959	LAX_RA	7	1.0	14
-35.62156	28.70894	-35.10356	LAX_RA	7	1.0	14
-38.64264	30.31024	-33.07150	LAX_RA	7	1.0	14
-41.55296	31.11088	-32.19019	LAX_RA	7	1.0	14
-44.35252	31.11088	-32.45964	LAX_RA	7	1.0	14
-47.15208	31.11088	-32.72909	LAX_RA	7	1.0	14
-50.06240	31.91153	-31.84778	LAX_RA	7	1.0	14
-52.97272	32.71218	-30.96648	LAX_RA	7	1.0	14
-55.88304	33.51282	-30.08517	LAX_RA	7	1.0	14
-58.68260	33.51282	-30.35462	LAX_RA	7	1.0	14
-61.48216	33.51282	-30.62407	LAX_RA	7	1.0	14
-19.84532	24.68203	-39.42657	MITRAL_VALVE	7	1.0	14
13.97397	35.42534	-20.58732	MITRAL_VALVE	7	1.0	14
-54.02749	5.18804	-70.99447	TRICUSPID_VALVE	7	1.0	14
-25.11054	12.92368	-56.98998	TRICUSPID_VALVE	7	1.0	14
39.39351	-21.07360	-100.09805	APEX_POINT	7	1.0	14
-10.97072	-15.78753	-2.56797	LAX_RV_FREEWALL	11	1.0	14
-10.50699	-17.18129	-5.34827	LAX_RV_FREEWALL	11	1.0	14
-10.04327	-18.57505	-8.12858	LAX_RV_FREEWALL	11	1.0	14
-9.66495	-18.56517	-10.91550	LAX_RV_FREEWALL	11	1.0	14
-9.20123	-19.95893	-13.69580	LAX_RV_FREEWALL	11	1.0	14
-8.82291	-19.94905	-16.48273	LAX_RV_FREEWALL	11	1.0	14
-8.35919	-21.34281	-19.26303	LAX_RV_FREEWALL	11	1.0	14
-7.98087	-21.33293	-22.04995	LAX_RV_FREEWALL	11	1.0	14
-7.51715	-22.72669	-24.83026	LAX_RV_FREEWALL	11	1.0	14
-7.13883	-22.71681	-27.61718	LAX_RV_FREEWALL	11	1.0	14
-6.67510	-24.11057	-30.39748	LAX_RV_FREEWALL	11	1.0	14
-6.29679	-24.10070	-33.18441	LAX_RV_FREEWALL	11	1.0	14
-5.91848	-24.09082	-35.97133	LAX_RV_FREEWALL	11	1.0	14
-5.54017	-24.08094	-38.75825	LAX_RV_FREEWALL	11	1.0	14
-5.16186	-24.07106	-41.54518	LAX_RV_FREEWALL	11	1.0	14
-4.78354	-24.06118	-44.33210	LAX_RV_FREEWALL	11	1.0	14
-4.31982	-25.45494	-47.11240	LAX_RV_FREEWALL	11	1.0	14
-3.94150	-25.44506	-49.89933	LAX_RV_FREEWALL	11	1.0	14
-3.56319	-25.43518	-52.68625	LAX_RV_FREEWALL	11	1.0	14
-3.18488	-25.42530	-55.47317	LAX_RV_FREEWALL	11	1.0	14
-2.72115	-26.81906	-58.25348	LAX_RV_FREEWALL	11	1.0	14
-2.34284	-26.80918	-61.04040	LAX_RV_FREEWALL	11	1.0	14
-1.96453	-26.79931	-63.82732	LAX_RV_FREEWALL	11	1.0	14
-1.50080	-28.19307	-66.60763	LAX_RV_FREEWALL	11	1.0	14
-1.12249	-28.18319	-69.39455	LAX_RV_FREEWALL	11	1.0	14
-0.74417	-28.17331	-72.18147	LAX_RV_FREEWALL	11	1.0	14
-0.45128	-26.75979	-74.97502	LAX_RV_FREEWALL	11	1.0	14
-0.07297	-26.74991	-77.76194	LAX_RV_FREEWALL	11	1.0	14
0.39076	-28.14367	-80.54224	LAX_RV_FREEWALL	11	1.0	14
0.68366	-26.73015	-83.33579	LAX_RV_FREEWALL	11	1.0	14
1.06197	-26.72028	-86.12271	LAX_RV_FREEWALL	11	1.0	14
1.44028	-26.71040	-88.90963	LAX_RV_FREEWALL	11	1.0	14
1.81859	-26.70052	-91.69655	LAX_RV_FREEWALL	11	1.0	14
2.19691	-26.69064	-94.48348	LAX_RV_FREEWALL	11	1.0	14
2.57522	-26.68076	-97.27040	LAX_RV_FREEWALL	11	1.0	14
2.95353	-26.67088	-100.05732	LAX_RV_FREEWALL	11	1.0	14
3.33184	-26.66100	-102.84425	LAX_RV_FREEWALL	11	1.0	14
3.62474	-25.24749	-105.63779	LAX_RV_FREEWALL	11	1.0	14
3.91764	-23.83397	-108.43133	LAX_RV_FREEWALL	11	1.0	14
3.74680	-21.02669	-108.44457	LAX_RV_FREEWALL	11	1.0	14
3.57597	-18.21941	-108.45781	LAX_RV_FREEWALL	11	1.0	14
3.21598	-15.41708	-107.07759	LAX_RV_FREEWALL	11	1.0	14
2.66684	-12.61968	-104.30390	LAX_RV_FREEWALL	11	1.0	14
2.30685	-9.81734	-102.92368	LAX_RV_FREEWALL	11	1.0	14
1.94686	-7.01500	-101.54346	LAX_RV_FREEWALL	11	1.0	14
1.58688	-4.21266	-100.16323	LAX_RV_FREEWALL	11	1.0	14
1.22689	-1.41033	-98.78301	LAX_RV_FREEWALL	11	1.0	14
0.67775	1.38707	-96.00933	LAX_RV_FREEWALL	11	1.0	14
0.21402	2.78083	-93.22902	LAX_RV_FREEWALL	11	1.0	14
-0.33513	5.57823	-90.45534	LAX_RV_FREEWALL	11	1.0	14
-0.69511	8.38057	-89.07512	LAX_RV_FREEWALL	11	1.0	14
-0.79886	6.97199	-87.67504	LAX_RV_FREEWALL	11	1.0	14
-0.81718	4.15977	-86.26833	LAX_RV_FREEWALL	11	1.0	14
-0.64635	1.35250	-86.25510	LAX_RV_SEPTUM	11	1.0	14
-0.66467	-1.45972	-84.84840	LAX_RV_SEPTUM	11	1.0	14
-0.87215	-4.27688	-82.04823	LAX_RV_SEPTUM	11	1.0	14
-1.07963	-7.09403	-79.24807	LAX_RV_SEPTUM	11	1.0	14
-1.28711	-9.91119	-76.44791	LAX_RV_SEPTUM	11	1.0	14
-1.58001	-11.32471	-73.65437	LAX_RV_SEPTUM	11	1.0	14
-1.87291	-12.73822	-70.86083	LAX_RV_SEPTUM	11	1.0	14
-2.16580	-14.15174	-68.06728	LAX_RV_SEPTUM	11	1.0	14
-2.54411	-14.16162	-65.28036	LAX_RV_SEPTUM	11	1.0	14
-2.92243	-14.17150	-62.49344	LAX_RV_SEPTUM	11	1.0	14
-3.30074	-14.18138	-59.70651	LAX_RV_SEPTUM	11	1.0	14
-3.59363	-15.59489	-56.91297	LAX_RV_SEPTUM	11	1.0	14
-3.97195	-15.60477	-54.12605	LAX_RV_SEPTUM	11	1.0	14
-4.35026	-15.61465	-51.33912	LAX_RV_SEPTUM	11	1.0	14
-4.72857	-15.62453	-48.55220	LAX_RV_SEPTUM	11	1.0	14
-5.19230	-14.23077	-45.77190	LAX_RV_SEPTUM	11	1.0	14
-5.57061	-14.24065	-42.98497	LAX_RV_SEPTUM	11	1.0	14
-6.03434	-12.84689	-40.20467	LAX_RV_SEPTUM	11	1.0	14
-6.49807	-11.45313	-37.42437	LAX_RV_SEPTUM	11	1.0	14
-6.87638	-11.46301	-34.63744	LAX_RV_SEPTUM	11	1.0	14
-7.34011	-10.06925	-31.85714	LAX_RV_SEPTUM	11	1.0	14
-7.80384	-8.67549	-29.07684	LAX_RV_SEPTUM	11	1.0	14
-8.26756	-7.28173	-26.29653	LAX_RV_SEPTUM	11	1.0	14
-8.73129	-5.88797	-23.51623	LAX_RV_SEPTUM	11	1.0	14
-9.19502	-4.49421	-20.73593	LAX_RV_SEPTUM	11	1.0	14
-9.65875	-3.10045	-17.95562	LAX_RV_SEPTUM	11	1.0	14
-10.12248	-1.70669	-15.17532	LAX_RV_SEPTUM	11	1.0	14
-10.58620	-0.31293	-12.39501	LAX_RV_SEPTUM	11	1.0	14
-11.64193	-17.21093	3.01250	LAX_RV_EPICARDIAL	11	1.0	14
-11.17820	-18.60469	0.23219	LAX_RV_EPICARDIAL	11	1.0	14
-10.71447	-19.99845	-2.54811	LAX_RV_EPICARDIAL	11	1.0	14
-10.25075	-21.39221	-5.32842	LAX_RV_EPICARDIAL	11	1.0	14
-9.87243	-21.38233	-8.11534	LAX_RV_EPICARDIAL	11	1.0	14
-9.40871	-22.77609	-10.89564	LAX_RV_EPICARDIAL	11	1.0	14
-8.94498	-24.16985	-13.67595	LAX_RV_EPICARDIAL	11	1.0	14
-8.56667	-24.15997	-16.46287	LAX_RV_EPICARDIAL	11	1.0	14
-8.10294	-25.55373	-19.24317	LAX_RV_EPICARDIAL	11	1.0	14
-7.63921	-26.94749	-22.02348	LAX_RV_EPICARDIAL	11	1.0	14
-7.26090	-26.93761	-24.81040	LAX_RV_EPICARDIAL	11	1.0	14
-6.88259	-26.92773	-27.59732	LAX_RV_EPICARDIAL	11	1.0	14
-6.41886	-28.32149	-30.37763	LAX_RV_EPICARDIAL	11	1.0	14
-6.04055	-28.31161	-33.16455	LAX_RV_EPICARDIAL	11	1.0	14
-5.66223	-28.30173	-35.95147	LAX_RV_EPICARDIAL	11	1.0	14
-5.28392	-28.29185	-38.73840	LAX_RV_EPICARDIAL	11	1.0	14
-4.90561	-28.28197	-41.52532	LAX_RV_EPICARDIAL	11	1.0	14
-4.52730	-28.27210	-44.31224	LAX_RV_EPICARDIAL	11	1.0	14
-4.14898	-28.26222	-47.09917	LAX_RV_EPICARDIAL	11	1.0	14
-3.77067	-28.25234	-49.88609	LAX_RV_EPICARDIAL	11	1.0	14
-3.39236	-28.24246	-52.67301	LAX_RV_EPICARDIAL	11	1.0	14
-3.01405	-28.23258	-55.45993	LAX_RV_EPICARDIAL	11	1.0	14
-2.63574	-28.22270	-58.24686	LAX_RV_EPICARDIAL	11	1.0	14
-2.17201	-29.61646	-61.02716	LAX_RV_EPICARDIAL	11	1.0	14
-1.79370	-29.60658	-63.81408	LAX_RV_EPICARDIAL	11	1.0	14
-1.32997	-31.00034	-66.59439	LAX_RV_EPICARDIAL	11	1.0	14
-0.95165	-30.99046	-69.38131	LAX_RV_EPICARDIAL	11	1.0	14
-0.57334	-30.98059	-72.16823	LAX_RV_EPICARDIAL	11	1.0	14
-0.28045	-29.56707	-74.96178	LAX_RV_EPICARDIAL	11	1.0	14
0.09787	-29.55719	-77.74870	LAX_RV_EPICARDIAL	11	1.0	14
0.47618	-29.54731	-80.53562	LAX_RV_EPICARDIAL	11	1.0	14
0.85449	-29.53743	-83.32255	LAX_RV_EPICARDIAL	11	1.0	14
1.23280	-29.52755	-86.10947	LAX_RV_EPICARDIAL	11	1.0	14
1.61111	-29.51767	-88.89639	LAX_RV_EPICARDIAL	11	1.0	14
1.98943	-29.50780	-91.68332	LAX_RV_EPICARDIAL	11	1.0	14
2.36774	-29.49792	-94.47024	LAX_RV_EPICARDIAL	11	1.0	14
2.74605	-29.48804	-97.25716	LAX_RV_EPICARDIAL	11	1.0	14
3.12436	-29.47816	-100.04409	LAX_RV_EPICARDIAL	11	1.0	14
3.50268	-29.46828	-102.83101	LAX_RV_EPICARDIAL	11	1.0	14
3.79557	-28.05476	-105.62455	LAX_RV_EPICARDIAL	11	1.0	14
4.08847	-26.64125	-108.41809	LAX_RV_EPICARDIAL	11	1.0	14
4.38136	-25.22773	-111.21164	LAX_RV_EPICARDIAL	11	1.0	14
4.39969	-22.41551	-112.61834	LAX_RV_EPICARDIAL	11	1.0	14
4.22886	-19.60823	-112.63158	LAX_RV_EPICARDIAL	11	1.0	14
4.05803	-16.80096	-112.64481	LAX_RV_EPICARDIAL	11	1.0	14
3.69804	-13.99862	-111.26459	LAX_RV_EPICARDIAL	11	1.0	14
3.33805	-11.19628	-109.88437	LAX_RV_EPICARDIAL	11	1.0	14
2.97806	-8.39394	-108.50415	LAX_RV_EPICARDIAL	11	1.0	14
2.42892	-5.59655	-105.73046	LAX_RV_EPICARDIAL	11	1.0	14
2.06893	-2.79421	-104.35024	LAX_RV_EPICARDIAL	11	1.0	14
1.70894	0.00813	-102.97002	LAX_RV_EPICARDIAL	11	1.0	14
1.15980	2.80553	-100.19633	LAX_RV_EPICARDIAL	11	1.0	14
0.61065	5.60293	-97.42265	LAX_RV_EPICARDIAL	11	1.0	14
0.06151	8.40033	-94.64896	LAX_RV_EPICARDIAL	11	1.0	14
-0.29848	11.20266	-93.26874	LAX_RV_EPICARDIAL	11	1.0	14
-0.76221	12.59642	-90.48844	LAX_RV_EPICARDIAL	11	1.0	14
-1.14052	12.58654	-87.70151	LAX_RV_EPICARDIAL	11	1.0	14
-0.96969	9.77927	-87.68827	LAX_RV_EPICARDIAL	11	1.0	14
-11.02025	-0.03879	-9.32663	PULMONARY_VALVE	11	1.0	14
-11.62049	-13.90671	1.36037	PULMONARY_VALVE	11	1.0	14
