x	y	z	contour type	frameID	weight	time frame
-41.56357	-24.26828	-30.15824	SAX_RV_FREEWALL	2	1.0	2
-43.26014	-23.16352	-32.56424	SAX_RV_FREEWALL	2	1.0	2
-45.48782	-23.16352	-34.28109	SAX_RV_FREEWALL	2	1.0	2
-47.71551	-23.16352	-35.99793	SAX_RV_FREEWALL	2	1.0	2
-49.94320	-23.16352	-37.71478	SAX_RV_FREEWALL	2	1.0	2
-52.17089	-23.16353	-39.43162	SAX_RV_FREEWALL	2	1.0	2
-53.86746	-22.05876	-41.83763	SAX_RV_FREEWALL	2	1.0	2
-56.09515	-22.05876	-43.55447	SAX_RV_FREEWALL	2	1.0	2
-57.79171	-20.95400	-45.96047	SAX_RV_FREEWALL	2	1.0	2
-60.01940	-20.95400	-47.67732	SAX_RV_FREEWALL	2	1.0	2
-61.71597	-19.84923	-50.08332	SAX_RV_FREEWALL	2	1.0	2
-63.41254	-18.74447	-52.48932	SAX_RV_FREEWALL	2	1.0	2
-65.10910	-17.63970	-54.89533	SAX_RV_FREEWALL	2	1.0	2
-66.80567	-16.53493	-57.30133	SAX_RV_FREEWALL	2	1.0	2
-67.97112	-14.32540	-60.39649	SAX_RV_FREEWALL	2	1.0	2
-68.02272	-12.11586	-62.63322	SAX_RV_FREEWALL	2	1.0	2
-68.07432	-9.90633	-64.86996	SAX_RV_FREEWALL	2	1.0	2
-68.12592	-7.69679	-67.10670	SAX_RV_FREEWALL	2	1.0	2
-68.17753	-5.48726	-69.34343	SAX_RV_FREEWALL	2	1.0	2
-67.11529	-3.27772	-70.72175	SAX_RV_FREEWALL	2	1.0	2
-67.16689	-1.06819	-72.95848	SAX_RV_FREEWALL	2	1.0	2
-66.10465	1.14135	-74.33680	SAX_RV_FREEWALL	2	1.0	2
-65.04240	3.35089	-75.71511	SAX_RV_FREEWALL	2	1.0	2
-62.86632	5.56042	-76.23500	SAX_RV_FREEWALL	2	1.0	2
-60.69023	7.76996	-76.75489	SAX_RV_FREEWALL	2	1.0	2
-58.51415	9.97950	-77.27478	SAX_RV_FREEWALL	2	1.0	2
-56.33806	12.18904	-77.79467	SAX_RV_FREEWALL	2	1.0	2
-54.16197	14.39858	-78.31456	SAX_RV_FREEWALL	2	1.0	2
-51.40316	15.50335	-77.28687	SAX_RV_FREEWALL	2	1.0	2
-49.22708	17.71288	-77.80676	SAX_RV_FREEWALL	2	1.0	2
-45.93715	19.92242	-77.46823	SAX_RV_FREEWALL	2	1.0	2
-42.64722	22.13196	-77.12970	SAX_RV_FREEWALL	2	1.0	2
-39.88841	23.23673	-76.10201	SAX_RV_FREEWALL	2	1.0	2
-36.59848	25.44627	-75.76348	SAX_RV_FREEWALL	2	1.0	2
-33.83967	26.55104	-74.73579	SAX_RV_FREEWALL	2	1.0	2
-31.61198	26.55104	-73.01894	SAX_RV_FREEWALL	2	1.0	2
-29.38429	26.55105	-71.30210	SAX_RV_FREEWALL	2	1.0	2
-27.15660	26.55105	-69.58525	SAX_RV_FREEWALL	2	1.0	2
-25.46004	25.44628	-67.17925	SAX_RV_FREEWALL	2	1.0	2
7.56388	-5.48718	-10.97068	SAX_RV_FREEWALL	2	1.0	2
8.72933	-7.69672	-7.87552	SAX_RV_FREEWALL	2	1.0	2
7.66708	-9.90625	-6.49721	SAX_RV_FREEWALL	2	1.0	2
5.49100	-12.11579	-5.97732	SAX_RV_FREEWALL	2	1.0	2
2.20107	-14.32533	-6.31585	SAX_RV_FREEWALL	2	1.0	2
-0.55774	-15.43010	-7.34354	SAX_RV_FREEWALL	2	1.0	2
-3.31655	-16.53487	-8.37123	SAX_RV_FREEWALL	2	1.0	2
-6.07536	-17.63964	-9.39892	SAX_RV_FREEWALL	2	1.0	2
-8.83417	-18.74441	-10.42661	SAX_RV_FREEWALL	2	1.0	2
-11.59298	-19.84918	-11.45430	SAX_RV_FREEWALL	2	1.0	2
-13.82067	-19.84918	-13.17114	SAX_RV_FREEWALL	2	1.0	2
-16.57948	-20.95396	-14.19883	SAX_RV_FREEWALL	2	1.0	2
-19.33829	-22.05873	-15.22652	SAX_RV_FREEWALL	2	1.0	2
-21.56597	-22.05873	-16.94336	SAX_RV_FREEWALL	2	1.0	2
-24.32478	-23.16350	-17.97105	SAX_RV_FREEWALL	2	1.0	2
-26.55247	-23.16350	-19.68790	SAX_RV_FREEWALL	2	1.0	2
-28.78016	-23.16350	-21.40475	SAX_RV_FREEWALL	2	1.0	2
-31.53897	-24.26827	-22.43243	SAX_RV_FREEWALL	2	1.0	2
-33.76666	-24.26828	-24.14928	SAX_RV_FREEWALL	2	1.0	2
-35.99435	-24.26828	-25.86613	SAX_RV_FREEWALL	2	1.0	2
-38.22204	-24.26828	-27.58297	SAX_RV_FREEWALL	2	1.0	2
-40.44972	-24.26828	-29.29982	SAX_RV_FREEWALL	2	1.0	2
-39.81540	-27.58259	-25.51550	SAX_RV_EPICARDIAL	2	1.0	2
-41.51197	-26.47782	-27.92150	SAX_RV_EPICARDIAL	2	1.0	2
-43.73965	-26.47782	-29.63835	SAX_RV_EPICARDIAL	2	1.0	2
-45.43622	-25.37306	-32.04435	SAX_RV_EPICARDIAL	2	1.0	2
-47.66391	-25.37306	-33.76120	SAX_RV_EPICARDIAL	2	1.0	2
-49.89160	-25.37306	-35.47804	SAX_RV_EPICARDIAL	2	1.0	2
-52.11929	-25.37306	-37.19489	SAX_RV_EPICARDIAL	2	1.0	2
-53.81585	-24.26830	-39.60089	SAX_RV_EPICARDIAL	2	1.0	2
-56.04354	-24.26830	-41.31774	SAX_RV_EPICARDIAL	2	1.0	2
-58.27123	-24.26830	-43.03458	SAX_RV_EPICARDIAL	2	1.0	2
-59.96780	-23.16353	-45.44058	SAX_RV_EPICARDIAL	2	1.0	2
-61.66437	-22.05877	-47.84659	SAX_RV_EPICARDIAL	2	1.0	2
-63.89205	-22.05877	-49.56343	SAX_RV_EPICARDIAL	2	1.0	2
-65.58862	-20.95400	-51.96943	SAX_RV_EPICARDIAL	2	1.0	2
-67.28519	-19.84924	-54.37544	SAX_RV_EPICARDIAL	2	1.0	2
-68.98176	-18.74447	-56.78144	SAX_RV_EPICARDIAL	2	1.0	2
-69.03336	-16.53494	-59.01818	SAX_RV_EPICARDIAL	2	1.0	2
-70.19881	-14.32540	-62.11333	SAX_RV_EPICARDIAL	2	1.0	2
-70.25041	-12.11587	-64.35007	SAX_RV_EPICARDIAL	2	1.0	2
-71.41586	-9.90633	-67.44523	SAX_RV_EPICARDIAL	2	1.0	2
-70.35361	-7.69680	-68.82354	SAX_RV_EPICARDIAL	2	1.0	2
-69.29137	-5.48726	-70.20186	SAX_RV_EPICARDIAL	2	1.0	2
-70.45682	-3.27772	-73.29702	SAX_RV_EPICARDIAL	2	1.0	2
-68.28073	-1.06819	-73.81691	SAX_RV_EPICARDIAL	2	1.0	2
-68.33233	1.14135	-76.05364	SAX_RV_EPICARDIAL	2	1.0	2
-67.27009	3.35088	-77.43196	SAX_RV_EPICARDIAL	2	1.0	2
-65.09401	5.56042	-77.95185	SAX_RV_EPICARDIAL	2	1.0	2
-64.03176	7.76996	-79.33016	SAX_RV_EPICARDIAL	2	1.0	2
-61.85568	9.97950	-79.85005	SAX_RV_EPICARDIAL	2	1.0	2
-58.56575	12.18904	-79.51152	SAX_RV_EPICARDIAL	2	1.0	2
-56.38966	14.39857	-80.03141	SAX_RV_EPICARDIAL	2	1.0	2
-53.09973	16.60811	-79.69288	SAX_RV_EPICARDIAL	2	1.0	2
-50.92365	18.81765	-80.21277	SAX_RV_EPICARDIAL	2	1.0	2
-47.63372	21.02719	-79.87424	SAX_RV_EPICARDIAL	2	1.0	2
-45.45763	23.23673	-80.39413	SAX_RV_EPICARDIAL	2	1.0	2
-42.69882	24.34150	-79.36644	SAX_RV_EPICARDIAL	2	1.0	2
-39.40889	26.55104	-79.02790	SAX_RV_EPICARDIAL	2	1.0	2
-36.65008	27.65581	-78.00022	SAX_RV_EPICARDIAL	2	1.0	2
-33.89127	28.76058	-76.97253	SAX_RV_EPICARDIAL	2	1.0	2
-31.66358	28.76058	-75.25568	SAX_RV_EPICARDIAL	2	1.0	2
-28.90477	29.86535	-74.22799	SAX_RV_EPICARDIAL	2	1.0	2
-26.67708	29.86535	-72.51115	SAX_RV_EPICARDIAL	2	1.0	2
-24.98052	28.76059	-70.10514	SAX_RV_EPICARDIAL	2	1.0	2
-23.28395	27.65582	-67.69914	SAX_RV_EPICARDIAL	2	1.0	2
-22.70123	26.55105	-66.15156	SAX_RV_EPICARDIAL	2	1.0	2
8.62612	-3.27765	-12.34900	SAX_RV_EPICARDIAL	2	1.0	2
10.85381	-3.27764	-10.63215	SAX_RV_EPICARDIAL	2	1.0	2
12.55038	-4.38241	-8.22615	SAX_RV_EPICARDIAL	2	1.0	2
12.60198	-6.59195	-5.98941	SAX_RV_EPICARDIAL	2	1.0	2
12.65358	-8.80148	-3.75268	SAX_RV_EPICARDIAL	2	1.0	2
10.47750	-11.01102	-3.23278	SAX_RV_EPICARDIAL	2	1.0	2
8.30141	-13.22056	-2.71289	SAX_RV_EPICARDIAL	2	1.0	2
5.01148	-15.43010	-3.05143	SAX_RV_EPICARDIAL	2	1.0	2
2.25267	-16.53487	-4.07912	SAX_RV_EPICARDIAL	2	1.0	2
-0.50614	-17.63964	-5.10680	SAX_RV_EPICARDIAL	2	1.0	2
-3.26495	-18.74441	-6.13449	SAX_RV_EPICARDIAL	2	1.0	2
-6.02376	-19.84918	-7.16218	SAX_RV_EPICARDIAL	2	1.0	2
-8.78257	-20.95395	-8.18987	SAX_RV_EPICARDIAL	2	1.0	2
-11.54138	-22.05872	-9.21756	SAX_RV_EPICARDIAL	2	1.0	2
-14.30019	-23.16349	-10.24525	SAX_RV_EPICARDIAL	2	1.0	2
-16.52787	-23.16349	-11.96209	SAX_RV_EPICARDIAL	2	1.0	2
-19.28668	-24.26826	-12.98978	SAX_RV_EPICARDIAL	2	1.0	2
-21.51437	-24.26826	-14.70663	SAX_RV_EPICARDIAL	2	1.0	2
-24.27318	-25.37303	-15.73432	SAX_RV_EPICARDIAL	2	1.0	2
-26.50087	-25.37304	-17.45116	SAX_RV_EPICARDIAL	2	1.0	2
-29.25968	-26.47781	-18.47885	SAX_RV_EPICARDIAL	2	1.0	2
-31.48737	-26.47781	-20.19570	SAX_RV_EPICARDIAL	2	1.0	2
-34.24618	-27.58258	-21.22339	SAX_RV_EPICARDIAL	2	1.0	2
-36.47387	-27.58258	-22.94023	SAX_RV_EPICARDIAL	2	1.0	2
-38.70155	-27.58258	-24.65708	SAX_RV_EPICARDIAL	2	1.0	2
-23.76347	24.34152	-64.77325	SAX_RV_SEPTUM	2	1.0	2
-23.71187	22.13198	-62.53651	SAX_RV_SEPTUM	2	1.0	2
-23.66026	19.92244	-60.29978	SAX_RV_SEPTUM	2	1.0	2
-24.72251	17.71291	-58.92146	SAX_RV_SEPTUM	2	1.0	2
-24.67090	15.50337	-56.68473	SAX_RV_SEPTUM	2	1.0	2
-25.73314	13.29384	-55.30641	SAX_RV_SEPTUM	2	1.0	2
-24.56770	11.08430	-52.21125	SAX_RV_SEPTUM	2	1.0	2
-24.51610	8.87477	-49.97452	SAX_RV_SEPTUM	2	1.0	2
-24.46449	6.66523	-47.73778	SAX_RV_SEPTUM	2	1.0	2
-23.29905	4.45570	-44.64262	SAX_RV_SEPTUM	2	1.0	2
-23.24744	2.24616	-42.40589	SAX_RV_SEPTUM	2	1.0	2
-22.08200	0.03663	-39.31073	SAX_RV_SEPTUM	2	1.0	2
-20.91655	-2.17291	-36.21557	SAX_RV_SEPTUM	2	1.0	2
-19.21998	-3.27767	-33.80957	SAX_RV_SEPTUM	2	1.0	2
-17.52342	-4.38244	-31.40356	SAX_RV_SEPTUM	2	1.0	2
-15.29573	-4.38244	-29.68672	SAX_RV_SEPTUM	2	1.0	2
-13.59916	-5.48720	-27.28072	SAX_RV_SEPTUM	2	1.0	2
-11.37147	-5.48720	-25.56387	SAX_RV_SEPTUM	2	1.0	2
-9.14378	-5.48720	-23.84702	SAX_RV_SEPTUM	2	1.0	2
-6.38497	-4.38243	-22.81934	SAX_RV_SEPTUM	2	1.0	2
-4.15729	-4.38243	-21.10249	SAX_RV_SEPTUM	2	1.0	2
-1.92960	-4.38242	-19.38564	SAX_RV_SEPTUM	2	1.0	2
0.82921	-3.27765	-18.35796	SAX_RV_SEPTUM	2	1.0	2
3.58802	-2.17288	-17.33027	SAX_RV_SEPTUM	2	1.0	2
6.34683	-1.06811	-16.30258	SAX_RV_SEPTUM	2	1.0	2
8.57452	-1.06811	-14.58573	SAX_RV_SEPTUM	2	1.0	2
6.39843	-3.27765	-14.06584	SAX_RV_SEPTUM	2	1.0	2
-20.52514	28.76059	-66.67145	SAX_LV_EPICARDIAL	2	1.0	2
-18.34905	30.97013	-67.19134	SAX_LV_EPICARDIAL	2	1.0	2
-17.28681	33.17966	-68.56966	SAX_LV_EPICARDIAL	2	1.0	2
-15.11073	35.38920	-69.08955	SAX_LV_EPICARDIAL	2	1.0	2
-14.04848	37.59874	-70.46786	SAX_LV_EPICARDIAL	2	1.0	2
-10.75855	39.80828	-70.12933	SAX_LV_EPICARDIAL	2	1.0	2
-8.58247	42.01781	-70.64922	SAX_LV_EPICARDIAL	2	1.0	2
-5.29254	44.22735	-70.31069	SAX_LV_EPICARDIAL	2	1.0	2
-2.00261	46.43689	-69.97216	SAX_LV_EPICARDIAL	2	1.0	2
0.75620	47.54166	-68.94447	SAX_LV_EPICARDIAL	2	1.0	2
3.51501	48.64643	-67.91678	SAX_LV_EPICARDIAL	2	1.0	2
6.27382	49.75120	-66.88909	SAX_LV_EPICARDIAL	2	1.0	2
9.03263	50.85597	-65.86140	SAX_LV_EPICARDIAL	2	1.0	2
11.79144	51.96074	-64.83371	SAX_LV_EPICARDIAL	2	1.0	2
14.01913	51.96075	-63.11687	SAX_LV_EPICARDIAL	2	1.0	2
16.24682	51.96075	-61.40002	SAX_LV_EPICARDIAL	2	1.0	2
19.00563	53.06552	-60.37233	SAX_LV_EPICARDIAL	2	1.0	2
21.23331	53.06552	-58.65548	SAX_LV_EPICARDIAL	2	1.0	2
22.92988	51.96076	-56.24948	SAX_LV_EPICARDIAL	2	1.0	2
25.15757	51.96076	-54.53264	SAX_LV_EPICARDIAL	2	1.0	2
27.38526	51.96076	-52.81579	SAX_LV_EPICARDIAL	2	1.0	2
29.08183	50.85599	-50.40979	SAX_LV_EPICARDIAL	2	1.0	2
31.30951	50.85600	-48.69294	SAX_LV_EPICARDIAL	2	1.0	2
33.00608	49.75123	-46.28694	SAX_LV_EPICARDIAL	2	1.0	2
34.70265	48.64646	-43.88094	SAX_LV_EPICARDIAL	2	1.0	2
35.86810	46.43693	-40.78578	SAX_LV_EPICARDIAL	2	1.0	2
37.03354	44.22740	-37.69062	SAX_LV_EPICARDIAL	2	1.0	2
38.19899	42.01786	-34.59546	SAX_LV_EPICARDIAL	2	1.0	2
38.25059	39.80833	-32.35873	SAX_LV_EPICARDIAL	2	1.0	2
39.41604	37.59879	-29.26357	SAX_LV_EPICARDIAL	2	1.0	2
39.46764	35.38926	-27.02683	SAX_LV_EPICARDIAL	2	1.0	2
38.40540	33.17972	-25.64852	SAX_LV_EPICARDIAL	2	1.0	2
38.45700	30.97018	-23.41178	SAX_LV_EPICARDIAL	2	1.0	2
37.39476	28.76065	-22.03347	SAX_LV_EPICARDIAL	2	1.0	2
36.33252	26.55111	-20.65515	SAX_LV_EPICARDIAL	2	1.0	2
35.27028	24.34157	-19.27684	SAX_LV_EPICARDIAL	2	1.0	2
34.20803	22.13204	-17.89853	SAX_LV_EPICARDIAL	2	1.0	2
33.14579	19.92250	-16.52021	SAX_LV_EPICARDIAL	2	1.0	2
30.96971	17.71296	-16.00032	SAX_LV_EPICARDIAL	2	1.0	2
29.90746	15.50343	-14.62201	SAX_LV_EPICARDIAL	2	1.0	2
27.73138	13.29389	-14.10212	SAX_LV_EPICARDIAL	2	1.0	2
25.55529	11.08435	-13.58223	SAX_LV_EPICARDIAL	2	1.0	2
22.26536	8.87481	-13.92076	SAX_LV_EPICARDIAL	2	1.0	2
20.08928	6.66527	-13.40087	SAX_LV_EPICARDIAL	2	1.0	2
16.79934	4.45574	-13.73940	SAX_LV_EPICARDIAL	2	1.0	2
14.04054	3.35097	-14.76709	SAX_LV_EPICARDIAL	2	1.0	2
-9.35019	3.35094	-32.79397	SAX_LV_ENDOCARDIAL	2	1.0	2
-11.04676	4.45571	-35.19997	SAX_LV_ENDOCARDIAL	2	1.0	2
-13.27445	4.45571	-36.91682	SAX_LV_ENDOCARDIAL	2	1.0	2
-14.97102	5.56047	-39.32282	SAX_LV_ENDOCARDIAL	2	1.0	2
-16.13646	7.77001	-42.41798	SAX_LV_ENDOCARDIAL	2	1.0	2
-17.30191	9.97954	-45.51314	SAX_LV_ENDOCARDIAL	2	1.0	2
-18.46736	12.18908	-48.60830	SAX_LV_ENDOCARDIAL	2	1.0	2
-18.51896	14.39861	-50.84503	SAX_LV_ENDOCARDIAL	2	1.0	2
-18.57056	16.60815	-53.08177	SAX_LV_ENDOCARDIAL	2	1.0	2
-18.62216	18.81768	-55.31851	SAX_LV_ENDOCARDIAL	2	1.0	2
-17.55992	21.02722	-56.69682	SAX_LV_ENDOCARDIAL	2	1.0	2
-16.49768	23.23675	-58.07513	SAX_LV_ENDOCARDIAL	2	1.0	2
-15.43544	25.44629	-59.45345	SAX_LV_ENDOCARDIAL	2	1.0	2
-14.37320	27.65583	-60.83176	SAX_LV_ENDOCARDIAL	2	1.0	2
-13.31095	29.86536	-62.21007	SAX_LV_ENDOCARDIAL	2	1.0	2
-12.24871	32.07490	-63.58839	SAX_LV_ENDOCARDIAL	2	1.0	2
-10.07263	34.28444	-64.10828	SAX_LV_ENDOCARDIAL	2	1.0	2
-7.89654	36.49398	-64.62817	SAX_LV_ENDOCARDIAL	2	1.0	2
-4.60661	38.70352	-64.28964	SAX_LV_ENDOCARDIAL	2	1.0	2
-1.84780	39.80829	-63.26195	SAX_LV_ENDOCARDIAL	2	1.0	2
1.44213	42.01782	-62.92341	SAX_LV_ENDOCARDIAL	2	1.0	2
4.20094	43.12259	-61.89573	SAX_LV_ENDOCARDIAL	2	1.0	2
6.95975	44.22737	-60.86804	SAX_LV_ENDOCARDIAL	2	1.0	2
9.71856	45.33214	-59.84035	SAX_LV_ENDOCARDIAL	2	1.0	2
12.47737	46.43691	-58.81266	SAX_LV_ENDOCARDIAL	2	1.0	2
14.70506	46.43691	-57.09581	SAX_LV_ENDOCARDIAL	2	1.0	2
16.93274	46.43691	-55.37897	SAX_LV_ENDOCARDIAL	2	1.0	2
19.69155	47.54168	-54.35128	SAX_LV_ENDOCARDIAL	2	1.0	2
21.38812	46.43692	-51.94528	SAX_LV_ENDOCARDIAL	2	1.0	2
23.61581	46.43692	-50.22843	SAX_LV_ENDOCARDIAL	2	1.0	2
25.84350	46.43692	-48.51158	SAX_LV_ENDOCARDIAL	2	1.0	2
27.54007	45.33215	-46.10558	SAX_LV_ENDOCARDIAL	2	1.0	2
29.23663	44.22739	-43.69958	SAX_LV_ENDOCARDIAL	2	1.0	2
30.40208	42.01785	-40.60442	SAX_LV_ENDOCARDIAL	2	1.0	2
31.56753	39.80832	-37.50926	SAX_LV_ENDOCARDIAL	2	1.0	2
31.61913	37.59878	-35.27253	SAX_LV_ENDOCARDIAL	2	1.0	2
31.67073	35.38925	-33.03579	SAX_LV_ENDOCARDIAL	2	1.0	2
31.72233	33.17971	-30.79905	SAX_LV_ENDOCARDIAL	2	1.0	2
31.77394	30.97018	-28.56232	SAX_LV_ENDOCARDIAL	2	1.0	2
30.71169	28.76064	-27.18400	SAX_LV_ENDOCARDIAL	2	1.0	2
30.76330	26.55110	-24.94727	SAX_LV_ENDOCARDIAL	2	1.0	2
29.70105	24.34157	-23.56895	SAX_LV_ENDOCARDIAL	2	1.0	2
27.52497	22.13203	-23.04906	SAX_LV_ENDOCARDIAL	2	1.0	2
26.46273	19.92249	-21.67075	SAX_LV_ENDOCARDIAL	2	1.0	2
24.28664	17.71296	-21.15086	SAX_LV_ENDOCARDIAL	2	1.0	2
20.99671	15.50342	-21.48939	SAX_LV_ENDOCARDIAL	2	1.0	2
18.82062	13.29388	-20.96950	SAX_LV_ENDOCARDIAL	2	1.0	2
15.53069	11.08434	-21.30803	SAX_LV_ENDOCARDIAL	2	1.0	2
12.77188	9.97957	-22.33572	SAX_LV_ENDOCARDIAL	2	1.0	2
9.48195	7.77003	-22.67425	SAX_LV_ENDOCARDIAL	2	1.0	2
7.25427	7.77003	-24.39110	SAX_LV_ENDOCARDIAL	2	1.0	2
4.49546	6.66526	-25.41879	SAX_LV_ENDOCARDIAL	2	1.0	2
1.73665	5.56049	-26.44648	SAX_LV_ENDOCARDIAL	2	1.0	2
-1.02216	4.45572	-27.47417	SAX_LV_ENDOCARDIAL	2	1.0	2
-3.24985	4.45572	-29.19101	SAX_LV_ENDOCARDIAL	2	1.0	2
-5.47754	4.45571	-30.90786	SAX_LV_ENDOCARDIAL	2	1.0	2
-8.23635	3.35094	-31.93555	SAX_LV_ENDOCARDIAL	2	1.0	2
6.39843	-3.27765	-14.06584	RV_INSERT	2	1.0	2
-25.46004	25.44628	-67.17925	RV_INSERT	2	1.0	2
-35.98818	-29.69595	-48.91014	SAX_RV_FREEWALL	3	1.0	2
-37.68475	-28.59118	-51.31614	SAX_RV_FREEWALL	3	1.0	2
-39.91244	-28.59118	-53.03298	SAX_RV_FREEWALL	3	1.0	2
-42.14013	-28.59119	-54.74983	SAX_RV_FREEWALL	3	1.0	2
-44.36782	-28.59119	-56.46668	SAX_RV_FREEWALL	3	1.0	2
-46.59551	-28.59119	-58.18352	SAX_RV_FREEWALL	3	1.0	2
-48.82319	-28.59119	-59.90037	SAX_RV_FREEWALL	3	1.0	2
-50.51976	-27.48643	-62.30637	SAX_RV_FREEWALL	3	1.0	2
-52.21633	-26.38166	-64.71237	SAX_RV_FREEWALL	3	1.0	2
-53.91290	-25.27689	-67.11837	SAX_RV_FREEWALL	3	1.0	2
-55.07834	-23.06736	-70.21353	SAX_RV_FREEWALL	3	1.0	2
-56.24379	-20.85783	-73.30869	SAX_RV_FREEWALL	3	1.0	2
-57.40924	-18.64829	-76.40385	SAX_RV_FREEWALL	3	1.0	2
-57.46084	-16.43876	-78.64059	SAX_RV_FREEWALL	3	1.0	2
-56.39860	-14.22922	-80.01890	SAX_RV_FREEWALL	3	1.0	2
-56.45020	-12.01968	-82.25564	SAX_RV_FREEWALL	3	1.0	2
-54.27411	-9.81015	-82.77553	SAX_RV_FREEWALL	3	1.0	2
-53.21187	-7.60061	-84.15384	SAX_RV_FREEWALL	3	1.0	2
-51.03579	-5.39107	-84.67373	SAX_RV_FREEWALL	3	1.0	2
-48.85970	-3.18153	-85.19362	SAX_RV_FREEWALL	3	1.0	2
-46.68361	-0.97200	-85.71351	SAX_RV_FREEWALL	3	1.0	2
-43.39368	1.23754	-85.37498	SAX_RV_FREEWALL	3	1.0	2
-41.21760	3.44708	-85.89487	SAX_RV_FREEWALL	3	1.0	2
-37.92767	5.65662	-85.55634	SAX_RV_FREEWALL	3	1.0	2
-34.63774	7.86616	-85.21781	SAX_RV_FREEWALL	3	1.0	2
-31.34781	10.07570	-84.87928	SAX_RV_FREEWALL	3	1.0	2
-28.05788	12.28523	-84.54074	SAX_RV_FREEWALL	3	1.0	2
-25.29907	13.39001	-83.51305	SAX_RV_FREEWALL	3	1.0	2
-22.54026	14.49478	-82.48537	SAX_RV_FREEWALL	3	1.0	2
-19.78145	15.59955	-81.45768	SAX_RV_FREEWALL	3	1.0	2
-17.02264	16.70432	-80.42999	SAX_RV_FREEWALL	3	1.0	2
-14.79495	16.70432	-78.71314	SAX_RV_FREEWALL	3	1.0	2
3.85220	-18.64823	-29.19060	SAX_RV_FREEWALL	3	1.0	2
1.09339	-19.75300	-30.21829	SAX_RV_FREEWALL	3	1.0	2
-1.66542	-20.85777	-31.24597	SAX_RV_FREEWALL	3	1.0	2
-3.89311	-20.85777	-32.96282	SAX_RV_FREEWALL	3	1.0	2
-6.65192	-21.96254	-33.99051	SAX_RV_FREEWALL	3	1.0	2
-9.41073	-23.06731	-35.01820	SAX_RV_FREEWALL	3	1.0	2
-12.70066	-25.27685	-35.35673	SAX_RV_FREEWALL	3	1.0	2
-15.45947	-26.38162	-36.38442	SAX_RV_FREEWALL	3	1.0	2
-17.68716	-26.38163	-38.10126	SAX_RV_FREEWALL	3	1.0	2
-20.44597	-27.48640	-39.12895	SAX_RV_FREEWALL	3	1.0	2
-23.20478	-28.59117	-40.15664	SAX_RV_FREEWALL	3	1.0	2
-25.43247	-28.59117	-41.87349	SAX_RV_FREEWALL	3	1.0	2
-27.66015	-28.59117	-43.59033	SAX_RV_FREEWALL	3	1.0	2
-29.88784	-28.59117	-45.30718	SAX_RV_FREEWALL	3	1.0	2
-32.64665	-29.69594	-46.33487	SAX_RV_FREEWALL	3	1.0	2
-34.87434	-29.69595	-48.05171	SAX_RV_FREEWALL	3	1.0	2
-37.58155	-33.01025	-46.84267	SAX_RV_EPICARDIAL	3	1.0	2
-39.27811	-31.90549	-49.24867	SAX_RV_EPICARDIAL	3	1.0	2
-41.50580	-31.90549	-50.96551	SAX_RV_EPICARDIAL	3	1.0	2
-43.73349	-31.90549	-52.68236	SAX_RV_EPICARDIAL	3	1.0	2
-45.96118	-31.90549	-54.39921	SAX_RV_EPICARDIAL	3	1.0	2
-48.18887	-31.90550	-56.11605	SAX_RV_EPICARDIAL	3	1.0	2
-49.88544	-30.80073	-58.52205	SAX_RV_EPICARDIAL	3	1.0	2
-52.11312	-30.80073	-60.23890	SAX_RV_EPICARDIAL	3	1.0	2
-53.80969	-29.69597	-62.64490	SAX_RV_EPICARDIAL	3	1.0	2
-55.50626	-28.59120	-65.05090	SAX_RV_EPICARDIAL	3	1.0	2
-57.20283	-27.48643	-67.45691	SAX_RV_EPICARDIAL	3	1.0	2
-58.36827	-25.27690	-70.55207	SAX_RV_EPICARDIAL	3	1.0	2
-60.06484	-24.17213	-72.95807	SAX_RV_EPICARDIAL	3	1.0	2
-61.23029	-21.96260	-76.05323	SAX_RV_EPICARDIAL	3	1.0	2
-60.16805	-19.75306	-77.43154	SAX_RV_EPICARDIAL	3	1.0	2
-59.10580	-17.54353	-78.80985	SAX_RV_EPICARDIAL	3	1.0	2
-59.15741	-15.33399	-81.04659	SAX_RV_EPICARDIAL	3	1.0	2
-58.09516	-13.12445	-82.42490	SAX_RV_EPICARDIAL	3	1.0	2
-57.03292	-10.91492	-83.80322	SAX_RV_EPICARDIAL	3	1.0	2
-55.97068	-8.70538	-85.18153	SAX_RV_EPICARDIAL	3	1.0	2
-54.90844	-6.49584	-86.55984	SAX_RV_EPICARDIAL	3	1.0	2
-52.73235	-4.28631	-87.07973	SAX_RV_EPICARDIAL	3	1.0	2
-50.55627	-2.07677	-87.59963	SAX_RV_EPICARDIAL	3	1.0	2
-48.38018	0.13277	-88.11952	SAX_RV_EPICARDIAL	3	1.0	2
-46.20409	2.34231	-88.63941	SAX_RV_EPICARDIAL	3	1.0	2
-42.91416	4.55185	-88.30087	SAX_RV_EPICARDIAL	3	1.0	2
-40.73808	6.76138	-88.82076	SAX_RV_EPICARDIAL	3	1.0	2
-37.44815	8.97092	-88.48223	SAX_RV_EPICARDIAL	3	1.0	2
-34.15822	11.18046	-88.14370	SAX_RV_EPICARDIAL	3	1.0	2
-31.39941	12.28523	-87.11601	SAX_RV_EPICARDIAL	3	1.0	2
-28.10948	14.49477	-86.77748	SAX_RV_EPICARDIAL	3	1.0	2
-25.35067	15.59954	-85.74979	SAX_RV_EPICARDIAL	3	1.0	2
-22.59186	16.70431	-84.72210	SAX_RV_EPICARDIAL	3	1.0	2
-19.30193	18.91385	-84.38357	SAX_RV_EPICARDIAL	3	1.0	2
-16.54312	20.01862	-83.35588	SAX_RV_EPICARDIAL	3	1.0	2
-14.31543	20.01862	-81.63903	SAX_RV_EPICARDIAL	3	1.0	2
-11.55662	21.12339	-80.61135	SAX_RV_EPICARDIAL	3	1.0	2
-11.45342	16.70432	-76.13787	SAX_RV_EPICARDIAL	3	1.0	2
6.02828	-16.43869	-29.71049	SAX_RV_EPICARDIAL	3	1.0	2
8.25597	-16.43869	-27.99364	SAX_RV_EPICARDIAL	3	1.0	2
7.72485	-17.54346	-27.30449	SAX_RV_EPICARDIAL	3	1.0	2
5.54876	-19.75300	-26.78459	SAX_RV_EPICARDIAL	3	1.0	2
2.25883	-21.96254	-27.12313	SAX_RV_EPICARDIAL	3	1.0	2
-0.49998	-23.06731	-28.15082	SAX_RV_EPICARDIAL	3	1.0	2
-3.25879	-24.17208	-29.17850	SAX_RV_EPICARDIAL	3	1.0	2
-6.01760	-25.27685	-30.20619	SAX_RV_EPICARDIAL	3	1.0	2
-8.77640	-26.38162	-31.23388	SAX_RV_EPICARDIAL	3	1.0	2
-11.53521	-27.48639	-32.26157	SAX_RV_EPICARDIAL	3	1.0	2
-14.29402	-28.59116	-33.28926	SAX_RV_EPICARDIAL	3	1.0	2
-17.05283	-29.69593	-34.31695	SAX_RV_EPICARDIAL	3	1.0	2
-19.81164	-30.80070	-35.34464	SAX_RV_EPICARDIAL	3	1.0	2
-22.03933	-30.80070	-37.06148	SAX_RV_EPICARDIAL	3	1.0	2
-24.26702	-30.80070	-38.77833	SAX_RV_EPICARDIAL	3	1.0	2
-27.02583	-31.90547	-39.80602	SAX_RV_EPICARDIAL	3	1.0	2
-29.25352	-31.90548	-41.52286	SAX_RV_EPICARDIAL	3	1.0	2
-31.48121	-31.90548	-43.23971	SAX_RV_EPICARDIAL	3	1.0	2
-34.24001	-33.01025	-44.26740	SAX_RV_EPICARDIAL	3	1.0	2
-36.46770	-33.01025	-45.98424	SAX_RV_EPICARDIAL	3	1.0	2
-12.56726	16.70432	-76.99630	SAX_RV_SEPTUM	3	1.0	2
-12.51566	14.49479	-74.75956	SAX_RV_SEPTUM	3	1.0	2
-13.57790	12.28525	-73.38125	SAX_RV_SEPTUM	3	1.0	2
-13.52630	10.07571	-71.14451	SAX_RV_SEPTUM	3	1.0	2
-13.47470	7.86618	-68.90777	SAX_RV_SEPTUM	3	1.0	2
-14.53694	5.65664	-67.52946	SAX_RV_SEPTUM	3	1.0	2
-14.48534	3.44711	-65.29272	SAX_RV_SEPTUM	3	1.0	2
-14.43373	1.23757	-63.05599	SAX_RV_SEPTUM	3	1.0	2
-14.38213	-0.97196	-60.81925	SAX_RV_SEPTUM	3	1.0	2
-14.33053	-3.18150	-58.58252	SAX_RV_SEPTUM	3	1.0	2
-13.16508	-5.39103	-55.48736	SAX_RV_SEPTUM	3	1.0	2
-11.99964	-7.60057	-52.39220	SAX_RV_SEPTUM	3	1.0	2
-10.83419	-9.81010	-49.29704	SAX_RV_SEPTUM	3	1.0	2
-9.13762	-10.91487	-46.89104	SAX_RV_SEPTUM	3	1.0	2
-7.44105	-12.01964	-44.48503	SAX_RV_SEPTUM	3	1.0	2
-5.74449	-13.12440	-42.07903	SAX_RV_SEPTUM	3	1.0	2
-4.04792	-14.22917	-39.67303	SAX_RV_SEPTUM	3	1.0	2
-2.35135	-15.33393	-37.26703	SAX_RV_SEPTUM	3	1.0	2
-0.12366	-15.33393	-35.55018	SAX_RV_SEPTUM	3	1.0	2
2.10403	-15.33393	-33.83334	SAX_RV_SEPTUM	3	1.0	2
3.80059	-16.43870	-31.42733	SAX_RV_SEPTUM	3	1.0	2
6.02828	-16.43869	-29.71049	SAX_RV_SEPTUM	3	1.0	2
-8.74621	20.01863	-77.34692	SAX_LV_EPICARDIAL	3	1.0	2
-6.57012	22.22817	-77.86681	SAX_LV_EPICARDIAL	3	1.0	2
-5.50788	24.43770	-79.24512	SAX_LV_EPICARDIAL	3	1.0	2
-3.33180	26.64724	-79.76502	SAX_LV_EPICARDIAL	3	1.0	2
-0.04187	28.85678	-79.42648	SAX_LV_EPICARDIAL	3	1.0	2
2.13422	31.06632	-79.94637	SAX_LV_EPICARDIAL	3	1.0	2
5.42415	33.27586	-79.60784	SAX_LV_EPICARDIAL	3	1.0	2
8.18296	34.38063	-78.58015	SAX_LV_EPICARDIAL	3	1.0	2
11.47289	36.59016	-78.24162	SAX_LV_EPICARDIAL	3	1.0	2
14.23170	37.69494	-77.21393	SAX_LV_EPICARDIAL	3	1.0	2
17.52163	39.90447	-76.87540	SAX_LV_EPICARDIAL	3	1.0	2
19.74932	39.90448	-75.15855	SAX_LV_EPICARDIAL	3	1.0	2
22.50813	41.00925	-74.13087	SAX_LV_EPICARDIAL	3	1.0	2
25.26694	42.11402	-73.10318	SAX_LV_EPICARDIAL	3	1.0	2
27.49463	42.11402	-71.38633	SAX_LV_EPICARDIAL	3	1.0	2
29.72231	42.11402	-69.66948	SAX_LV_EPICARDIAL	3	1.0	2
31.95000	42.11402	-67.95264	SAX_LV_EPICARDIAL	3	1.0	2
34.70881	43.21879	-66.92495	SAX_LV_EPICARDIAL	3	1.0	2
36.93650	43.21880	-65.20810	SAX_LV_EPICARDIAL	3	1.0	2
38.63307	42.11403	-62.80210	SAX_LV_EPICARDIAL	3	1.0	2
40.86076	42.11403	-61.08526	SAX_LV_EPICARDIAL	3	1.0	2
42.55732	41.00927	-58.67925	SAX_LV_EPICARDIAL	3	1.0	2
44.25389	39.90450	-56.27325	SAX_LV_EPICARDIAL	3	1.0	2
45.95046	38.79973	-53.86725	SAX_LV_EPICARDIAL	3	1.0	2
47.11591	36.59020	-50.77209	SAX_LV_EPICARDIAL	3	1.0	2
48.28135	34.38067	-47.67693	SAX_LV_EPICARDIAL	3	1.0	2
49.44680	32.17113	-44.58177	SAX_LV_EPICARDIAL	3	1.0	2
49.49840	29.96160	-42.34504	SAX_LV_EPICARDIAL	3	1.0	2
49.55000	27.75206	-40.10830	SAX_LV_EPICARDIAL	3	1.0	2
49.60161	25.54253	-37.87156	SAX_LV_EPICARDIAL	3	1.0	2
49.65321	23.33299	-35.63483	SAX_LV_EPICARDIAL	3	1.0	2
49.70481	21.12345	-33.39809	SAX_LV_EPICARDIAL	3	1.0	2
48.64257	18.91392	-32.01978	SAX_LV_EPICARDIAL	3	1.0	2
47.58033	16.70438	-30.64146	SAX_LV_EPICARDIAL	3	1.0	2
46.51808	14.49484	-29.26315	SAX_LV_EPICARDIAL	3	1.0	2
45.45584	12.28531	-27.88484	SAX_LV_EPICARDIAL	3	1.0	2
44.39360	10.07577	-26.50652	SAX_LV_EPICARDIAL	3	1.0	2
42.21752	7.86623	-25.98663	SAX_LV_EPICARDIAL	3	1.0	2
41.15527	5.65670	-24.60832	SAX_LV_EPICARDIAL	3	1.0	2
38.97919	3.44716	-24.08843	SAX_LV_EPICARDIAL	3	1.0	2
37.91695	1.23762	-22.71012	SAX_LV_EPICARDIAL	3	1.0	2
35.74086	-0.97191	-22.19023	SAX_LV_EPICARDIAL	3	1.0	2
33.56477	-3.18145	-21.67033	SAX_LV_EPICARDIAL	3	1.0	2
31.38869	-5.39099	-21.15044	SAX_LV_EPICARDIAL	3	1.0	2
28.09876	-7.60053	-21.48898	SAX_LV_EPICARDIAL	3	1.0	2
24.80883	-9.81007	-21.82751	SAX_LV_EPICARDIAL	3	1.0	2
21.51890	-12.01961	-22.16604	SAX_LV_EPICARDIAL	3	1.0	2
18.76009	-13.12438	-23.19373	SAX_LV_EPICARDIAL	3	1.0	2
16.00128	-14.22915	-24.22142	SAX_LV_EPICARDIAL	3	1.0	2
13.77359	-14.22915	-25.93826	SAX_LV_EPICARDIAL	3	1.0	2
11.01478	-15.33392	-26.96595	SAX_LV_EPICARDIAL	3	1.0	2
6.93572	-7.60055	-37.79901	SAX_LV_ENDOCARDIAL	3	1.0	2
5.23915	-6.49578	-40.20501	SAX_LV_ENDOCARDIAL	3	1.0	2
3.01146	-6.49579	-41.92186	SAX_LV_ENDOCARDIAL	3	1.0	2
1.31489	-5.39102	-44.32786	SAX_LV_ENDOCARDIAL	3	1.0	2
-0.38167	-4.28625	-46.73386	SAX_LV_ENDOCARDIAL	3	1.0	2
-2.07824	-3.18149	-49.13986	SAX_LV_ENDOCARDIAL	3	1.0	2
-3.24369	-0.97195	-52.23502	SAX_LV_ENDOCARDIAL	3	1.0	2
-3.29529	1.23758	-54.47176	SAX_LV_ENDOCARDIAL	3	1.0	2
-4.46074	3.44712	-57.56692	SAX_LV_ENDOCARDIAL	3	1.0	2
-4.51234	5.65665	-59.80366	SAX_LV_ENDOCARDIAL	3	1.0	2
-4.56394	7.86619	-62.04039	SAX_LV_ENDOCARDIAL	3	1.0	2
-4.61554	10.07572	-64.27713	SAX_LV_ENDOCARDIAL	3	1.0	2
-4.66715	12.28526	-66.51386	SAX_LV_ENDOCARDIAL	3	1.0	2
-3.60490	14.49479	-67.89218	SAX_LV_ENDOCARDIAL	3	1.0	2
-2.54266	16.70433	-69.27049	SAX_LV_ENDOCARDIAL	3	1.0	2
-1.48042	18.91387	-70.64880	SAX_LV_ENDOCARDIAL	3	1.0	2
0.69567	21.12341	-71.16870	SAX_LV_ENDOCARDIAL	3	1.0	2
1.75791	23.33294	-72.54701	SAX_LV_ENDOCARDIAL	3	1.0	2
3.93399	25.54248	-73.06690	SAX_LV_ENDOCARDIAL	3	1.0	2
7.22392	27.75202	-72.72837	SAX_LV_ENDOCARDIAL	3	1.0	2
9.40001	29.96156	-73.24826	SAX_LV_ENDOCARDIAL	3	1.0	2
12.68994	32.17109	-72.90973	SAX_LV_ENDOCARDIAL	3	1.0	2
15.44875	33.27587	-71.88204	SAX_LV_ENDOCARDIAL	3	1.0	2
18.20756	34.38064	-70.85435	SAX_LV_ENDOCARDIAL	3	1.0	2
20.96637	35.48541	-69.82666	SAX_LV_ENDOCARDIAL	3	1.0	2
23.72518	36.59018	-68.79897	SAX_LV_ENDOCARDIAL	3	1.0	2
25.95287	36.59018	-67.08212	SAX_LV_ENDOCARDIAL	3	1.0	2
28.18055	36.59018	-65.36528	SAX_LV_ENDOCARDIAL	3	1.0	2
30.40824	36.59018	-63.64843	SAX_LV_ENDOCARDIAL	3	1.0	2
32.63593	36.59019	-61.93159	SAX_LV_ENDOCARDIAL	3	1.0	2
34.86362	36.59019	-60.21474	SAX_LV_ENDOCARDIAL	3	1.0	2
37.09131	36.59019	-58.49790	SAX_LV_ENDOCARDIAL	3	1.0	2
38.78788	35.48542	-56.09189	SAX_LV_ENDOCARDIAL	3	1.0	2
40.48444	34.38066	-53.68589	SAX_LV_ENDOCARDIAL	3	1.0	2
42.18101	33.27589	-51.27989	SAX_LV_ENDOCARDIAL	3	1.0	2
43.34646	31.06636	-48.18473	SAX_LV_ENDOCARDIAL	3	1.0	2
43.39806	28.85682	-45.94799	SAX_LV_ENDOCARDIAL	3	1.0	2
44.56351	26.64729	-42.85283	SAX_LV_ENDOCARDIAL	3	1.0	2
44.61511	24.43775	-40.61610	SAX_LV_ENDOCARDIAL	3	1.0	2
43.55287	22.22822	-39.23778	SAX_LV_ENDOCARDIAL	3	1.0	2
43.60447	20.01868	-37.00105	SAX_LV_ENDOCARDIAL	3	1.0	2
43.65607	17.80914	-34.76431	SAX_LV_ENDOCARDIAL	3	1.0	2
42.59383	15.59961	-33.38600	SAX_LV_ENDOCARDIAL	3	1.0	2
41.53159	13.39007	-32.00769	SAX_LV_ENDOCARDIAL	3	1.0	2
39.35550	11.18053	-31.48779	SAX_LV_ENDOCARDIAL	3	1.0	2
38.29326	8.97100	-30.10948	SAX_LV_ENDOCARDIAL	3	1.0	2
37.23102	6.76146	-28.73117	SAX_LV_ENDOCARDIAL	3	1.0	2
35.05493	4.55192	-28.21128	SAX_LV_ENDOCARDIAL	3	1.0	2
32.87885	2.34239	-27.69139	SAX_LV_ENDOCARDIAL	3	1.0	2
30.70276	0.13285	-27.17150	SAX_LV_ENDOCARDIAL	3	1.0	2
28.52667	-2.07669	-26.65161	SAX_LV_ENDOCARDIAL	3	1.0	2
26.88171	-3.18146	-26.82087	SAX_LV_ENDOCARDIAL	3	1.0	2
23.59178	-5.39100	-27.15940	SAX_LV_ENDOCARDIAL	3	1.0	2
20.83297	-6.49577	-28.18709	SAX_LV_ENDOCARDIAL	3	1.0	2
18.07416	-7.60054	-29.21478	SAX_LV_ENDOCARDIAL	3	1.0	2
15.84647	-7.60054	-30.93163	SAX_LV_ENDOCARDIAL	3	1.0	2
13.61878	-7.60054	-32.64847	SAX_LV_ENDOCARDIAL	3	1.0	2
11.39109	-7.60055	-34.36532	SAX_LV_ENDOCARDIAL	3	1.0	2
9.16340	-7.60055	-36.08216	SAX_LV_ENDOCARDIAL	3	1.0	2
3.85220	-18.64823	-29.19060	RV_INSERT	3	1.0	2
-12.56726	16.70432	-76.99630	RV_INSERT	3	1.0	2
-34.92078	-32.91358	-73.33196	SAX_RV_FREEWALL	4	1.0	2
-36.61735	-31.80881	-75.73796	SAX_RV_FREEWALL	4	1.0	2
-38.84504	-31.80882	-77.45481	SAX_RV_FREEWALL	4	1.0	2
-40.54160	-30.70405	-79.86081	SAX_RV_FREEWALL	4	1.0	2
-41.70705	-28.49452	-82.95597	SAX_RV_FREEWALL	4	1.0	2
-42.87250	-26.28498	-86.05113	SAX_RV_FREEWALL	4	1.0	2
-42.92410	-24.07545	-88.28787	SAX_RV_FREEWALL	4	1.0	2
-42.97570	-21.86591	-90.52460	SAX_RV_FREEWALL	4	1.0	2
-43.02730	-19.65638	-92.76134	SAX_RV_FREEWALL	4	1.0	2
-40.85122	-17.44684	-93.28123	SAX_RV_FREEWALL	4	1.0	2
-38.67513	-15.23730	-93.80112	SAX_RV_FREEWALL	4	1.0	2
-36.49905	-13.02776	-94.32101	SAX_RV_FREEWALL	4	1.0	2
-33.20912	-10.81822	-93.98248	SAX_RV_FREEWALL	4	1.0	2
-31.03303	-8.60869	-94.50237	SAX_RV_FREEWALL	4	1.0	2
-27.74310	-6.39915	-94.16384	SAX_RV_FREEWALL	4	1.0	2
-24.45317	-4.18961	-93.82531	SAX_RV_FREEWALL	4	1.0	2
-21.69436	-3.08484	-92.79762	SAX_RV_FREEWALL	4	1.0	2
-18.40443	-0.87530	-92.45908	SAX_RV_FREEWALL	4	1.0	2
-15.11450	1.33424	-92.12055	SAX_RV_FREEWALL	4	1.0	2
-12.35569	2.43901	-91.09286	SAX_RV_FREEWALL	4	1.0	2
-9.59688	3.54378	-90.06517	SAX_RV_FREEWALL	4	1.0	2
-6.83807	4.64855	-89.03749	SAX_RV_FREEWALL	4	1.0	2
-4.07926	5.75332	-88.00980	SAX_RV_FREEWALL	4	1.0	2
2.21239	-25.18017	-52.40337	SAX_RV_FREEWALL	4	1.0	2
-0.01530	-25.18017	-54.12022	SAX_RV_FREEWALL	4	1.0	2
-2.77410	-26.28494	-55.14791	SAX_RV_FREEWALL	4	1.0	2
-5.53291	-27.38971	-56.17560	SAX_RV_FREEWALL	4	1.0	2
-8.29172	-28.49448	-57.20329	SAX_RV_FREEWALL	4	1.0	2
-10.51941	-28.49449	-58.92013	SAX_RV_FREEWALL	4	1.0	2
-13.27822	-29.59926	-59.94782	SAX_RV_FREEWALL	4	1.0	2
-16.03703	-30.70403	-60.97551	SAX_RV_FREEWALL	4	1.0	2
-18.79584	-31.80880	-62.00320	SAX_RV_FREEWALL	4	1.0	2
-21.02353	-31.80880	-63.72005	SAX_RV_FREEWALL	4	1.0	2
-23.25122	-31.80880	-65.43689	SAX_RV_FREEWALL	4	1.0	2
-26.01003	-32.91357	-66.46458	SAX_RV_FREEWALL	4	1.0	2
-28.23771	-32.91357	-68.18143	SAX_RV_FREEWALL	4	1.0	2
-30.46540	-32.91358	-69.89827	SAX_RV_FREEWALL	4	1.0	2
-32.69309	-32.91358	-71.61512	SAX_RV_FREEWALL	4	1.0	2
-39.32455	-35.12312	-74.52892	SAX_RV_EPICARDIAL	4	1.0	2
-41.02112	-34.01835	-76.93492	SAX_RV_EPICARDIAL	4	1.0	2
-42.71769	-32.91359	-79.34092	SAX_RV_EPICARDIAL	4	1.0	2
-44.41426	-31.80882	-81.74692	SAX_RV_EPICARDIAL	4	1.0	2
-45.57970	-29.59929	-84.84208	SAX_RV_EPICARDIAL	4	1.0	2
-46.74515	-27.38975	-87.93724	SAX_RV_EPICARDIAL	4	1.0	2
-46.79675	-25.18022	-90.17398	SAX_RV_EPICARDIAL	4	1.0	2
-45.73451	-22.97068	-91.55229	SAX_RV_EPICARDIAL	4	1.0	2
-45.78611	-20.76115	-93.78903	SAX_RV_EPICARDIAL	4	1.0	2
-44.72387	-18.55161	-95.16734	SAX_RV_EPICARDIAL	4	1.0	2
-43.66163	-16.34207	-96.54566	SAX_RV_EPICARDIAL	4	1.0	2
-41.48554	-14.13254	-97.06555	SAX_RV_EPICARDIAL	4	1.0	2
-38.19561	-11.92300	-96.72701	SAX_RV_EPICARDIAL	4	1.0	2
-36.01953	-9.71346	-97.24690	SAX_RV_EPICARDIAL	4	1.0	2
-32.72960	-7.50392	-96.90837	SAX_RV_EPICARDIAL	4	1.0	2
-30.55351	-5.29438	-97.42826	SAX_RV_EPICARDIAL	4	1.0	2
-27.26358	-3.08484	-97.08973	SAX_RV_EPICARDIAL	4	1.0	2
-23.97365	-0.87531	-96.75120	SAX_RV_EPICARDIAL	4	1.0	2
-21.21484	0.22947	-95.72351	SAX_RV_EPICARDIAL	4	1.0	2
-17.92491	2.43900	-95.38498	SAX_RV_EPICARDIAL	4	1.0	2
-15.16610	3.54377	-94.35729	SAX_RV_EPICARDIAL	4	1.0	2
-11.87617	5.75331	-94.01876	SAX_RV_EPICARDIAL	4	1.0	2
-9.11736	6.85808	-92.99107	SAX_RV_EPICARDIAL	4	1.0	2
-6.88967	6.85809	-91.27422	SAX_RV_EPICARDIAL	4	1.0	2
-3.59974	9.06762	-90.93569	SAX_RV_EPICARDIAL	4	1.0	2
-0.84093	10.17240	-89.90800	SAX_RV_EPICARDIAL	4	1.0	2
1.38676	10.17240	-88.19115	SAX_RV_EPICARDIAL	4	1.0	2
-0.20661	6.85809	-86.12368	SAX_RV_EPICARDIAL	4	1.0	2
6.08505	-24.07540	-50.51726	SAX_RV_EPICARDIAL	4	1.0	2
5.02280	-26.28493	-49.13895	SAX_RV_EPICARDIAL	4	1.0	2
2.26400	-27.38971	-50.16664	SAX_RV_EPICARDIAL	4	1.0	2
-0.49481	-28.49448	-51.19433	SAX_RV_EPICARDIAL	4	1.0	2
-3.25362	-29.59925	-52.22202	SAX_RV_EPICARDIAL	4	1.0	2
-5.48131	-29.59925	-53.93886	SAX_RV_EPICARDIAL	4	1.0	2
-8.24012	-30.70402	-54.96655	SAX_RV_EPICARDIAL	4	1.0	2
-10.99893	-31.80879	-55.99424	SAX_RV_EPICARDIAL	4	1.0	2
-13.75774	-32.91356	-57.02193	SAX_RV_EPICARDIAL	4	1.0	2
-15.98543	-32.91356	-58.73877	SAX_RV_EPICARDIAL	4	1.0	2
-18.74424	-34.01833	-59.76646	SAX_RV_EPICARDIAL	4	1.0	2
-20.97193	-34.01833	-61.48331	SAX_RV_EPICARDIAL	4	1.0	2
-23.73074	-35.12311	-62.51100	SAX_RV_EPICARDIAL	4	1.0	2
-25.95842	-35.12311	-64.22784	SAX_RV_EPICARDIAL	4	1.0	2
-28.18611	-35.12311	-65.94469	SAX_RV_EPICARDIAL	4	1.0	2
-30.41380	-35.12311	-67.66153	SAX_RV_EPICARDIAL	4	1.0	2
-32.64149	-35.12311	-69.37838	SAX_RV_EPICARDIAL	4	1.0	2
-34.86918	-35.12312	-71.09523	SAX_RV_EPICARDIAL	4	1.0	2
-37.09687	-35.12312	-72.81207	SAX_RV_EPICARDIAL	4	1.0	2
-1.32045	6.85809	-86.98211	SAX_RV_SEPTUM	4	1.0	2
-0.73773	5.75332	-85.43453	SAX_RV_SEPTUM	4	1.0	2
-1.79997	3.54379	-84.05621	SAX_RV_SEPTUM	4	1.0	2
-1.74837	1.33425	-81.81948	SAX_RV_SEPTUM	4	1.0	2
-2.81061	-0.87528	-80.44116	SAX_RV_SEPTUM	4	1.0	2
-3.87285	-3.08482	-79.06285	SAX_RV_SEPTUM	4	1.0	2
-4.93509	-5.29436	-77.68454	SAX_RV_SEPTUM	4	1.0	2
-4.88349	-7.50389	-75.44780	SAX_RV_SEPTUM	4	1.0	2
-4.83189	-9.71343	-73.21107	SAX_RV_SEPTUM	4	1.0	2
-3.66644	-11.92296	-70.11591	SAX_RV_SEPTUM	4	1.0	2
-3.61484	-14.13250	-67.87917	SAX_RV_SEPTUM	4	1.0	2
-2.44939	-16.34203	-64.78401	SAX_RV_SEPTUM	4	1.0	2
-0.75283	-17.44680	-62.37801	SAX_RV_SEPTUM	4	1.0	2
0.41262	-19.65633	-59.28285	SAX_RV_SEPTUM	4	1.0	2
2.10919	-20.76110	-56.87685	SAX_RV_SEPTUM	4	1.0	2
3.80576	-21.86586	-54.47084	SAX_RV_SEPTUM	4	1.0	2
5.50232	-22.97063	-52.06484	SAX_RV_SEPTUM	4	1.0	2
3.61444	10.17240	-86.47431	SAX_LV_EPICARDIAL	4	1.0	2
5.79053	12.38194	-86.99420	SAX_LV_EPICARDIAL	4	1.0	2
7.96662	14.59148	-87.51409	SAX_LV_EPICARDIAL	4	1.0	2
10.14270	16.80101	-88.03398	SAX_LV_EPICARDIAL	4	1.0	2
13.43263	19.01055	-87.69545	SAX_LV_EPICARDIAL	4	1.0	2
15.60872	21.22009	-88.21534	SAX_LV_EPICARDIAL	4	1.0	2
18.89865	23.42963	-87.87681	SAX_LV_EPICARDIAL	4	1.0	2
22.18858	25.63917	-87.53828	SAX_LV_EPICARDIAL	4	1.0	2
24.94739	26.74394	-86.51059	SAX_LV_EPICARDIAL	4	1.0	2
27.70620	27.84871	-85.48290	SAX_LV_EPICARDIAL	4	1.0	2
30.46501	28.95348	-84.45521	SAX_LV_EPICARDIAL	4	1.0	2
32.69270	28.95348	-82.73836	SAX_LV_EPICARDIAL	4	1.0	2
34.92038	28.95348	-81.02152	SAX_LV_EPICARDIAL	4	1.0	2
37.14807	28.95349	-79.30467	SAX_LV_EPICARDIAL	4	1.0	2
39.37576	28.95349	-77.58783	SAX_LV_EPICARDIAL	4	1.0	2
41.60345	28.95349	-75.87098	SAX_LV_EPICARDIAL	4	1.0	2
43.83114	28.95349	-74.15413	SAX_LV_EPICARDIAL	4	1.0	2
45.52771	27.84873	-71.74813	SAX_LV_EPICARDIAL	4	1.0	2
47.22427	26.74396	-69.34213	SAX_LV_EPICARDIAL	4	1.0	2
48.92084	25.63919	-66.93613	SAX_LV_EPICARDIAL	4	1.0	2
50.61741	24.53443	-64.53013	SAX_LV_EPICARDIAL	4	1.0	2
52.31398	23.42966	-62.12412	SAX_LV_EPICARDIAL	4	1.0	2
53.47942	21.22013	-59.02896	SAX_LV_EPICARDIAL	4	1.0	2
53.53102	19.01059	-56.79223	SAX_LV_EPICARDIAL	4	1.0	2
53.58263	16.80106	-54.55549	SAX_LV_EPICARDIAL	4	1.0	2
53.63423	14.59152	-52.31876	SAX_LV_EPICARDIAL	4	1.0	2
53.68583	12.38199	-50.08202	SAX_LV_EPICARDIAL	4	1.0	2
53.73743	10.17245	-47.84528	SAX_LV_EPICARDIAL	4	1.0	2
52.67519	7.96291	-46.46697	SAX_LV_EPICARDIAL	4	1.0	2
51.61295	5.75338	-45.08866	SAX_LV_EPICARDIAL	4	1.0	2
50.55071	3.54384	-43.71034	SAX_LV_EPICARDIAL	4	1.0	2
49.48847	1.33430	-42.33203	SAX_LV_EPICARDIAL	4	1.0	2
48.42622	-0.87523	-40.95372	SAX_LV_EPICARDIAL	4	1.0	2
46.25014	-3.08477	-40.43382	SAX_LV_EPICARDIAL	4	1.0	2
45.18790	-5.29431	-39.05551	SAX_LV_EPICARDIAL	4	1.0	2
43.01181	-7.50385	-38.53562	SAX_LV_EPICARDIAL	4	1.0	2
40.83572	-9.71338	-38.01573	SAX_LV_EPICARDIAL	4	1.0	2
38.65964	-11.92292	-37.49584	SAX_LV_EPICARDIAL	4	1.0	2
35.36971	-14.13246	-37.83437	SAX_LV_EPICARDIAL	4	1.0	2
33.19362	-16.34200	-37.31448	SAX_LV_EPICARDIAL	4	1.0	2
30.43481	-17.44677	-38.34217	SAX_LV_EPICARDIAL	4	1.0	2
27.14488	-19.65631	-38.68070	SAX_LV_EPICARDIAL	4	1.0	2
24.38607	-20.76108	-39.70839	SAX_LV_EPICARDIAL	4	1.0	2
21.62726	-21.86585	-40.73608	SAX_LV_EPICARDIAL	4	1.0	2
18.86845	-22.97062	-41.76377	SAX_LV_EPICARDIAL	4	1.0	2
16.64077	-22.97062	-43.48061	SAX_LV_EPICARDIAL	4	1.0	2
14.41308	-22.97062	-45.19746	SAX_LV_EPICARDIAL	4	1.0	2
12.18539	-22.97062	-46.91431	SAX_LV_EPICARDIAL	4	1.0	2
9.95770	-22.97063	-48.63115	SAX_LV_EPICARDIAL	4	1.0	2
15.37211	-16.34201	-51.04925	SAX_LV_ENDOCARDIAL	4	1.0	2
13.67555	-15.23725	-53.45525	SAX_LV_ENDOCARDIAL	4	1.0	2
11.44786	-15.23725	-55.17209	SAX_LV_ENDOCARDIAL	4	1.0	2
9.75129	-14.13248	-57.57810	SAX_LV_ENDOCARDIAL	4	1.0	2
8.05472	-13.02772	-59.98410	SAX_LV_ENDOCARDIAL	4	1.0	2
6.35816	-11.92295	-62.39010	SAX_LV_ENDOCARDIAL	4	1.0	2
5.19271	-9.71342	-65.48526	SAX_LV_ENDOCARDIAL	4	1.0	2
4.02726	-7.50388	-68.58042	SAX_LV_ENDOCARDIAL	4	1.0	2
3.97566	-5.29435	-70.81716	SAX_LV_ENDOCARDIAL	4	1.0	2
3.92406	-3.08481	-73.05389	SAX_LV_ENDOCARDIAL	4	1.0	2
3.87246	-0.87528	-75.29063	SAX_LV_ENDOCARDIAL	4	1.0	2
4.93470	1.33426	-76.66894	SAX_LV_ENDOCARDIAL	4	1.0	2
5.99694	3.54380	-78.04725	SAX_LV_ENDOCARDIAL	4	1.0	2
7.05918	5.75333	-79.42557	SAX_LV_ENDOCARDIAL	4	1.0	2
8.12142	7.96287	-80.80388	SAX_LV_ENDOCARDIAL	4	1.0	2
10.29751	10.17241	-81.32377	SAX_LV_ENDOCARDIAL	4	1.0	2
11.35975	12.38194	-82.70209	SAX_LV_ENDOCARDIAL	4	1.0	2
14.64968	14.59148	-82.36355	SAX_LV_ENDOCARDIAL	4	1.0	2
16.82577	16.80102	-82.88344	SAX_LV_ENDOCARDIAL	4	1.0	2
20.11570	19.01056	-82.54491	SAX_LV_ENDOCARDIAL	4	1.0	2
23.40563	21.22010	-82.20638	SAX_LV_ENDOCARDIAL	4	1.0	2
26.16444	22.32487	-81.17869	SAX_LV_ENDOCARDIAL	4	1.0	2
28.39213	22.32487	-79.46185	SAX_LV_ENDOCARDIAL	4	1.0	2
31.15094	23.42964	-78.43416	SAX_LV_ENDOCARDIAL	4	1.0	2
33.37862	23.42964	-76.71731	SAX_LV_ENDOCARDIAL	4	1.0	2
36.13743	24.53441	-75.68962	SAX_LV_ENDOCARDIAL	4	1.0	2
38.36512	24.53442	-73.97278	SAX_LV_ENDOCARDIAL	4	1.0	2
40.06169	23.42965	-71.56677	SAX_LV_ENDOCARDIAL	4	1.0	2
42.28938	23.42965	-69.84993	SAX_LV_ENDOCARDIAL	4	1.0	2
43.98595	22.32489	-67.44393	SAX_LV_ENDOCARDIAL	4	1.0	2
45.68251	21.22012	-65.03792	SAX_LV_ENDOCARDIAL	4	1.0	2
46.84796	19.01058	-61.94276	SAX_LV_ENDOCARDIAL	4	1.0	2
46.89956	16.80105	-59.70603	SAX_LV_ENDOCARDIAL	4	1.0	2
48.06501	14.59152	-56.61087	SAX_LV_ENDOCARDIAL	4	1.0	2
48.11661	12.38198	-54.37413	SAX_LV_ENDOCARDIAL	4	1.0	2
48.16821	10.17244	-52.13740	SAX_LV_ENDOCARDIAL	4	1.0	2
47.10597	7.96291	-50.75908	SAX_LV_ENDOCARDIAL	4	1.0	2
46.04373	5.75337	-49.38077	SAX_LV_ENDOCARDIAL	4	1.0	2
44.98149	3.54383	-48.00246	SAX_LV_ENDOCARDIAL	4	1.0	2
43.91925	1.33430	-46.62414	SAX_LV_ENDOCARDIAL	4	1.0	2
41.74316	-0.87524	-46.10425	SAX_LV_ENDOCARDIAL	4	1.0	2
40.68092	-3.08478	-44.72594	SAX_LV_ENDOCARDIAL	4	1.0	2
38.50483	-5.29431	-44.20605	SAX_LV_ENDOCARDIAL	4	1.0	2
36.32874	-7.50385	-43.68616	SAX_LV_ENDOCARDIAL	4	1.0	2
33.03881	-9.71339	-44.02469	SAX_LV_ENDOCARDIAL	4	1.0	2
30.86273	-11.92293	-43.50480	SAX_LV_ENDOCARDIAL	4	1.0	2
28.10392	-13.02770	-44.53249	SAX_LV_ENDOCARDIAL	4	1.0	2
25.34511	-14.13247	-45.56018	SAX_LV_ENDOCARDIAL	4	1.0	2
22.58630	-15.23724	-46.58787	SAX_LV_ENDOCARDIAL	4	1.0	2
19.82749	-16.34201	-47.61555	SAX_LV_ENDOCARDIAL	4	1.0	2
17.59980	-16.34201	-49.33240	SAX_LV_ENDOCARDIAL	4	1.0	2
-1.32045	6.85809	-86.98211	RV_INSERT	4	1.0	2
2.21239	-25.18017	-52.40337	RV_INSERT	4	1.0	2
-15.07283	-29.50259	-89.87131	SAX_RV_FREEWALL	5	1.0	2
-16.76940	-28.39782	-92.27731	SAX_RV_FREEWALL	5	1.0	2
-18.46597	-27.29306	-94.68331	SAX_RV_FREEWALL	5	1.0	2
-18.51757	-25.08352	-96.92005	SAX_RV_FREEWALL	5	1.0	2
-17.45533	-22.87398	-98.29836	SAX_RV_FREEWALL	5	1.0	2
-15.27924	-20.66445	-98.81825	SAX_RV_FREEWALL	5	1.0	2
-13.10315	-18.45491	-99.33814	SAX_RV_FREEWALL	5	1.0	2
-9.81322	-16.24537	-98.99961	SAX_RV_FREEWALL	5	1.0	2
-7.63714	-14.03583	-99.51950	SAX_RV_FREEWALL	5	1.0	2
-4.34721	-11.82629	-99.18097	SAX_RV_FREEWALL	5	1.0	2
-1.05728	-9.61676	-98.84244	SAX_RV_FREEWALL	5	1.0	2
1.70153	-8.51198	-97.81475	SAX_RV_FREEWALL	5	1.0	2
4.99146	-6.30245	-97.47622	SAX_RV_FREEWALL	5	1.0	2
7.75027	-5.19768	-96.44853	SAX_RV_FREEWALL	5	1.0	2
10.50908	-4.09290	-95.42084	SAX_RV_FREEWALL	5	1.0	2
10.44238	-25.08349	-74.60106	SAX_RV_FREEWALL	5	1.0	2
8.21469	-25.08349	-76.31790	SAX_RV_FREEWALL	5	1.0	2
5.98700	-25.08350	-78.03475	SAX_RV_FREEWALL	5	1.0	2
3.75932	-25.08350	-79.75159	SAX_RV_FREEWALL	5	1.0	2
1.53163	-25.08350	-81.46844	SAX_RV_FREEWALL	5	1.0	2
-1.22718	-26.18827	-82.49613	SAX_RV_FREEWALL	5	1.0	2
-3.98599	-27.29304	-83.52382	SAX_RV_FREEWALL	5	1.0	2
-6.74480	-28.39781	-84.55151	SAX_RV_FREEWALL	5	1.0	2
-8.97249	-28.39781	-86.26835	SAX_RV_FREEWALL	5	1.0	2
-11.73130	-29.50259	-87.29604	SAX_RV_FREEWALL	5	1.0	2
-13.95899	-29.50259	-89.01289	SAX_RV_FREEWALL	5	1.0	2
-20.59045	-31.71213	-91.92669	SAX_RV_EPICARDIAL	5	1.0	2
-22.28702	-30.60736	-94.33269	SAX_RV_EPICARDIAL	5	1.0	2
-23.45246	-28.39783	-97.42785	SAX_RV_EPICARDIAL	5	1.0	2
-21.27638	-26.18829	-97.94774	SAX_RV_EPICARDIAL	5	1.0	2
-20.21414	-23.97876	-99.32605	SAX_RV_EPICARDIAL	5	1.0	2
-19.15189	-21.76922	-100.70436	SAX_RV_EPICARDIAL	5	1.0	2
-16.97581	-19.55968	-101.22426	SAX_RV_EPICARDIAL	5	1.0	2
-14.79972	-17.35014	-101.74415	SAX_RV_EPICARDIAL	5	1.0	2
-11.50979	-15.14060	-101.40561	SAX_RV_EPICARDIAL	5	1.0	2
-9.33371	-12.93107	-101.92550	SAX_RV_EPICARDIAL	5	1.0	2
-6.04378	-10.72153	-101.58697	SAX_RV_EPICARDIAL	5	1.0	2
-2.75384	-8.51199	-101.24844	SAX_RV_EPICARDIAL	5	1.0	2
0.53609	-6.30245	-100.90991	SAX_RV_EPICARDIAL	5	1.0	2
3.82602	-4.09291	-100.57138	SAX_RV_EPICARDIAL	5	1.0	2
6.58483	-2.98814	-99.54369	SAX_RV_EPICARDIAL	5	1.0	2
9.34363	-1.88337	-98.51600	SAX_RV_EPICARDIAL	5	1.0	2
11.57132	-1.88337	-96.79915	SAX_RV_EPICARDIAL	5	1.0	2
14.33013	-0.77860	-95.77146	SAX_RV_EPICARDIAL	5	1.0	2
13.78391	-25.08349	-72.02579	SAX_RV_EPICARDIAL	5	1.0	2
11.60783	-27.29303	-71.50590	SAX_RV_EPICARDIAL	5	1.0	2
9.38014	-27.29303	-73.22274	SAX_RV_EPICARDIAL	5	1.0	2
7.15245	-27.29303	-74.93959	SAX_RV_EPICARDIAL	5	1.0	2
4.92476	-27.29303	-76.65643	SAX_RV_EPICARDIAL	5	1.0	2
2.69707	-27.29304	-78.37328	SAX_RV_EPICARDIAL	5	1.0	2
-0.06174	-28.39781	-79.40097	SAX_RV_EPICARDIAL	5	1.0	2
-2.82054	-29.50258	-80.42866	SAX_RV_EPICARDIAL	5	1.0	2
-5.57935	-30.60735	-81.45635	SAX_RV_EPICARDIAL	5	1.0	2
-7.80704	-30.60735	-83.17319	SAX_RV_EPICARDIAL	5	1.0	2
-10.56585	-31.71212	-84.20088	SAX_RV_EPICARDIAL	5	1.0	2
-12.79354	-31.71212	-85.91773	SAX_RV_EPICARDIAL	5	1.0	2
-15.02123	-31.71212	-87.63457	SAX_RV_EPICARDIAL	5	1.0	2
-17.24892	-31.71213	-89.35142	SAX_RV_EPICARDIAL	5	1.0	2
-19.47661	-31.71213	-91.06826	SAX_RV_EPICARDIAL	5	1.0	2
12.73677	-4.09290	-93.70399	SAX_RV_SEPTUM	5	1.0	2
12.78837	-6.30244	-91.46726	SAX_RV_SEPTUM	5	1.0	2
11.72613	-8.51197	-90.08894	SAX_RV_SEPTUM	5	1.0	2
10.66389	-10.72151	-88.71063	SAX_RV_SEPTUM	5	1.0	2
10.71549	-12.93105	-86.47389	SAX_RV_SEPTUM	5	1.0	2
9.65325	-15.14058	-85.09558	SAX_RV_SEPTUM	5	1.0	2
10.81870	-17.35012	-82.00042	SAX_RV_SEPTUM	5	1.0	2
10.87030	-19.55965	-79.76369	SAX_RV_SEPTUM	5	1.0	2
12.03574	-21.76919	-76.66853	SAX_RV_SEPTUM	5	1.0	2
13.20119	-23.97872	-73.57337	SAX_RV_SEPTUM	5	1.0	2
17.70817	-26.18825	-67.90294	SAX_LV_EPICARDIAL	5	1.0	2
16.01160	-25.08349	-70.30894	SAX_LV_EPICARDIAL	5	1.0	2
17.14054	-1.88336	-92.50704	SAX_LV_EPICARDIAL	5	1.0	2
18.20279	0.32617	-93.88535	SAX_LV_EPICARDIAL	5	1.0	2
20.37887	2.53571	-94.40524	SAX_LV_EPICARDIAL	5	1.0	2
23.66880	4.74525	-94.06671	SAX_LV_EPICARDIAL	5	1.0	2
26.95873	6.95479	-93.72818	SAX_LV_EPICARDIAL	5	1.0	2
30.24866	9.16433	-93.38965	SAX_LV_EPICARDIAL	5	1.0	2
33.00747	10.26910	-92.36196	SAX_LV_EPICARDIAL	5	1.0	2
35.23516	10.26910	-90.64511	SAX_LV_EPICARDIAL	5	1.0	2
37.99397	11.37387	-89.61742	SAX_LV_EPICARDIAL	5	1.0	2
40.22166	11.37387	-87.90058	SAX_LV_EPICARDIAL	5	1.0	2
42.44935	11.37388	-86.18373	SAX_LV_EPICARDIAL	5	1.0	2
44.67704	11.37388	-84.46689	SAX_LV_EPICARDIAL	5	1.0	2
46.90472	11.37388	-82.75004	SAX_LV_EPICARDIAL	5	1.0	2
48.60129	10.26911	-80.34404	SAX_LV_EPICARDIAL	5	1.0	2
50.29786	9.16435	-77.93804	SAX_LV_EPICARDIAL	5	1.0	2
51.99443	8.05958	-75.53203	SAX_LV_EPICARDIAL	5	1.0	2
53.69099	6.95482	-73.12603	SAX_LV_EPICARDIAL	5	1.0	2
54.85644	4.74528	-70.03087	SAX_LV_EPICARDIAL	5	1.0	2
54.90804	2.53575	-67.79414	SAX_LV_EPICARDIAL	5	1.0	2
54.95965	0.32621	-65.55740	SAX_LV_EPICARDIAL	5	1.0	2
53.89740	-1.88333	-64.17909	SAX_LV_EPICARDIAL	5	1.0	2
53.94901	-4.09286	-61.94235	SAX_LV_EPICARDIAL	5	1.0	2
52.88676	-6.30240	-60.56404	SAX_LV_EPICARDIAL	5	1.0	2
51.82452	-8.51193	-59.18572	SAX_LV_EPICARDIAL	5	1.0	2
49.64844	-10.72147	-58.66583	SAX_LV_EPICARDIAL	5	1.0	2
48.58619	-12.93101	-57.28752	SAX_LV_EPICARDIAL	5	1.0	2
46.41011	-15.14055	-56.76763	SAX_LV_EPICARDIAL	5	1.0	2
44.23402	-17.35008	-56.24774	SAX_LV_EPICARDIAL	5	1.0	2
42.05794	-19.55962	-55.72785	SAX_LV_EPICARDIAL	5	1.0	2
38.76801	-21.76916	-56.06638	SAX_LV_EPICARDIAL	5	1.0	2
35.47808	-23.97870	-56.40491	SAX_LV_EPICARDIAL	5	1.0	2
32.71927	-25.08347	-57.43260	SAX_LV_EPICARDIAL	5	1.0	2
30.49158	-25.08347	-59.14945	SAX_LV_EPICARDIAL	5	1.0	2
27.73277	-26.18824	-60.17713	SAX_LV_EPICARDIAL	5	1.0	2
25.50508	-26.18825	-61.89398	SAX_LV_EPICARDIAL	5	1.0	2
23.27739	-26.18825	-63.61083	SAX_LV_EPICARDIAL	5	1.0	2
21.04970	-26.18825	-65.32767	SAX_LV_EPICARDIAL	5	1.0	2
18.82201	-26.18825	-67.04452	SAX_LV_EPICARDIAL	5	1.0	2
23.70531	-20.66441	-68.77345	SAX_LV_ENDOCARDIAL	5	1.0	2
22.00874	-19.55964	-71.17946	SAX_LV_ENDOCARDIAL	5	1.0	2
20.31217	-18.45488	-73.58546	SAX_LV_ENDOCARDIAL	5	1.0	2
19.14673	-16.24534	-76.68062	SAX_LV_ENDOCARDIAL	5	1.0	2
17.98128	-14.03581	-79.77578	SAX_LV_ENDOCARDIAL	5	1.0	2
17.92968	-11.82627	-82.01251	SAX_LV_ENDOCARDIAL	5	1.0	2
17.87807	-9.61674	-84.24925	SAX_LV_ENDOCARDIAL	5	1.0	2
17.82647	-7.40720	-86.48599	SAX_LV_ENDOCARDIAL	5	1.0	2
18.88871	-5.19766	-87.86430	SAX_LV_ENDOCARDIAL	5	1.0	2
21.06480	-2.98813	-88.38419	SAX_LV_ENDOCARDIAL	5	1.0	2
23.24089	-0.77859	-88.90408	SAX_LV_ENDOCARDIAL	5	1.0	2
26.53082	1.43095	-88.56555	SAX_LV_ENDOCARDIAL	5	1.0	2
29.82075	3.64049	-88.22702	SAX_LV_ENDOCARDIAL	5	1.0	2
32.57956	4.74526	-87.19933	SAX_LV_ENDOCARDIAL	5	1.0	2
35.33837	5.85003	-86.17164	SAX_LV_ENDOCARDIAL	5	1.0	2
37.56605	5.85003	-84.45479	SAX_LV_ENDOCARDIAL	5	1.0	2
39.79374	5.85003	-82.73795	SAX_LV_ENDOCARDIAL	5	1.0	2
42.02143	5.85004	-81.02110	SAX_LV_ENDOCARDIAL	5	1.0	2
43.71800	4.74527	-78.61510	SAX_LV_ENDOCARDIAL	5	1.0	2
45.94569	4.74527	-76.89825	SAX_LV_ENDOCARDIAL	5	1.0	2
47.11113	2.53574	-73.80309	SAX_LV_ENDOCARDIAL	5	1.0	2
48.27658	0.32620	-70.70794	SAX_LV_ENDOCARDIAL	5	1.0	2
48.32818	-1.88333	-68.47120	SAX_LV_ENDOCARDIAL	5	1.0	2
47.26594	-4.09287	-67.09289	SAX_LV_ENDOCARDIAL	5	1.0	2
46.20370	-6.30240	-65.71457	SAX_LV_ENDOCARDIAL	5	1.0	2
45.14146	-8.51194	-64.33626	SAX_LV_ENDOCARDIAL	5	1.0	2
44.07921	-10.72148	-62.95795	SAX_LV_ENDOCARDIAL	5	1.0	2
41.90313	-12.93102	-62.43806	SAX_LV_ENDOCARDIAL	5	1.0	2
39.72704	-15.14055	-61.91816	SAX_LV_ENDOCARDIAL	5	1.0	2
36.43711	-17.35009	-62.25670	SAX_LV_ENDOCARDIAL	5	1.0	2
33.67830	-18.45486	-63.28439	SAX_LV_ENDOCARDIAL	5	1.0	2
30.91949	-19.55963	-64.31207	SAX_LV_ENDOCARDIAL	5	1.0	2
28.69181	-19.55964	-66.02892	SAX_LV_ENDOCARDIAL	5	1.0	2
25.93300	-20.66441	-67.05661	SAX_LV_ENDOCARDIAL	5	1.0	2
10.44238	-25.08349	-74.60106	RV_INSERT	5	1.0	2
12.73677	-4.09290	-93.70399	RV_INSERT	5	1.0	2
8.70037	-27.19736	-102.28781	SAX_RV_FREEWALL	6	1.0	2
8.64877	-24.98783	-104.52454	SAX_RV_FREEWALL	6	1.0	2
8.59717	-22.77829	-106.76128	SAX_RV_FREEWALL	6	1.0	2
9.65941	-20.56875	-108.13959	SAX_RV_FREEWALL	6	1.0	2
11.83550	-18.35922	-108.65948	SAX_RV_FREEWALL	6	1.0	2
14.59431	-17.25444	-107.63179	SAX_RV_FREEWALL	6	1.0	2
16.82200	-17.25444	-105.91495	SAX_RV_FREEWALL	6	1.0	2
19.04968	-17.25444	-104.19810	SAX_RV_FREEWALL	6	1.0	2
16.49728	-27.19735	-96.27885	SAX_RV_FREEWALL	6	1.0	2
14.26960	-27.19735	-97.99569	SAX_RV_FREEWALL	6	1.0	2
12.04191	-27.19736	-99.71254	SAX_RV_FREEWALL	6	1.0	2
9.81422	-27.19736	-101.42938	SAX_RV_FREEWALL	6	1.0	2
6.52429	-29.40690	-101.76792	SAX_RV_EPICARDIAL	6	1.0	2
5.35884	-27.19736	-104.86307	SAX_RV_EPICARDIAL	6	1.0	2
5.30724	-24.98783	-107.09981	SAX_RV_EPICARDIAL	6	1.0	2
5.25564	-22.77829	-109.33655	SAX_RV_EPICARDIAL	6	1.0	2
7.43172	-20.56876	-109.85644	SAX_RV_EPICARDIAL	6	1.0	2
9.60781	-18.35922	-110.37633	SAX_RV_EPICARDIAL	6	1.0	2
11.25277	-17.25445	-110.20706	SAX_RV_EPICARDIAL	6	1.0	2
14.01158	-16.14968	-109.17937	SAX_RV_EPICARDIAL	6	1.0	2
16.77039	-15.04491	-108.15168	SAX_RV_EPICARDIAL	6	1.0	2
18.99808	-15.04490	-106.43484	SAX_RV_EPICARDIAL	6	1.0	2
21.75689	-13.94013	-105.40715	SAX_RV_EPICARDIAL	6	1.0	2
24.51570	-12.83536	-104.37946	SAX_RV_EPICARDIAL	6	1.0	2
23.45346	-15.04490	-103.00115	SAX_RV_EPICARDIAL	6	1.0	2
21.48378	-26.09258	-93.53431	SAX_RV_EPICARDIAL	6	1.0	2
19.30770	-28.30212	-93.01442	SAX_RV_EPICARDIAL	6	1.0	2
16.54889	-29.40689	-94.04211	SAX_RV_EPICARDIAL	6	1.0	2
14.32120	-29.40689	-95.75896	SAX_RV_EPICARDIAL	6	1.0	2
12.09351	-29.40689	-97.47580	SAX_RV_EPICARDIAL	6	1.0	2
9.86582	-29.40689	-99.19265	SAX_RV_EPICARDIAL	6	1.0	2
7.63813	-29.40690	-100.90949	SAX_RV_EPICARDIAL	6	1.0	2
21.80849	-16.14967	-103.17041	SAX_RV_SEPTUM	6	1.0	2
23.45346	-15.04490	-103.00115	SAX_RV_SEPTUM	6	1.0	2
22.39122	-17.25444	-101.62283	SAX_RV_SEPTUM	6	1.0	2
21.32897	-19.46397	-100.24452	SAX_RV_SEPTUM	6	1.0	2
21.38058	-21.67351	-98.00778	SAX_RV_SEPTUM	6	1.0	2
21.43218	-23.88304	-95.77105	SAX_RV_SEPTUM	6	1.0	2
19.25609	-26.09258	-95.25116	SAX_RV_SEPTUM	6	1.0	2
28.27005	-30.51164	-83.91030	SAX_LV_EPICARDIAL	6	1.0	2
26.57348	-29.40688	-86.31631	SAX_LV_EPICARDIAL	6	1.0	2
24.34580	-29.40688	-88.03315	SAX_LV_EPICARDIAL	6	1.0	2
23.18035	-27.19735	-91.12831	SAX_LV_EPICARDIAL	6	1.0	2
27.27451	-11.73059	-103.35177	SAX_LV_EPICARDIAL	6	1.0	2
29.45060	-9.52106	-103.87166	SAX_LV_EPICARDIAL	6	1.0	2
32.20940	-8.41629	-102.84397	SAX_LV_EPICARDIAL	6	1.0	2
34.96821	-7.31151	-101.81629	SAX_LV_EPICARDIAL	6	1.0	2
37.72702	-6.20674	-100.78860	SAX_LV_EPICARDIAL	6	1.0	2
39.95471	-6.20674	-99.07175	SAX_LV_EPICARDIAL	6	1.0	2
42.71352	-5.10197	-98.04406	SAX_LV_EPICARDIAL	6	1.0	2
44.41009	-6.20674	-95.63806	SAX_LV_EPICARDIAL	6	1.0	2
46.63778	-6.20674	-93.92121	SAX_LV_EPICARDIAL	6	1.0	2
48.33434	-7.31150	-91.51521	SAX_LV_EPICARDIAL	6	1.0	2
50.03091	-8.41627	-89.10921	SAX_LV_EPICARDIAL	6	1.0	2
50.08251	-10.62580	-86.87247	SAX_LV_EPICARDIAL	6	1.0	2
50.13412	-12.83534	-84.63574	SAX_LV_EPICARDIAL	6	1.0	2
50.18572	-15.04487	-82.39900	SAX_LV_EPICARDIAL	6	1.0	2
49.12348	-17.25441	-81.02069	SAX_LV_EPICARDIAL	6	1.0	2
48.06124	-19.46395	-79.64237	SAX_LV_EPICARDIAL	6	1.0	2
46.99899	-21.67348	-78.26406	SAX_LV_EPICARDIAL	6	1.0	2
44.82291	-23.88302	-77.74417	SAX_LV_EPICARDIAL	6	1.0	2
42.64682	-26.09256	-77.22428	SAX_LV_EPICARDIAL	6	1.0	2
39.35689	-28.30210	-77.56281	SAX_LV_EPICARDIAL	6	1.0	2
36.59808	-29.40687	-78.59050	SAX_LV_EPICARDIAL	6	1.0	2
34.37039	-29.40687	-80.30735	SAX_LV_EPICARDIAL	6	1.0	2
31.61158	-30.51164	-81.33503	SAX_LV_EPICARDIAL	6	1.0	2
29.38390	-30.51164	-83.05188	SAX_LV_EPICARDIAL	6	1.0	2
31.50838	-26.09257	-85.80851	SAX_LV_ENDOCARDIAL	6	1.0	2
29.81181	-24.98780	-88.21451	SAX_LV_ENDOCARDIAL	6	1.0	2
28.11524	-23.88304	-90.62051	SAX_LV_ENDOCARDIAL	6	1.0	2
28.06364	-21.67350	-92.85725	SAX_LV_ENDOCARDIAL	6	1.0	2
26.89820	-19.46397	-95.95241	SAX_LV_ENDOCARDIAL	6	1.0	2
27.96044	-17.25443	-97.33072	SAX_LV_ENDOCARDIAL	6	1.0	2
29.02268	-15.04489	-98.70903	SAX_LV_ENDOCARDIAL	6	1.0	2
30.08492	-12.83536	-100.08735	SAX_LV_ENDOCARDIAL	6	1.0	2
33.37485	-10.62582	-99.74881	SAX_LV_ENDOCARDIAL	6	1.0	2
36.13366	-9.52105	-98.72113	SAX_LV_ENDOCARDIAL	6	1.0	2
38.36135	-9.52105	-97.00428	SAX_LV_ENDOCARDIAL	6	1.0	2
40.58904	-9.52104	-95.28743	SAX_LV_ENDOCARDIAL	6	1.0	2
42.28560	-10.62581	-92.88143	SAX_LV_ENDOCARDIAL	6	1.0	2
43.98217	-11.73058	-90.47543	SAX_LV_ENDOCARDIAL	6	1.0	2
44.03377	-13.94011	-88.23869	SAX_LV_ENDOCARDIAL	6	1.0	2
44.08538	-16.14965	-86.00196	SAX_LV_ENDOCARDIAL	6	1.0	2
43.02314	-18.35918	-84.62364	SAX_LV_ENDOCARDIAL	6	1.0	2
41.96089	-20.56872	-83.24533	SAX_LV_ENDOCARDIAL	6	1.0	2
39.78481	-22.77826	-82.72544	SAX_LV_ENDOCARDIAL	6	1.0	2
37.60872	-24.98780	-82.20555	SAX_LV_ENDOCARDIAL	6	1.0	2
34.84991	-26.09257	-83.23324	SAX_LV_ENDOCARDIAL	6	1.0	2
32.62222	-26.09257	-84.95008	SAX_LV_ENDOCARDIAL	6	1.0	2
23.45346	-15.04490	-103.00115	RV_INSERT	6	1.0	2
19.25609	-26.09258	-95.25116	RV_INSERT	6	1.0	2
7.57120	20.35404	-19.92306	LAX_LV_ENDOCARDIAL	9	1.0	2
9.37399	18.18570	-21.31445	LAX_LV_ENDOCARDIAL	9	1.0	2
11.12174	15.98222	-21.30110	LAX_LV_ENDOCARDIAL	9	1.0	2
12.92453	13.81388	-22.69249	LAX_LV_ENDOCARDIAL	9	1.0	2
14.72732	11.64555	-24.08388	LAX_LV_ENDOCARDIAL	9	1.0	2
16.47507	9.44206	-24.07053	LAX_LV_ENDOCARDIAL	9	1.0	2
18.27786	7.27373	-25.46192	LAX_LV_ENDOCARDIAL	9	1.0	2
20.02560	5.07024	-25.44857	LAX_LV_ENDOCARDIAL	9	1.0	2
21.77335	2.86675	-25.43522	LAX_LV_ENDOCARDIAL	9	1.0	2
23.57614	0.69842	-26.82661	LAX_LV_ENDOCARDIAL	9	1.0	2
25.37893	-1.46992	-28.21800	LAX_LV_ENDOCARDIAL	9	1.0	2
27.23677	-3.60310	-31.01412	LAX_LV_ENDOCARDIAL	9	1.0	2
29.03956	-5.77144	-32.40550	LAX_LV_ENDOCARDIAL	9	1.0	2
30.02352	-6.80288	-35.20830	LAX_LV_ENDOCARDIAL	9	1.0	2
30.13361	-6.73257	-38.01776	LAX_LV_ENDOCARDIAL	9	1.0	2
31.11757	-7.76401	-40.82056	LAX_LV_ENDOCARDIAL	9	1.0	2
32.10154	-8.79545	-43.62335	LAX_LV_ENDOCARDIAL	9	1.0	2
33.08550	-9.82689	-46.42614	LAX_LV_ENDOCARDIAL	9	1.0	2
34.06946	-10.85833	-49.22893	LAX_LV_ENDOCARDIAL	9	1.0	2
35.05342	-11.88977	-52.03172	LAX_LV_ENDOCARDIAL	9	1.0	2
36.03739	-12.92121	-54.83452	LAX_LV_ENDOCARDIAL	9	1.0	2
37.02135	-13.95265	-57.63731	LAX_LV_ENDOCARDIAL	9	1.0	2
38.00531	-14.98409	-60.44010	LAX_LV_ENDOCARDIAL	9	1.0	2
38.98927	-16.01553	-63.24289	LAX_LV_ENDOCARDIAL	9	1.0	2
39.09936	-15.94523	-66.05236	LAX_LV_ENDOCARDIAL	9	1.0	2
40.08332	-16.97666	-68.85515	LAX_LV_ENDOCARDIAL	9	1.0	2
41.06729	-18.00810	-71.65794	LAX_LV_ENDOCARDIAL	9	1.0	2
41.17738	-17.93780	-74.46741	LAX_LV_ENDOCARDIAL	9	1.0	2
42.16134	-18.96924	-77.27020	LAX_LV_ENDOCARDIAL	9	1.0	2
42.27143	-18.89894	-80.07967	LAX_LV_ENDOCARDIAL	9	1.0	2
43.25539	-19.93038	-82.88246	LAX_LV_ENDOCARDIAL	9	1.0	2
43.36548	-19.86007	-85.69193	LAX_LV_ENDOCARDIAL	9	1.0	2
42.60169	-18.68803	-88.50806	LAX_LV_ENDOCARDIAL	9	1.0	2
42.71178	-18.61772	-91.31753	LAX_LV_ENDOCARDIAL	9	1.0	2
41.94800	-17.44567	-94.13367	LAX_LV_ENDOCARDIAL	9	1.0	2
41.18422	-16.27363	-96.94981	LAX_LV_ENDOCARDIAL	9	1.0	2
39.54656	-13.99984	-99.77262	LAX_LV_ENDOCARDIAL	9	1.0	2
37.79881	-11.79635	-99.78596	LAX_LV_ENDOCARDIAL	9	1.0	2
36.05106	-9.59286	-99.79931	LAX_LV_ENDOCARDIAL	9	1.0	2
34.24827	-7.42453	-98.40792	LAX_LV_ENDOCARDIAL	9	1.0	2
32.44548	-5.25619	-97.01653	LAX_LV_ENDOCARDIAL	9	1.0	2
30.64269	-3.08786	-95.62515	LAX_LV_ENDOCARDIAL	9	1.0	2
28.83990	-0.91952	-94.23376	LAX_LV_ENDOCARDIAL	9	1.0	2
27.03711	1.24881	-92.84237	LAX_LV_ENDOCARDIAL	9	1.0	2
25.23432	3.41715	-91.45099	LAX_LV_ENDOCARDIAL	9	1.0	2
23.43153	5.58548	-90.05960	LAX_LV_ENDOCARDIAL	9	1.0	2
21.62874	7.75382	-88.66821	LAX_LV_ENDOCARDIAL	9	1.0	2
19.82594	9.92215	-87.27683	LAX_LV_ENDOCARDIAL	9	1.0	2
18.02315	12.09049	-85.88544	LAX_LV_ENDOCARDIAL	9	1.0	2
16.22036	14.25882	-84.49405	LAX_LV_ENDOCARDIAL	9	1.0	2
14.47262	16.46231	-84.50740	LAX_LV_ENDOCARDIAL	9	1.0	2
12.66982	18.63064	-83.11601	LAX_LV_ENDOCARDIAL	9	1.0	2
10.86703	20.79898	-81.72462	LAX_LV_ENDOCARDIAL	9	1.0	2
9.00920	22.93216	-78.92850	LAX_LV_ENDOCARDIAL	9	1.0	2
7.20641	25.10050	-77.53712	LAX_LV_ENDOCARDIAL	9	1.0	2
5.40362	27.26883	-76.14573	LAX_LV_ENDOCARDIAL	9	1.0	2
3.60082	29.43717	-74.75434	LAX_LV_ENDOCARDIAL	9	1.0	2
1.79803	31.60550	-73.36296	LAX_LV_ENDOCARDIAL	9	1.0	2
-0.05980	33.73869	-70.56684	LAX_LV_ENDOCARDIAL	9	1.0	2
-0.98872	34.80528	-69.16878	LAX_LV_ENDOCARDIAL	9	1.0	2
-2.84656	36.93846	-66.37266	LAX_LV_ENDOCARDIAL	9	1.0	2
-3.83052	37.96990	-63.56987	LAX_LV_ENDOCARDIAL	9	1.0	2
-4.81448	39.00134	-60.76707	LAX_LV_ENDOCARDIAL	9	1.0	2
-6.67232	41.13452	-57.97095	LAX_LV_ENDOCARDIAL	9	1.0	2
6.69733	21.45578	-19.92973	LAX_LV_ENDOCARDIAL	9	1.0	2
13.46813	12.50123	-14.25742	LAX_LV_EPICARDIAL	9	1.0	2
15.27093	10.33289	-15.64881	LAX_LV_EPICARDIAL	9	1.0	2
17.01867	8.12941	-15.63546	LAX_LV_EPICARDIAL	9	1.0	2
18.82146	5.96107	-17.02685	LAX_LV_EPICARDIAL	9	1.0	2
20.62425	3.79274	-18.41823	LAX_LV_EPICARDIAL	9	1.0	2
22.37200	1.58925	-18.40489	LAX_LV_EPICARDIAL	9	1.0	2
24.17479	-0.57909	-19.79628	LAX_LV_EPICARDIAL	9	1.0	2
25.97758	-2.74742	-21.18766	LAX_LV_EPICARDIAL	9	1.0	2
27.78037	-4.91576	-22.57905	LAX_LV_EPICARDIAL	9	1.0	2
29.63821	-7.04894	-25.37517	LAX_LV_EPICARDIAL	9	1.0	2
30.62217	-8.08038	-28.17796	LAX_LV_EPICARDIAL	9	1.0	2
32.48001	-10.21356	-30.97408	LAX_LV_EPICARDIAL	9	1.0	2
34.33784	-12.34674	-33.77020	LAX_LV_EPICARDIAL	9	1.0	2
35.32181	-13.37818	-36.57299	LAX_LV_EPICARDIAL	9	1.0	2
36.30577	-14.40962	-39.37578	LAX_LV_EPICARDIAL	9	1.0	2
37.28973	-15.44106	-42.17858	LAX_LV_EPICARDIAL	9	1.0	2
38.27369	-16.47250	-44.98137	LAX_LV_EPICARDIAL	9	1.0	2
39.25766	-17.50394	-47.78416	LAX_LV_EPICARDIAL	9	1.0	2
40.24162	-18.53538	-50.58695	LAX_LV_EPICARDIAL	9	1.0	2
41.22558	-19.56682	-53.38975	LAX_LV_EPICARDIAL	9	1.0	2
42.20954	-20.59826	-56.19254	LAX_LV_EPICARDIAL	9	1.0	2
42.31963	-20.52796	-59.00200	LAX_LV_EPICARDIAL	9	1.0	2
43.30359	-21.55940	-61.80480	LAX_LV_EPICARDIAL	9	1.0	2
43.41368	-21.48909	-64.61426	LAX_LV_EPICARDIAL	9	1.0	2
44.39765	-22.52053	-67.41705	LAX_LV_EPICARDIAL	9	1.0	2
44.50774	-22.45023	-70.22652	LAX_LV_EPICARDIAL	9	1.0	2
45.49170	-23.48167	-73.02931	LAX_LV_EPICARDIAL	9	1.0	2
45.60179	-23.41137	-75.83878	LAX_LV_EPICARDIAL	9	1.0	2
45.71188	-23.34106	-78.64824	LAX_LV_EPICARDIAL	9	1.0	2
45.82196	-23.27076	-81.45771	LAX_LV_EPICARDIAL	9	1.0	2
45.93205	-23.20045	-84.26717	LAX_LV_EPICARDIAL	9	1.0	2
46.04214	-23.13015	-87.07664	LAX_LV_EPICARDIAL	9	1.0	2
46.15223	-23.05985	-89.88610	LAX_LV_EPICARDIAL	9	1.0	2
45.38845	-21.88780	-92.70224	LAX_LV_EPICARDIAL	9	1.0	2
44.62466	-20.71575	-95.51838	LAX_LV_EPICARDIAL	9	1.0	2
44.73475	-20.64545	-98.32785	LAX_LV_EPICARDIAL	9	1.0	2
43.09710	-18.37166	-101.15066	LAX_LV_EPICARDIAL	9	1.0	2
42.27827	-17.23476	-102.56206	LAX_LV_EPICARDIAL	9	1.0	2
40.58556	-14.99612	-103.98014	LAX_LV_EPICARDIAL	9	1.0	2
38.83782	-12.79264	-103.99349	LAX_LV_EPICARDIAL	9	1.0	2
37.09007	-10.58915	-104.00683	LAX_LV_EPICARDIAL	9	1.0	2
35.34233	-8.38566	-104.02018	LAX_LV_EPICARDIAL	9	1.0	2
33.53953	-6.21733	-102.62879	LAX_LV_EPICARDIAL	9	1.0	2
31.79179	-4.01384	-102.64214	LAX_LV_EPICARDIAL	9	1.0	2
29.98900	-1.84551	-101.25075	LAX_LV_EPICARDIAL	9	1.0	2
28.18621	0.32283	-99.85936	LAX_LV_EPICARDIAL	9	1.0	2
26.38341	2.49116	-98.46798	LAX_LV_EPICARDIAL	9	1.0	2
24.63567	4.69465	-98.48132	LAX_LV_EPICARDIAL	9	1.0	2
22.83288	6.86299	-97.08994	LAX_LV_EPICARDIAL	9	1.0	2
21.03009	9.03132	-95.69855	LAX_LV_EPICARDIAL	9	1.0	2
19.22729	11.19966	-94.30716	LAX_LV_EPICARDIAL	9	1.0	2
17.42450	13.36799	-92.91578	LAX_LV_EPICARDIAL	9	1.0	2
15.67676	15.57148	-92.92912	LAX_LV_EPICARDIAL	9	1.0	2
13.87397	17.73981	-91.53773	LAX_LV_EPICARDIAL	9	1.0	2
12.07117	19.90815	-90.14635	LAX_LV_EPICARDIAL	9	1.0	2
10.26838	22.07648	-88.75496	LAX_LV_EPICARDIAL	9	1.0	2
8.46559	24.24482	-87.36357	LAX_LV_EPICARDIAL	9	1.0	2
6.71785	26.44830	-87.37692	LAX_LV_EPICARDIAL	9	1.0	2
4.91505	28.61664	-85.98553	LAX_LV_EPICARDIAL	9	1.0	2
3.11226	30.78497	-84.59415	LAX_LV_EPICARDIAL	9	1.0	2
1.30947	32.95331	-83.20276	LAX_LV_EPICARDIAL	9	1.0	2
-0.54836	35.08649	-80.40664	LAX_LV_EPICARDIAL	9	1.0	2
-2.35115	37.25483	-79.01525	LAX_LV_EPICARDIAL	9	1.0	2
-4.15395	39.42316	-77.62387	LAX_LV_EPICARDIAL	9	1.0	2
-6.01178	41.55635	-74.82775	LAX_LV_EPICARDIAL	9	1.0	2
-6.99574	42.58778	-72.02495	LAX_LV_EPICARDIAL	9	1.0	2
-7.97971	43.61922	-69.22216	LAX_LV_EPICARDIAL	9	1.0	2
-8.96367	44.65066	-66.41937	LAX_LV_EPICARDIAL	9	1.0	2
-9.94763	45.68210	-63.61658	LAX_LV_EPICARDIAL	9	1.0	2
-9.18385	44.51006	-60.80044	LAX_LV_EPICARDIAL	9	1.0	2
-9.29394	44.43975	-57.99097	LAX_LV_EPICARDIAL	9	1.0	2
6.53219	21.35033	-15.71554	LAX_LV_EPICARDIAL	9	1.0	2
8.27994	19.14684	-15.70219	LAX_LV_EPICARDIAL	9	1.0	2
9.97264	16.90820	-14.28411	LAX_LV_EPICARDIAL	9	1.0	2
11.72039	14.70471	-14.27077	LAX_LV_EPICARDIAL	9	1.0	2
4.07571	24.76101	-19.94975	MITRAL_VALVE	9	1.0	2
-7.65628	42.16596	-55.16816	MITRAL_VALVE	9	1.0	2
-31.94176	-10.52195	-0.97588	LAX_RV_FREEWALL	8	1.0	1.0
-30.69571	-13.23885	-3.60002	LAX_RV_FREEWALL	8	1.0	1.0
-29.44965	-15.95575	-6.22416	LAX_RV_FREEWALL	8	1.0	1.0
-27.92468	-17.31420	-8.61514	LAX_RV_FREEWALL	8	1.0	1.0
-26.39972	-18.67265	-11.00612	LAX_RV_FREEWALL	8	1.0	1.0
-24.87475	-20.03110	-13.39710	LAX_RV_FREEWALL	8	1.0	1.0
-23.34978	-21.38955	-15.78808	LAX_RV_FREEWALL	8	1.0	1.0
-21.54590	-21.38955	-17.94589	LAX_RV_FREEWALL	8	1.0	1.0
-20.02093	-22.74800	-20.33687	LAX_RV_FREEWALL	8	1.0	1.0
-18.49596	-24.10645	-22.72785	LAX_RV_FREEWALL	8	1.0	1.0
-16.69208	-24.10645	-24.88567	LAX_RV_FREEWALL	8	1.0	1.0
-14.88820	-24.10646	-27.04349	LAX_RV_FREEWALL	8	1.0	1.0
-13.08432	-24.10646	-29.20131	LAX_RV_FREEWALL	8	1.0	1.0
-11.28044	-24.10646	-31.35912	LAX_RV_FREEWALL	8	1.0	1.0
-9.19764	-22.74801	-33.28378	LAX_RV_FREEWALL	8	1.0	1.0
-7.39376	-22.74801	-35.44160	LAX_RV_FREEWALL	8	1.0	1.0
-5.58988	-22.74802	-37.59941	LAX_RV_FREEWALL	8	1.0	1.0
-3.78600	-22.74802	-39.75723	LAX_RV_FREEWALL	8	1.0	1.0
-2.26103	-24.10647	-42.14821	LAX_RV_FREEWALL	8	1.0	1.0
-0.45715	-24.10647	-44.30603	LAX_RV_FREEWALL	8	1.0	1.0
1.34673	-24.10647	-46.46385	LAX_RV_FREEWALL	8	1.0	1.0
3.15061	-24.10647	-48.62166	LAX_RV_FREEWALL	8	1.0	1.0
4.95450	-24.10648	-50.77948	LAX_RV_FREEWALL	8	1.0	1.0
-13.75444	-1.01282	-18.76410	LAX_RV_FREEWALL	8	1.0	1.0
-15.55832	-1.01282	-16.60628	LAX_RV_FREEWALL	8	1.0	1.0
-17.36221	-1.01282	-14.44847	LAX_RV_FREEWALL	8	1.0	1.0
-19.16609	-1.01282	-12.29065	LAX_RV_FREEWALL	8	1.0	1.0
-20.69106	0.34563	-9.89967	LAX_RV_FREEWALL	8	1.0	1.0
-22.21602	1.70408	-7.50869	LAX_RV_FREEWALL	8	1.0	1.0
-24.01991	1.70408	-5.35087	LAX_RV_FREEWALL	8	1.0	1.0
-25.82379	1.70409	-3.19306	LAX_RV_FREEWALL	8	1.0	1.0
-27.90658	0.34564	-1.26840	LAX_RV_FREEWALL	8	1.0	1.0
-30.26829	-2.37126	0.42309	LAX_RV_FREEWALL	8	1.0	1.0
-30.82611	-5.08815	-0.04323	LAX_RV_FREEWALL	8	1.0	1.0
-31.38394	-7.80505	-0.50955	LAX_RV_FREEWALL	8	1.0	1.0
-34.36867	-9.16350	2.49401	LAX_RV_EPICARDIAL	8	1.0	1.0
-34.02456	-11.88040	0.94878	LAX_RV_EPICARDIAL	8	1.0	1.0
-33.68044	-14.59729	-0.59645	LAX_RV_EPICARDIAL	8	1.0	1.0
-32.43439	-17.31419	-3.22060	LAX_RV_EPICARDIAL	8	1.0	1.0
-30.90942	-18.67264	-5.61157	LAX_RV_EPICARDIAL	8	1.0	1.0
-29.38445	-20.03109	-8.00255	LAX_RV_EPICARDIAL	8	1.0	1.0
-27.85948	-21.38955	-10.39353	LAX_RV_EPICARDIAL	8	1.0	1.0
-26.33451	-22.74800	-12.78451	LAX_RV_EPICARDIAL	8	1.0	1.0
-24.80955	-24.10645	-15.17549	LAX_RV_EPICARDIAL	8	1.0	1.0
-23.28458	-25.46490	-17.56647	LAX_RV_EPICARDIAL	8	1.0	1.0
-21.75961	-26.82335	-19.95745	LAX_RV_EPICARDIAL	8	1.0	1.0
-19.95573	-26.82335	-22.11527	LAX_RV_EPICARDIAL	8	1.0	1.0
-18.43076	-28.18180	-24.50625	LAX_RV_EPICARDIAL	8	1.0	1.0
-16.62688	-28.18180	-26.66407	LAX_RV_EPICARDIAL	8	1.0	1.0
-14.82300	-28.18180	-28.82188	LAX_RV_EPICARDIAL	8	1.0	1.0
-12.74020	-26.82336	-30.74654	LAX_RV_EPICARDIAL	8	1.0	1.0
-10.93632	-26.82336	-32.90436	LAX_RV_EPICARDIAL	8	1.0	1.0
-9.13244	-26.82336	-35.06217	LAX_RV_EPICARDIAL	8	1.0	1.0
-7.04965	-25.46491	-36.98683	LAX_RV_EPICARDIAL	8	1.0	1.0
-5.24576	-25.46491	-39.14465	LAX_RV_EPICARDIAL	8	1.0	1.0
-3.72080	-26.82336	-41.53563	LAX_RV_EPICARDIAL	8	1.0	1.0
-1.91691	-26.82337	-43.69344	LAX_RV_EPICARDIAL	8	1.0	1.0
-0.11303	-26.82337	-45.85126	LAX_RV_EPICARDIAL	8	1.0	1.0
1.69085	-26.82337	-48.00908	LAX_RV_EPICARDIAL	8	1.0	1.0
3.77364	-25.46492	-49.93373	LAX_RV_EPICARDIAL	8	1.0	1.0
5.57752	-25.46492	-52.09155	LAX_RV_EPICARDIAL	8	1.0	1.0
7.38140	-25.46493	-54.24937	LAX_RV_EPICARDIAL	8	1.0	1.0
7.38140	-25.46493	-54.24937	LAX_RV_EPICARDIAL	8	1.0	1.0
-13.19662	1.70407	-18.29778	LAX_RV_EPICARDIAL	8	1.0	1.0
-14.72159	3.06252	-15.90680	LAX_RV_EPICARDIAL	8	1.0	1.0
-16.24655	4.42097	-13.51582	LAX_RV_EPICARDIAL	8	1.0	1.0
-18.05044	4.42098	-11.35800	LAX_RV_EPICARDIAL	8	1.0	1.0
-19.85432	4.42098	-9.20018	LAX_RV_EPICARDIAL	8	1.0	1.0
-21.65820	4.42098	-7.04237	LAX_RV_EPICARDIAL	8	1.0	1.0
-23.46208	4.42098	-4.88455	LAX_RV_EPICARDIAL	8	1.0	1.0
-25.54487	3.06253	-2.95989	LAX_RV_EPICARDIAL	8	1.0	1.0
-27.62767	1.70409	-1.03524	LAX_RV_EPICARDIAL	8	1.0	1.0
-29.71046	0.34564	0.88942	LAX_RV_EPICARDIAL	8	1.0	1.0
-32.07217	-2.37126	2.58091	LAX_RV_EPICARDIAL	8	1.0	1.0
-32.62999	-5.08815	2.11459	LAX_RV_EPICARDIAL	8	1.0	1.0
-34.08976	-7.80505	2.72717	LAX_RV_EPICARDIAL	8	1.0	1.0
6.75838	-24.10648	-52.93730	LAX_RV_SEPTUM	8	1.0	1.0
5.23341	-22.74803	-50.54632	LAX_RV_SEPTUM	8	1.0	1.0
3.98735	-20.03113	-47.92218	LAX_RV_SEPTUM	8	1.0	1.0
2.46238	-18.67268	-45.53120	LAX_RV_SEPTUM	8	1.0	1.0
0.93742	-17.31423	-43.14022	LAX_RV_SEPTUM	8	1.0	1.0
-0.58755	-15.95578	-40.74924	LAX_RV_SEPTUM	8	1.0	1.0
-2.11252	-14.59733	-38.35826	LAX_RV_SEPTUM	8	1.0	1.0
-3.35858	-11.88043	-35.73412	LAX_RV_SEPTUM	8	1.0	1.0
-4.88355	-10.52198	-33.34314	LAX_RV_SEPTUM	8	1.0	1.0
-6.12960	-7.80508	-30.71900	LAX_RV_SEPTUM	8	1.0	1.0
-7.65457	-6.44663	-28.32802	LAX_RV_SEPTUM	8	1.0	1.0
-9.17954	-5.08818	-25.93704	LAX_RV_SEPTUM	8	1.0	1.0
-10.70451	-3.72972	-23.54606	LAX_RV_SEPTUM	8	1.0	1.0
-12.22947	-2.37127	-21.15508	LAX_RV_SEPTUM	8	1.0	1.0
-11.67165	0.34562	-20.68876	LAX_LV_EPICARDIAL	8	1.0	1.0
9.46420	-24.10648	-56.17402	LAX_LV_EPICARDIAL	8	1.0	1.0
10.98917	-25.46493	-58.56500	LAX_LV_EPICARDIAL	8	1.0	1.0
12.79305	-25.46493	-60.72282	LAX_LV_EPICARDIAL	8	1.0	1.0
14.31802	-26.82338	-63.11380	LAX_LV_EPICARDIAL	8	1.0	1.0
16.12190	-26.82338	-65.27162	LAX_LV_EPICARDIAL	8	1.0	1.0
17.92578	-26.82339	-67.42944	LAX_LV_EPICARDIAL	8	1.0	1.0
19.45075	-28.18184	-69.82042	LAX_LV_EPICARDIAL	8	1.0	1.0
21.25463	-28.18184	-71.97823	LAX_LV_EPICARDIAL	8	1.0	1.0
23.05851	-28.18184	-74.13605	LAX_LV_EPICARDIAL	8	1.0	1.0
24.58348	-29.54029	-76.52703	LAX_LV_EPICARDIAL	8	1.0	1.0
26.38736	-29.54029	-78.68485	LAX_LV_EPICARDIAL	8	1.0	1.0
28.19124	-29.54029	-80.84266	LAX_LV_EPICARDIAL	8	1.0	1.0
29.99512	-29.54030	-83.00048	LAX_LV_EPICARDIAL	8	1.0	1.0
32.07792	-28.18185	-84.92514	LAX_LV_EPICARDIAL	8	1.0	1.0
33.88180	-28.18185	-87.08296	LAX_LV_EPICARDIAL	8	1.0	1.0
35.68568	-28.18185	-89.24077	LAX_LV_EPICARDIAL	8	1.0	1.0
37.76847	-26.82340	-91.16543	LAX_LV_EPICARDIAL	8	1.0	1.0
39.85127	-25.46496	-93.09008	LAX_LV_EPICARDIAL	8	1.0	1.0
42.21297	-22.74806	-94.78158	LAX_LV_EPICARDIAL	8	1.0	1.0
43.67274	-20.03117	-95.39416	LAX_LV_EPICARDIAL	8	1.0	1.0
45.13251	-17.31427	-96.00675	LAX_LV_EPICARDIAL	8	1.0	1.0
46.59227	-14.59737	-96.61933	LAX_LV_EPICARDIAL	8	1.0	1.0
47.15010	-11.88047	-96.15301	LAX_LV_EPICARDIAL	8	1.0	1.0
47.70792	-9.16358	-95.68669	LAX_LV_EPICARDIAL	8	1.0	1.0
47.36381	-6.44668	-94.14145	LAX_LV_EPICARDIAL	8	1.0	1.0
47.01969	-3.72978	-92.59622	LAX_LV_EPICARDIAL	8	1.0	1.0
47.57752	-1.01288	-92.12990	LAX_LV_EPICARDIAL	8	1.0	1.0
47.23340	1.70402	-90.58466	LAX_LV_EPICARDIAL	8	1.0	1.0
46.88929	4.42091	-89.03943	LAX_LV_EPICARDIAL	8	1.0	1.0
46.54517	7.13781	-87.49420	LAX_LV_EPICARDIAL	8	1.0	1.0
46.20106	9.85471	-85.94897	LAX_LV_EPICARDIAL	8	1.0	1.0
45.85694	12.57161	-84.40373	LAX_LV_EPICARDIAL	8	1.0	1.0
45.51283	15.28851	-82.85850	LAX_LV_EPICARDIAL	8	1.0	1.0
45.16871	18.00541	-81.31327	LAX_LV_EPICARDIAL	8	1.0	1.0
43.92266	20.72230	-78.68913	LAX_LV_EPICARDIAL	8	1.0	1.0
43.57854	23.43920	-77.14390	LAX_LV_EPICARDIAL	8	1.0	1.0
43.23443	26.15610	-75.59866	LAX_LV_EPICARDIAL	8	1.0	1.0
42.89031	28.87300	-74.05343	LAX_LV_EPICARDIAL	8	1.0	1.0
41.64426	31.58990	-71.42929	LAX_LV_EPICARDIAL	8	1.0	1.0
41.30014	34.30680	-69.88406	LAX_LV_EPICARDIAL	8	1.0	1.0
40.05409	37.02370	-67.25992	LAX_LV_EPICARDIAL	8	1.0	1.0
39.70997	39.74060	-65.71468	LAX_LV_EPICARDIAL	8	1.0	1.0
38.46392	42.45749	-63.09054	LAX_LV_EPICARDIAL	8	1.0	1.0
37.21786	45.17439	-60.46640	LAX_LV_EPICARDIAL	8	1.0	1.0
35.69289	46.53284	-58.07542	LAX_LV_EPICARDIAL	8	1.0	1.0
34.16792	47.89129	-55.68444	LAX_LV_EPICARDIAL	8	1.0	1.0
32.92187	50.60819	-53.06030	LAX_LV_EPICARDIAL	8	1.0	1.0
31.11799	50.60820	-50.90248	LAX_LV_EPICARDIAL	8	1.0	1.0
29.59302	51.96665	-48.51150	LAX_LV_EPICARDIAL	8	1.0	1.0
28.06805	53.32510	-46.12052	LAX_LV_EPICARDIAL	8	1.0	1.0
26.26417	53.32510	-43.96271	LAX_LV_EPICARDIAL	8	1.0	1.0
24.73920	54.68355	-41.57173	LAX_LV_EPICARDIAL	8	1.0	1.0
22.93532	54.68355	-39.41391	LAX_LV_EPICARDIAL	8	1.0	1.0
21.13144	54.68355	-37.25609	LAX_LV_EPICARDIAL	8	1.0	1.0
19.32756	54.68355	-35.09827	LAX_LV_EPICARDIAL	8	1.0	1.0
17.24476	53.32511	-33.17362	LAX_LV_EPICARDIAL	8	1.0	1.0
15.78500	50.60821	-32.56103	LAX_LV_EPICARDIAL	8	1.0	1.0
-1.86260	26.15615	-21.65322	LAX_LV_EPICARDIAL	8	1.0	1.0
-3.94540	24.79770	-19.72857	LAX_LV_EPICARDIAL	8	1.0	1.0
-5.74928	24.79770	-17.57075	LAX_LV_EPICARDIAL	8	1.0	1.0
-10.55600	5.77942	-19.75611	LAX_LV_ENDOCARDIAL	8	1.0	1.0
-8.75212	5.77942	-21.91393	LAX_LV_ENDOCARDIAL	8	1.0	1.0
-6.94824	5.77941	-24.07174	LAX_LV_ENDOCARDIAL	8	1.0	1.0
-5.14435	5.77941	-26.22956	LAX_LV_ENDOCARDIAL	8	1.0	1.0
-3.34047	5.77941	-28.38738	LAX_LV_ENDOCARDIAL	8	1.0	1.0
-1.53659	5.77941	-30.54520	LAX_LV_ENDOCARDIAL	8	1.0	1.0
-0.01162	4.42096	-32.93618	LAX_LV_ENDOCARDIAL	8	1.0	1.0
1.23443	1.70406	-35.56032	LAX_LV_ENDOCARDIAL	8	1.0	1.0
2.75940	0.34561	-37.95130	LAX_LV_ENDOCARDIAL	8	1.0	1.0
3.10352	-2.37129	-39.49653	LAX_LV_ENDOCARDIAL	8	1.0	1.0
4.34957	-5.08819	-42.12067	LAX_LV_ENDOCARDIAL	8	1.0	1.0
5.59563	-7.80509	-44.74481	LAX_LV_ENDOCARDIAL	8	1.0	1.0
7.12060	-9.16354	-47.13579	LAX_LV_ENDOCARDIAL	8	1.0	1.0
8.64556	-10.52199	-49.52677	LAX_LV_ENDOCARDIAL	8	1.0	1.0
9.89162	-13.23889	-52.15091	LAX_LV_ENDOCARDIAL	8	1.0	1.0
11.41659	-14.59734	-54.54189	LAX_LV_ENDOCARDIAL	8	1.0	1.0
13.22047	-14.59734	-56.69971	LAX_LV_ENDOCARDIAL	8	1.0	1.0
14.74544	-15.95579	-59.09069	LAX_LV_ENDOCARDIAL	8	1.0	1.0
16.27041	-17.31424	-61.48167	LAX_LV_ENDOCARDIAL	8	1.0	1.0
18.07429	-17.31424	-63.63948	LAX_LV_ENDOCARDIAL	8	1.0	1.0
19.59926	-18.67269	-66.03046	LAX_LV_ENDOCARDIAL	8	1.0	1.0
21.12422	-20.03114	-68.42144	LAX_LV_ENDOCARDIAL	8	1.0	1.0
22.92811	-20.03115	-70.57926	LAX_LV_ENDOCARDIAL	8	1.0	1.0
24.45307	-21.38960	-72.97024	LAX_LV_ENDOCARDIAL	8	1.0	1.0
25.97804	-22.74805	-75.36122	LAX_LV_ENDOCARDIAL	8	1.0	1.0
27.78192	-22.74805	-77.51904	LAX_LV_ENDOCARDIAL	8	1.0	1.0
29.58580	-22.74805	-79.67686	LAX_LV_ENDOCARDIAL	8	1.0	1.0
31.38969	-22.74805	-81.83467	LAX_LV_ENDOCARDIAL	8	1.0	1.0
33.19357	-22.74805	-83.99249	LAX_LV_ENDOCARDIAL	8	1.0	1.0
34.99745	-22.74806	-86.15031	LAX_LV_ENDOCARDIAL	8	1.0	1.0
36.80133	-22.74806	-88.30812	LAX_LV_ENDOCARDIAL	8	1.0	1.0
38.60521	-22.74806	-90.46594	LAX_LV_ENDOCARDIAL	8	1.0	1.0
40.68801	-21.38961	-92.39060	LAX_LV_ENDOCARDIAL	8	1.0	1.0
42.14777	-18.67271	-93.00318	LAX_LV_ENDOCARDIAL	8	1.0	1.0
43.60754	-15.95582	-93.61577	LAX_LV_ENDOCARDIAL	8	1.0	1.0
43.26342	-13.23892	-92.07054	LAX_LV_ENDOCARDIAL	8	1.0	1.0
43.82125	-10.52202	-91.60421	LAX_LV_ENDOCARDIAL	8	1.0	1.0
43.47713	-7.80512	-90.05898	LAX_LV_ENDOCARDIAL	8	1.0	1.0
43.13302	-5.08823	-88.51375	LAX_LV_ENDOCARDIAL	8	1.0	1.0
42.78890	-2.37133	-86.96851	LAX_LV_ENDOCARDIAL	8	1.0	1.0
42.44479	0.34557	-85.42328	LAX_LV_ENDOCARDIAL	8	1.0	1.0
42.10067	3.06247	-83.87805	LAX_LV_ENDOCARDIAL	8	1.0	1.0
41.75656	5.77937	-82.33282	LAX_LV_ENDOCARDIAL	8	1.0	1.0
41.41244	8.49627	-80.78758	LAX_LV_ENDOCARDIAL	8	1.0	1.0
41.06833	11.21316	-79.24235	LAX_LV_ENDOCARDIAL	8	1.0	1.0
40.72421	13.93006	-77.69712	LAX_LV_ENDOCARDIAL	8	1.0	1.0
40.38010	16.64696	-76.15189	LAX_LV_ENDOCARDIAL	8	1.0	1.0
40.03598	19.36386	-74.60665	LAX_LV_ENDOCARDIAL	8	1.0	1.0
39.69187	22.08076	-73.06142	LAX_LV_ENDOCARDIAL	8	1.0	1.0
38.44581	24.79766	-70.43728	LAX_LV_ENDOCARDIAL	8	1.0	1.0
37.19976	27.51456	-67.81314	LAX_LV_ENDOCARDIAL	8	1.0	1.0
36.85564	30.23145	-66.26791	LAX_LV_ENDOCARDIAL	8	1.0	1.0
35.60959	32.94835	-63.64377	LAX_LV_ENDOCARDIAL	8	1.0	1.0
34.36353	35.66525	-61.01962	LAX_LV_ENDOCARDIAL	8	1.0	1.0
33.11748	38.38215	-58.39548	LAX_LV_ENDOCARDIAL	8	1.0	1.0
31.59251	39.74060	-56.00450	LAX_LV_ENDOCARDIAL	8	1.0	1.0
30.06754	41.09905	-53.61352	LAX_LV_ENDOCARDIAL	8	1.0	1.0
28.54257	42.45750	-51.22254	LAX_LV_ENDOCARDIAL	8	1.0	1.0
27.29651	45.17440	-48.59840	LAX_LV_ENDOCARDIAL	8	1.0	1.0
25.77155	46.53285	-46.20742	LAX_LV_ENDOCARDIAL	8	1.0	1.0
24.24658	47.89130	-43.81645	LAX_LV_ENDOCARDIAL	8	1.0	1.0
22.72161	49.24975	-41.42547	LAX_LV_ENDOCARDIAL	8	1.0	1.0
20.63881	47.89131	-39.50081	LAX_LV_ENDOCARDIAL	8	1.0	1.0
18.55602	46.53286	-37.57615	LAX_LV_ENDOCARDIAL	8	1.0	1.0
-1.86260	26.15615	-21.65322	LAX_LV_ENDOCARDIAL	8	1.0	1.0
-3.94540	24.79770	-19.72857	LAX_LV_ENDOCARDIAL	8	1.0	1.0
-5.74928	24.79770	-17.57075	LAX_LV_ENDOCARDIAL	8	1.0	1.0
-34.36867	-9.16350	2.49401	LAX_RV_EPICARDIAL	8	1.0	1.0
-34.02456	-11.88040	0.94878	LAX_RV_EPICARDIAL	8	1.0	1.0
-33.68044	-14.59729	-0.59645	LAX_RV_EPICARDIAL	8	1.0	1.0
-32.43439	-17.31419	-3.22060	LAX_RV_EPICARDIAL	8	1.0	1.0
-30.90942	-18.67264	-5.61157	LAX_RV_EPICARDIAL	8	1.0	1.0
-29.38445	-20.03109	-8.00255	LAX_RV_EPICARDIAL	8	1.0	1.0
-27.85948	-21.38955	-10.39353	LAX_RV_EPICARDIAL	8	1.0	1.0
-26.33451	-22.74800	-12.78451	LAX_RV_EPICARDIAL	8	1.0	1.0
-24.80955	-24.10645	-15.17549	LAX_RV_EPICARDIAL	8	1.0	1.0
-23.28458	-25.46490	-17.56647	LAX_RV_EPICARDIAL	8	1.0	1.0
-21.75961	-26.82335	-19.95745	LAX_RV_EPICARDIAL	8	1.0	1.0
-19.95573	-26.82335	-22.11527	LAX_RV_EPICARDIAL	8	1.0	1.0
-18.43076	-28.18180	-24.50625	LAX_RV_EPICARDIAL	8	1.0	1.0
-16.62688	-28.18180	-26.66407	LAX_RV_EPICARDIAL	8	1.0	1.0
-14.82300	-28.18180	-28.82188	LAX_RV_EPICARDIAL	8	1.0	1.0
-12.74020	-26.82336	-30.74654	LAX_RV_EPICARDIAL	8	1.0	1.0
-10.93632	-26.82336	-32.90436	LAX_RV_EPICARDIAL	8	1.0	1.0
-9.13244	-26.82336	-35.06217	LAX_RV_EPICARDIAL	8	1.0	1.0
-7.04965	-25.46491	-36.98683	LAX_RV_EPICARDIAL	8	1.0	1.0
-5.24576	-25.46491	-39.14465	LAX_RV_EPICARDIAL	8	1.0	1.0
-3.72080	-26.82336	-41.53563	LAX_RV_EPICARDIAL	8	1.0	1.0
-1.91691	-26.82337	-43.69344	LAX_RV_EPICARDIAL	8	1.0	1.0
-0.11303	-26.82337	-45.85126	LAX_RV_EPICARDIAL	8	1.0	1.0
1.69085	-26.82337	-48.00908	LAX_RV_EPICARDIAL	8	1.0	1.0
3.77364	-25.46492	-49.93373	LAX_RV_EPICARDIAL	8	1.0	1.0
5.57752	-25.46492	-52.09155	LAX_RV_EPICARDIAL	8	1.0	1.0
7.38140	-25.46493	-54.24937	LAX_RV_EPICARDIAL	8	1.0	1.0
7.38140	-25.46493	-54.24937	LAX_RV_EPICARDIAL	8	1.0	1.0
-13.19662	1.70407	-18.29778	LAX_RV_EPICARDIAL	8	1.0	1.0
-14.72159	3.06252	-15.90680	LAX_RV_EPICARDIAL	8	1.0	1.0
-16.24655	4.42097	-13.51582	LAX_RV_EPICARDIAL	8	1.0	1.0
-18.05044	4.42098	-11.35800	LAX_RV_EPICARDIAL	8	1.0	1.0
-19.85432	4.42098	-9.20018	LAX_RV_EPICARDIAL	8	1.0	1.0
-21.65820	4.42098	-7.04237	LAX_RV_EPICARDIAL	8	1.0	1.0
-23.46208	4.42098	-4.88455	LAX_RV_EPICARDIAL	8	1.0	1.0
-25.54487	3.06253	-2.95989	LAX_RV_EPICARDIAL	8	1.0	1.0
-27.62767	1.70409	-1.03524	LAX_RV_EPICARDIAL	8	1.0	1.0
-29.71046	0.34564	0.88942	LAX_RV_EPICARDIAL	8	1.0	1.0
-32.07217	-2.37126	2.58091	LAX_RV_EPICARDIAL	8	1.0	1.0
-32.62999	-5.08815	2.11459	LAX_RV_EPICARDIAL	8	1.0	1.0
-34.08976	-7.80505	2.72717	LAX_RV_EPICARDIAL	8	1.0	1.0
-0.40284	28.87304	-22.26581	MITRAL_VALVE	8	1.0	1.0
15.57129	45.17441	-34.57259	MITRAL_VALVE	8	1.0	1.0
-12.35988	5.77942	-17.59829	AORTA_VALVE	8	1.0	1.0
-8.45510	24.79770	-14.33403	AORTA_VALVE	8	1.0	1.0
-69.13621	7.89217	-68.52604	LAX_RV_FREEWALL	7	1.0	2
-67.51491	6.29088	-70.69283	LAX_RV_FREEWALL	7	1.0	2
-65.89362	4.68958	-72.85962	LAX_RV_FREEWALL	7	1.0	2
-65.67210	3.08829	-75.16113	LAX_RV_FREEWALL	7	1.0	2
-64.05081	1.48700	-77.32791	LAX_RV_FREEWALL	7	1.0	2
-62.42952	-0.11429	-79.49470	LAX_RV_FREEWALL	7	1.0	2
-60.80822	-1.71558	-81.66148	LAX_RV_FREEWALL	7	1.0	2
-59.18693	-3.31687	-83.82827	LAX_RV_FREEWALL	7	1.0	2
-57.56563	-4.91817	-85.99506	LAX_RV_FREEWALL	7	1.0	2
-55.94434	-6.51946	-88.16184	LAX_RV_FREEWALL	7	1.0	2
-52.92326	-8.12075	-90.19391	LAX_RV_FREEWALL	7	1.0	2
-51.30197	-9.72204	-92.36069	LAX_RV_FREEWALL	7	1.0	2
-48.28089	-11.32333	-94.39275	LAX_RV_FREEWALL	7	1.0	2
-45.25982	-12.92462	-96.42481	LAX_RV_FREEWALL	7	1.0	2
-42.34950	-13.72527	-97.30612	LAX_RV_FREEWALL	7	1.0	2
-39.43918	-14.52592	-98.18743	LAX_RV_FREEWALL	7	1.0	2
-36.52886	-15.32656	-99.06873	LAX_RV_FREEWALL	7	1.0	2
-33.61854	-16.12721	-99.95004	LAX_RV_FREEWALL	7	1.0	2
-30.70822	-16.92786	-100.83135	LAX_RV_FREEWALL	7	1.0	2
-27.79790	-17.72850	-101.71265	LAX_RV_FREEWALL	7	1.0	2
-24.99834	-17.72850	-101.44320	LAX_RV_FREEWALL	7	1.0	2
-22.08802	-18.52915	-102.32451	LAX_RV_FREEWALL	7	1.0	2
-19.17770	-19.32980	-103.20581	LAX_RV_FREEWALL	7	1.0	2
-16.37814	-19.32980	-102.93637	LAX_RV_FREEWALL	7	1.0	2
-13.46782	-20.13044	-103.81767	LAX_RV_FREEWALL	7	1.0	2
-10.55750	-20.93109	-104.69898	LAX_RV_FREEWALL	7	1.0	2
-7.75794	-20.93109	-104.42953	LAX_RV_FREEWALL	7	1.0	2
-4.95838	-20.93109	-104.16008	LAX_RV_FREEWALL	7	1.0	2
-2.04806	-21.73174	-105.04139	LAX_RV_FREEWALL	7	1.0	2
0.75150	-21.73174	-104.77194	LAX_RV_FREEWALL	7	1.0	2
3.66182	-22.53239	-105.65324	LAX_RV_FREEWALL	7	1.0	2
6.46139	-22.53239	-105.38379	LAX_RV_FREEWALL	7	1.0	2
9.37171	-23.33303	-106.26510	LAX_RV_FREEWALL	7	1.0	2
12.28202	-24.13368	-107.14641	LAX_RV_FREEWALL	7	1.0	2
15.08159	-24.13368	-106.87696	LAX_RV_FREEWALL	7	1.0	2
17.77039	-23.33303	-105.45675	LAX_RV_FREEWALL	7	1.0	2
20.56996	-23.33304	-105.18730	LAX_RV_FREEWALL	7	1.0	2
23.14800	-21.73175	-102.61634	LAX_RV_FREEWALL	7	1.0	2
-69.35772	9.49346	-66.22453	LAX_RV_EPICARDIAL	7	1.0	2
-72.04652	8.69281	-67.64474	LAX_RV_EPICARDIAL	7	1.0	2
-71.82501	7.09152	-69.94625	LAX_RV_EPICARDIAL	7	1.0	2
-71.60350	5.49023	-72.24776	LAX_RV_EPICARDIAL	7	1.0	2
-69.98220	3.88894	-74.41454	LAX_RV_EPICARDIAL	7	1.0	2
-68.36091	2.28765	-76.58133	LAX_RV_EPICARDIAL	7	1.0	2
-66.73962	0.68636	-78.74812	LAX_RV_EPICARDIAL	7	1.0	2
-66.51810	-0.91493	-81.04963	LAX_RV_EPICARDIAL	7	1.0	2
-64.89681	-2.51623	-83.21641	LAX_RV_EPICARDIAL	7	1.0	2
-63.27551	-4.11752	-85.38320	LAX_RV_EPICARDIAL	7	1.0	2
-61.65422	-5.71881	-87.54999	LAX_RV_EPICARDIAL	7	1.0	2
-60.03293	-7.32010	-89.71677	LAX_RV_EPICARDIAL	7	1.0	2
-58.41163	-8.92139	-91.88356	LAX_RV_EPICARDIAL	7	1.0	2
-55.39056	-10.52268	-93.91562	LAX_RV_EPICARDIAL	7	1.0	2
-53.76926	-12.12398	-96.08241	LAX_RV_EPICARDIAL	7	1.0	2
-50.74819	-13.72527	-98.11447	LAX_RV_EPICARDIAL	7	1.0	2
-47.72711	-15.32656	-100.14653	LAX_RV_EPICARDIAL	7	1.0	2
-44.81679	-16.12721	-101.02784	LAX_RV_EPICARDIAL	7	1.0	2
-41.90647	-16.92785	-101.90914	LAX_RV_EPICARDIAL	7	1.0	2
-38.99615	-17.72850	-102.79045	LAX_RV_EPICARDIAL	7	1.0	2
-36.19659	-17.72850	-102.52100	LAX_RV_EPICARDIAL	7	1.0	2
-33.28627	-18.52915	-103.40231	LAX_RV_EPICARDIAL	7	1.0	2
-30.37595	-19.32979	-104.28361	LAX_RV_EPICARDIAL	7	1.0	2
-27.46563	-20.13044	-105.16492	LAX_RV_EPICARDIAL	7	1.0	2
-24.55531	-20.93109	-106.04622	LAX_RV_EPICARDIAL	7	1.0	2
-21.75575	-20.93109	-105.77678	LAX_RV_EPICARDIAL	7	1.0	2
-18.84543	-21.73173	-106.65808	LAX_RV_EPICARDIAL	7	1.0	2
-16.04587	-21.73173	-106.38863	LAX_RV_EPICARDIAL	7	1.0	2
-13.13555	-22.53238	-107.26994	LAX_RV_EPICARDIAL	7	1.0	2
-10.22523	-23.33303	-108.15124	LAX_RV_EPICARDIAL	7	1.0	2
-7.42567	-23.33303	-107.88179	LAX_RV_EPICARDIAL	7	1.0	2
-4.51535	-24.13367	-108.76310	LAX_RV_EPICARDIAL	7	1.0	2
-1.71579	-24.13368	-108.49365	LAX_RV_EPICARDIAL	7	1.0	2
1.08377	-24.13368	-108.22420	LAX_RV_EPICARDIAL	7	1.0	2
3.88334	-24.13368	-107.95475	LAX_RV_EPICARDIAL	7	1.0	2
6.79366	-24.93432	-108.83606	LAX_RV_EPICARDIAL	7	1.0	2
9.59322	-24.93432	-108.56661	LAX_RV_EPICARDIAL	7	1.0	2
12.39278	-24.93432	-108.29716	LAX_RV_EPICARDIAL	7	1.0	2
15.19234	-24.93433	-108.02771	LAX_RV_EPICARDIAL	7	1.0	2
17.99191	-24.93433	-107.75826	LAX_RV_EPICARDIAL	7	1.0	2
20.79147	-24.93433	-107.48881	LAX_RV_EPICARDIAL	7	1.0	2
23.48027	-24.13368	-106.06861	LAX_RV_EPICARDIAL	7	1.0	2
24.76930	-23.33304	-104.78313	LAX_RV_EPICARDIAL	7	1.0	2
21.52671	-20.13045	-100.44956	LAX_RV_SEPTUM	7	1.0	2
18.50564	-18.52916	-98.41749	LAX_RV_SEPTUM	7	1.0	2
15.59532	-17.72852	-97.53619	LAX_RV_SEPTUM	7	1.0	2
12.57424	-16.12722	-95.50413	LAX_RV_SEPTUM	7	1.0	2
9.55316	-14.52593	-93.47206	LAX_RV_SEPTUM	7	1.0	2
6.53209	-12.92464	-91.44000	LAX_RV_SEPTUM	7	1.0	2
4.91080	-11.32335	-89.27322	LAX_RV_SEPTUM	7	1.0	2
1.88972	-9.72206	-87.24115	LAX_RV_SEPTUM	7	1.0	2
-1.13136	-8.12076	-85.20909	LAX_RV_SEPTUM	7	1.0	2
-4.15243	-6.51947	-83.17703	LAX_RV_SEPTUM	7	1.0	2
-5.77373	-4.91818	-81.01025	LAX_RV_SEPTUM	7	1.0	2
-7.39502	-3.31689	-78.84346	LAX_RV_SEPTUM	7	1.0	2
-9.01631	-1.71560	-76.67667	LAX_RV_SEPTUM	7	1.0	2
-10.63761	-0.11430	-74.50989	LAX_RV_SEPTUM	7	1.0	2
-12.25890	1.48699	-72.34310	LAX_RV_SEPTUM	7	1.0	2
-13.88020	3.08828	-70.17631	LAX_RV_SEPTUM	7	1.0	2
-15.50149	4.68957	-68.00953	LAX_RV_SEPTUM	7	1.0	2
-18.52257	6.29086	-65.97747	LAX_RV_SEPTUM	7	1.0	2
-20.14386	7.89215	-63.81068	LAX_RV_SEPTUM	7	1.0	2
-21.76516	9.49345	-61.64389	LAX_RV_SEPTUM	7	1.0	2
-23.38645	11.09474	-59.47711	LAX_RV_SEPTUM	7	1.0	2
-25.00774	12.69603	-57.31032	LAX_RV_SEPTUM	7	1.0	2
-25.22926	14.29732	-55.00881	LAX_RV_SEPTUM	7	1.0	2
17.64083	38.31668	-16.04023	LAX_LV_EPICARDIAL	7	1.0	2
-22.58051	25.50636	-38.49406	LAX_LV_EPICARDIAL	7	1.0	2
-23.75877	23.90507	-40.93029	LAX_LV_EPICARDIAL	7	1.0	2
-24.93704	22.30378	-43.36653	LAX_LV_EPICARDIAL	7	1.0	2
-24.71553	20.70248	-45.66804	LAX_LV_EPICARDIAL	7	1.0	2
-25.89380	19.10119	-48.10428	LAX_LV_EPICARDIAL	7	1.0	2
-25.67228	17.49990	-50.40579	LAX_LV_EPICARDIAL	7	1.0	2
-25.45077	15.89861	-52.70730	LAX_LV_EPICARDIAL	7	1.0	2
25.83681	-20.93110	-101.19614	LAX_LV_EPICARDIAL	7	1.0	2
28.74713	-21.73175	-102.07744	LAX_LV_EPICARDIAL	7	1.0	2
31.54669	-21.73175	-101.80799	LAX_LV_EPICARDIAL	7	1.0	2
34.34625	-21.73175	-101.53854	LAX_LV_EPICARDIAL	7	1.0	2
37.14582	-21.73175	-101.26909	LAX_LV_EPICARDIAL	7	1.0	2
39.83462	-20.93110	-99.84889	LAX_LV_EPICARDIAL	7	1.0	2
42.52343	-20.13046	-98.42869	LAX_LV_EPICARDIAL	7	1.0	2
45.10148	-18.52917	-95.85773	LAX_LV_EPICARDIAL	7	1.0	2
47.67953	-16.92788	-93.28676	LAX_LV_EPICARDIAL	7	1.0	2
48.85780	-15.32659	-90.85053	LAX_LV_EPICARDIAL	7	1.0	2
50.03606	-13.72530	-88.41429	LAX_LV_EPICARDIAL	7	1.0	2
51.21433	-12.12401	-85.97806	LAX_LV_EPICARDIAL	7	1.0	2
52.39260	-10.52272	-83.54182	LAX_LV_EPICARDIAL	7	1.0	2
53.57087	-8.92142	-81.10559	LAX_LV_EPICARDIAL	7	1.0	2
54.74914	-7.32013	-78.66935	LAX_LV_EPICARDIAL	7	1.0	2
54.52762	-5.71884	-76.36784	LAX_LV_EPICARDIAL	7	1.0	2
55.70589	-4.11755	-73.93160	LAX_LV_EPICARDIAL	7	1.0	2
55.48438	-2.51626	-71.63009	LAX_LV_EPICARDIAL	7	1.0	2
56.66265	-0.91497	-69.19386	LAX_LV_EPICARDIAL	7	1.0	2
56.44113	0.68632	-66.89235	LAX_LV_EPICARDIAL	7	1.0	2
56.21962	2.28761	-64.59084	LAX_LV_EPICARDIAL	7	1.0	2
55.99811	3.88890	-62.28933	LAX_LV_EPICARDIAL	7	1.0	2
54.37681	5.49020	-60.12254	LAX_LV_EPICARDIAL	7	1.0	2
54.15530	7.09149	-57.82103	LAX_LV_EPICARDIAL	7	1.0	2
53.93379	8.69278	-55.51952	LAX_LV_EPICARDIAL	7	1.0	2
53.71227	10.29407	-53.21801	LAX_LV_EPICARDIAL	7	1.0	2
52.09098	11.89536	-51.05122	LAX_LV_EPICARDIAL	7	1.0	2
51.86947	13.49665	-48.74971	LAX_LV_EPICARDIAL	7	1.0	2
51.64795	15.09794	-46.44820	LAX_LV_EPICARDIAL	7	1.0	2
51.42644	16.69924	-44.14669	LAX_LV_EPICARDIAL	7	1.0	2
49.80515	18.30053	-41.97990	LAX_LV_EPICARDIAL	7	1.0	2
49.58363	19.90182	-39.67839	LAX_LV_EPICARDIAL	7	1.0	2
47.96234	21.50311	-37.51160	LAX_LV_EPICARDIAL	7	1.0	2
47.74083	23.10440	-35.21009	LAX_LV_EPICARDIAL	7	1.0	2
46.11953	24.70569	-33.04331	LAX_LV_EPICARDIAL	7	1.0	2
44.49824	26.30698	-30.87652	LAX_LV_EPICARDIAL	7	1.0	2
42.87694	27.90828	-28.70973	LAX_LV_EPICARDIAL	7	1.0	2
41.25565	29.50957	-26.54295	LAX_LV_EPICARDIAL	7	1.0	2
38.23457	31.11086	-24.51089	LAX_LV_EPICARDIAL	7	1.0	2
36.61328	32.71215	-22.34410	LAX_LV_EPICARDIAL	7	1.0	2
33.59220	34.31344	-20.31204	LAX_LV_EPICARDIAL	7	1.0	2
30.57113	35.91474	-18.27998	LAX_LV_EPICARDIAL	7	1.0	2
27.66081	36.71538	-17.39867	LAX_LV_EPICARDIAL	7	1.0	2
24.75049	37.51603	-16.51736	LAX_LV_EPICARDIAL	7	1.0	2
21.95093	37.51603	-16.78681	LAX_LV_EPICARDIAL	7	1.0	2
19.04061	38.31668	-15.90551	LAX_LV_EPICARDIAL	7	1.0	2
-21.06997	24.70571	-39.51009	LAX_LV_ENDOCARDIAL	7	1.0	2
-20.84845	23.10442	-41.81160	LAX_LV_ENDOCARDIAL	7	1.0	2
-20.62694	21.50313	-44.11311	LAX_LV_ENDOCARDIAL	7	1.0	2
-20.40543	19.90184	-46.41462	LAX_LV_ENDOCARDIAL	7	1.0	2
-20.18392	18.30055	-48.71613	LAX_LV_ENDOCARDIAL	7	1.0	2
-18.56262	16.69925	-50.88292	LAX_LV_ENDOCARDIAL	7	1.0	2
-18.34111	15.09796	-53.18443	LAX_LV_ENDOCARDIAL	7	1.0	2
-16.71981	13.49667	-55.35122	LAX_LV_ENDOCARDIAL	7	1.0	2
-13.69874	11.89538	-57.38328	LAX_LV_ENDOCARDIAL	7	1.0	2
-12.07744	10.29409	-59.55007	LAX_LV_ENDOCARDIAL	7	1.0	2
-9.05637	8.69280	-61.58213	LAX_LV_ENDOCARDIAL	7	1.0	2
-6.03529	7.09150	-63.61419	LAX_LV_ENDOCARDIAL	7	1.0	2
-4.41400	5.49021	-65.78097	LAX_LV_ENDOCARDIAL	7	1.0	2
-1.39292	3.88892	-67.81304	LAX_LV_ENDOCARDIAL	7	1.0	2
-1.17141	2.28763	-70.11455	LAX_LV_ENDOCARDIAL	7	1.0	2
0.44988	0.68634	-72.28133	LAX_LV_ENDOCARDIAL	7	1.0	2
2.07118	-0.91495	-74.44812	LAX_LV_ENDOCARDIAL	7	1.0	2
3.69247	-2.51625	-76.61491	LAX_LV_ENDOCARDIAL	7	1.0	2
6.71355	-4.11754	-78.64697	LAX_LV_ENDOCARDIAL	7	1.0	2
8.33484	-5.71883	-80.81375	LAX_LV_ENDOCARDIAL	7	1.0	2
9.95614	-7.32012	-82.98054	LAX_LV_ENDOCARDIAL	7	1.0	2
12.97721	-8.92141	-85.01260	LAX_LV_ENDOCARDIAL	7	1.0	2
15.99829	-10.52270	-87.04466	LAX_LV_ENDOCARDIAL	7	1.0	2
17.61958	-12.12400	-89.21145	LAX_LV_ENDOCARDIAL	7	1.0	2
20.64066	-13.72529	-91.24351	LAX_LV_ENDOCARDIAL	7	1.0	2
23.66173	-15.32658	-93.27557	LAX_LV_ENDOCARDIAL	7	1.0	2
26.68281	-16.92787	-95.30763	LAX_LV_ENDOCARDIAL	7	1.0	2
29.59313	-17.72852	-96.18894	LAX_LV_ENDOCARDIAL	7	1.0	2
32.61420	-19.32981	-98.22100	LAX_LV_ENDOCARDIAL	7	1.0	2
35.41377	-19.32981	-97.95155	LAX_LV_ENDOCARDIAL	7	1.0	2
38.21333	-19.32981	-97.68210	LAX_LV_ENDOCARDIAL	7	1.0	2
40.90214	-18.52917	-96.26190	LAX_LV_ENDOCARDIAL	7	1.0	2
42.08040	-16.92788	-93.82566	LAX_LV_ENDOCARDIAL	7	1.0	2
43.25867	-15.32659	-91.38943	LAX_LV_ENDOCARDIAL	7	1.0	2
44.43694	-13.72530	-88.95319	LAX_LV_ENDOCARDIAL	7	1.0	2
44.21543	-12.12400	-86.65168	LAX_LV_ENDOCARDIAL	7	1.0	2
45.39369	-10.52271	-84.21545	LAX_LV_ENDOCARDIAL	7	1.0	2
45.17218	-8.92142	-81.91393	LAX_LV_ENDOCARDIAL	7	1.0	2
46.35045	-7.32013	-79.47770	LAX_LV_ENDOCARDIAL	7	1.0	2
47.52872	-5.71884	-77.04146	LAX_LV_ENDOCARDIAL	7	1.0	2
47.30720	-4.11755	-74.73995	LAX_LV_ENDOCARDIAL	7	1.0	2
48.48547	-2.51626	-72.30372	LAX_LV_ENDOCARDIAL	7	1.0	2
48.26396	-0.91497	-70.00221	LAX_LV_ENDOCARDIAL	7	1.0	2
48.04245	0.68632	-67.70070	LAX_LV_ENDOCARDIAL	7	1.0	2
47.82093	2.28762	-65.39918	LAX_LV_ENDOCARDIAL	7	1.0	2
47.59942	3.88891	-63.09767	LAX_LV_ENDOCARDIAL	7	1.0	2
47.37791	5.49020	-60.79616	LAX_LV_ENDOCARDIAL	7	1.0	2
47.15639	7.09149	-58.49465	LAX_LV_ENDOCARDIAL	7	1.0	2
46.93488	8.69278	-56.19314	LAX_LV_ENDOCARDIAL	7	1.0	2
46.71337	10.29407	-53.89163	LAX_LV_ENDOCARDIAL	7	1.0	2
46.49186	11.89536	-51.59012	LAX_LV_ENDOCARDIAL	7	1.0	2
44.87056	13.49665	-49.42333	LAX_LV_ENDOCARDIAL	7	1.0	2
44.64905	15.09795	-47.12182	LAX_LV_ENDOCARDIAL	7	1.0	2
44.42754	16.69924	-44.82031	LAX_LV_ENDOCARDIAL	7	1.0	2
42.80624	18.30053	-42.65352	LAX_LV_ENDOCARDIAL	7	1.0	2
42.58473	19.90182	-40.35201	LAX_LV_ENDOCARDIAL	7	1.0	2
40.96343	21.50311	-38.18523	LAX_LV_ENDOCARDIAL	7	1.0	2
39.34214	23.10440	-36.01844	LAX_LV_ENDOCARDIAL	7	1.0	2
36.32106	24.70570	-33.98638	LAX_LV_ENDOCARDIAL	7	1.0	2
34.69977	26.30699	-31.81959	LAX_LV_ENDOCARDIAL	7	1.0	2
33.07847	27.90828	-29.65281	LAX_LV_ENDOCARDIAL	7	1.0	2
31.45718	29.50957	-27.48602	LAX_LV_ENDOCARDIAL	7	1.0	2
28.43611	31.11086	-25.45396	LAX_LV_ENDOCARDIAL	7	1.0	2
26.92557	31.91151	-24.43793	LAX_LV_ENDOCARDIAL	7	1.0	2
23.90449	33.51280	-22.40587	LAX_LV_ENDOCARDIAL	7	1.0	2
20.99417	34.31345	-21.52456	LAX_LV_ENDOCARDIAL	7	1.0	2
18.08385	35.11409	-20.64325	LAX_LV_ENDOCARDIAL	7	1.0	2
-69.35772	9.49346	-66.22453	LAX_RV_EPICARDIAL	7	1.0	2
-72.04652	8.69281	-67.64474	LAX_RV_EPICARDIAL	7	1.0	2
-71.82501	7.09152	-69.94625	LAX_RV_EPICARDIAL	7	1.0	2
-71.60350	5.49023	-72.24776	LAX_RV_EPICARDIAL	7	1.0	2
-69.98220	3.88894	-74.41454	LAX_RV_EPICARDIAL	7	1.0	2
-68.36091	2.28765	-76.58133	LAX_RV_EPICARDIAL	7	1.0	2
-66.73962	0.68636	-78.74812	LAX_RV_EPICARDIAL	7	1.0	2
-66.51810	-0.91493	-81.04963	LAX_RV_EPICARDIAL	7	1.0	2
-64.89681	-2.51623	-83.21641	LAX_RV_EPICARDIAL	7	1.0	2
-63.27551	-4.11752	-85.38320	LAX_RV_EPICARDIAL	7	1.0	2
-61.65422	-5.71881	-87.54999	LAX_RV_EPICARDIAL	7	1.0	2
-60.03293	-7.32010	-89.71677	LAX_RV_EPICARDIAL	7	1.0	2
-58.41163	-8.92139	-91.88356	LAX_RV_EPICARDIAL	7	1.0	2
-55.39056	-10.52268	-93.91562	LAX_RV_EPICARDIAL	7	1.0	2
-53.76926	-12.12398	-96.08241	LAX_RV_EPICARDIAL	7	1.0	2
-50.74819	-13.72527	-98.11447	LAX_RV_EPICARDIAL	7	1.0	2
-47.72711	-15.32656	-100.14653	LAX_RV_EPICARDIAL	7	1.0	2
-44.81679	-16.12721	-101.02784	LAX_RV_EPICARDIAL	7	1.0	2
-41.90647	-16.92785	-101.90914	LAX_RV_EPICARDIAL	7	1.0	2
-38.99615	-17.72850	-102.79045	LAX_RV_EPICARDIAL	7	1.0	2
-36.19659	-17.72850	-102.52100	LAX_RV_EPICARDIAL	7	1.0	2
-33.28627	-18.52915	-103.40231	LAX_RV_EPICARDIAL	7	1.0	2
-30.37595	-19.32979	-104.28361	LAX_RV_EPICARDIAL	7	1.0	2
-27.46563	-20.13044	-105.16492	LAX_RV_EPICARDIAL	7	1.0	2
-24.55531	-20.93109	-106.04622	LAX_RV_EPICARDIAL	7	1.0	2
-21.75575	-20.93109	-105.77678	LAX_RV_EPICARDIAL	7	1.0	2
-18.84543	-21.73173	-106.65808	LAX_RV_EPICARDIAL	7	1.0	2
-16.04587	-21.73173	-106.38863	LAX_RV_EPICARDIAL	7	1.0	2
-13.13555	-22.53238	-107.26994	LAX_RV_EPICARDIAL	7	1.0	2
-10.22523	-23.33303	-108.15124	LAX_RV_EPICARDIAL	7	1.0	2
-7.42567	-23.33303	-107.88179	LAX_RV_EPICARDIAL	7	1.0	2
-4.51535	-24.13367	-108.76310	LAX_RV_EPICARDIAL	7	1.0	2
-1.71579	-24.13368	-108.49365	LAX_RV_EPICARDIAL	7	1.0	2
1.08377	-24.13368	-108.22420	LAX_RV_EPICARDIAL	7	1.0	2
3.88334	-24.13368	-107.95475	LAX_RV_EPICARDIAL	7	1.0	2
6.79366	-24.93432	-108.83606	LAX_RV_EPICARDIAL	7	1.0	2
9.59322	-24.93432	-108.56661	LAX_RV_EPICARDIAL	7	1.0	2
12.39278	-24.93432	-108.29716	LAX_RV_EPICARDIAL	7	1.0	2
15.19234	-24.93433	-108.02771	LAX_RV_EPICARDIAL	7	1.0	2
17.99191	-24.93433	-107.75826	LAX_RV_EPICARDIAL	7	1.0	2
20.79147	-24.93433	-107.48881	LAX_RV_EPICARDIAL	7	1.0	2
23.48027	-24.13368	-106.06861	LAX_RV_EPICARDIAL	7	1.0	2
24.76930	-23.33304	-104.78313	LAX_RV_EPICARDIAL	7	1.0	2
13.66300	36.71539	-18.74592	MITRAL_VALVE	7	1.0	2
-20.00246	27.10765	-35.92310	MITRAL_VALVE	7	1.0	2
-70.86826	10.29410	-65.20850	TRICUSPID_VALVE	7	1.0	2
-28.13958	15.09797	-54.12750	TRICUSPID_VALVE	7	1.0	2
37.14582	-21.73175	-101.26909	APEX_POINT	7	1.0	2
-11.07446	-17.19611	-1.16789	LAX_RV_FREEWALL	11	1.0	2
-10.69615	-17.18623	-3.95481	LAX_RV_FREEWALL	11	1.0	2
-10.23242	-18.57999	-6.73512	LAX_RV_FREEWALL	11	1.0	2
-9.76869	-19.97375	-9.51542	LAX_RV_FREEWALL	11	1.0	2
-9.30497	-21.36751	-12.29572	LAX_RV_FREEWALL	11	1.0	2
-8.92665	-21.35763	-15.08265	LAX_RV_FREEWALL	11	1.0	2
-8.46293	-22.75139	-17.86295	LAX_RV_FREEWALL	11	1.0	2
-8.08461	-22.74151	-20.64987	LAX_RV_FREEWALL	11	1.0	2
-7.62089	-24.13527	-23.43018	LAX_RV_FREEWALL	11	1.0	2
-7.24257	-24.12539	-26.21710	LAX_RV_FREEWALL	11	1.0	2
-6.86426	-24.11551	-29.00402	LAX_RV_FREEWALL	11	1.0	2
-6.48595	-24.10563	-31.79095	LAX_RV_FREEWALL	11	1.0	2
-6.10764	-24.09576	-34.57787	LAX_RV_FREEWALL	11	1.0	2
-5.72932	-24.08588	-37.36479	LAX_RV_FREEWALL	11	1.0	2
-5.35101	-24.07600	-40.15172	LAX_RV_FREEWALL	11	1.0	2
-4.88728	-25.46976	-42.93202	LAX_RV_FREEWALL	11	1.0	2
-4.50897	-25.45988	-45.71894	LAX_RV_FREEWALL	11	1.0	2
-4.04524	-26.85364	-48.49925	LAX_RV_FREEWALL	11	1.0	2
-3.66693	-26.84376	-51.28617	LAX_RV_FREEWALL	11	1.0	2
-3.28862	-26.83388	-54.07309	LAX_RV_FREEWALL	11	1.0	2
-2.82489	-28.22764	-56.85340	LAX_RV_FREEWALL	11	1.0	2
-2.44658	-28.21776	-59.64032	LAX_RV_FREEWALL	11	1.0	2
-2.06827	-28.20788	-62.42724	LAX_RV_FREEWALL	11	1.0	2
-1.68995	-28.19801	-65.21417	LAX_RV_FREEWALL	11	1.0	2
-1.31164	-28.18813	-68.00109	LAX_RV_FREEWALL	11	1.0	2
-0.93333	-28.17825	-70.78801	LAX_RV_FREEWALL	11	1.0	2
-0.55502	-28.16837	-73.57494	LAX_RV_FREEWALL	11	1.0	2
-0.26212	-26.75485	-76.36848	LAX_RV_FREEWALL	11	1.0	2
0.11619	-26.74497	-79.15540	LAX_RV_FREEWALL	11	1.0	2
0.49450	-26.73509	-81.94232	LAX_RV_FREEWALL	11	1.0	2
0.87281	-26.72521	-84.72925	LAX_RV_FREEWALL	11	1.0	2
1.25113	-26.71534	-87.51617	LAX_RV_FREEWALL	11	1.0	2
1.62944	-26.70546	-90.30309	LAX_RV_FREEWALL	11	1.0	2
2.00775	-26.69558	-93.09002	LAX_RV_FREEWALL	11	1.0	2
2.38606	-26.68570	-95.87694	LAX_RV_FREEWALL	11	1.0	2
2.76438	-26.67582	-98.66386	LAX_RV_FREEWALL	11	1.0	2
3.05727	-25.26230	-101.45741	LAX_RV_FREEWALL	11	1.0	2
3.35017	-23.84879	-104.25095	LAX_RV_FREEWALL	11	1.0	2
3.64306	-22.43527	-107.04449	LAX_RV_FREEWALL	11	1.0	2
3.66139	-19.62305	-108.45119	LAX_RV_FREEWALL	11	1.0	2
3.49056	-16.81578	-108.46443	LAX_RV_FREEWALL	11	1.0	2
3.13057	-14.01344	-107.08421	LAX_RV_FREEWALL	11	1.0	2
2.77058	-11.21110	-105.70398	LAX_RV_FREEWALL	11	1.0	2
2.59975	-8.40382	-105.71722	LAX_RV_FREEWALL	11	1.0	2
2.05061	-5.60642	-102.94354	LAX_RV_FREEWALL	11	1.0	2
1.69062	-2.80409	-101.56332	LAX_RV_FREEWALL	11	1.0	2
1.14147	-0.00669	-98.78963	LAX_RV_FREEWALL	11	1.0	2
0.59233	2.79071	-96.01595	LAX_RV_FREEWALL	11	1.0	2
0.04319	5.58811	-93.24226	LAX_RV_FREEWALL	11	1.0	2
-0.42054	6.98187	-90.46196	LAX_RV_FREEWALL	11	1.0	2
-0.60970	6.97693	-89.06850	LAX_RV_FREEWALL	11	1.0	2
-0.62802	4.16471	-87.66180	LAX_RV_SEPTUM	11	1.0	2
-0.45719	1.35744	-87.64856	LAX_RV_SEPTUM	11	1.0	2
-0.47552	-1.45478	-86.24186	LAX_RV_SEPTUM	11	1.0	2
-0.49384	-4.26700	-84.83516	LAX_RV_SEPTUM	11	1.0	2
-0.51216	-7.07921	-83.42846	LAX_RV_SEPTUM	11	1.0	2
-0.71964	-9.89637	-80.62829	LAX_RV_SEPTUM	11	1.0	2
-0.92713	-12.71353	-77.82813	LAX_RV_SEPTUM	11	1.0	2
-1.30544	-12.72340	-75.04121	LAX_RV_SEPTUM	11	1.0	2
-1.59833	-14.13692	-72.24767	LAX_RV_SEPTUM	11	1.0	2
-1.97665	-14.14680	-69.46074	LAX_RV_SEPTUM	11	1.0	2
-2.26954	-15.56032	-66.66720	LAX_RV_SEPTUM	11	1.0	2
-2.64785	-15.57020	-63.88028	LAX_RV_SEPTUM	11	1.0	2
-3.02617	-15.58008	-61.09336	LAX_RV_SEPTUM	11	1.0	2
-3.40448	-15.58995	-58.30643	LAX_RV_SEPTUM	11	1.0	2
-3.78279	-15.59983	-55.51951	LAX_RV_SEPTUM	11	1.0	2
-4.16110	-15.60971	-52.73259	LAX_RV_SEPTUM	11	1.0	2
-4.62483	-14.21595	-49.95228	LAX_RV_SEPTUM	11	1.0	2
-5.00314	-14.22583	-47.16536	LAX_RV_SEPTUM	11	1.0	2
-5.46687	-12.83207	-44.38506	LAX_RV_SEPTUM	11	1.0	2
-5.84518	-12.84195	-41.59813	LAX_RV_SEPTUM	11	1.0	2
-6.30891	-11.44819	-38.81783	LAX_RV_SEPTUM	11	1.0	2
-6.77264	-10.05443	-36.03752	LAX_RV_SEPTUM	11	1.0	2
-7.23637	-8.66067	-33.25722	LAX_RV_SEPTUM	11	1.0	2
-7.70010	-7.26691	-30.47692	LAX_RV_SEPTUM	11	1.0	2
-8.16382	-5.87315	-27.69661	LAX_RV_SEPTUM	11	1.0	2
-8.62755	-4.47939	-24.91631	LAX_RV_SEPTUM	11	1.0	2
-9.09128	-3.08563	-22.13601	LAX_RV_SEPTUM	11	1.0	2
-9.55501	-1.69187	-19.35570	LAX_RV_SEPTUM	11	1.0	2
-10.01874	-0.29811	-16.57540	LAX_RV_SEPTUM	11	1.0	2
-10.48246	1.09565	-13.79509	LAX_RV_SEPTUM	11	1.0	2
-10.94619	2.48941	-11.01479	LAX_RV_SEPTUM	11	1.0	2
-11.36736	-18.60963	1.62565	LAX_RV_EPICARDIAL	11	1.0	2
-10.90363	-20.00339	-1.15465	LAX_RV_EPICARDIAL	11	1.0	2
-10.43990	-21.39715	-3.93495	LAX_RV_EPICARDIAL	11	1.0	2
-10.06159	-21.38727	-6.72188	LAX_RV_EPICARDIAL	11	1.0	2
-9.59786	-22.78103	-9.50218	LAX_RV_EPICARDIAL	11	1.0	2
-9.13413	-24.17479	-12.28248	LAX_RV_EPICARDIAL	11	1.0	2
-8.67041	-25.56855	-15.06279	LAX_RV_EPICARDIAL	11	1.0	2
-8.29209	-25.55867	-17.84971	LAX_RV_EPICARDIAL	11	1.0	2
-7.82837	-26.95243	-20.63002	LAX_RV_EPICARDIAL	11	1.0	2
-7.45005	-26.94255	-23.41694	LAX_RV_EPICARDIAL	11	1.0	2
-7.07174	-26.93267	-26.20386	LAX_RV_EPICARDIAL	11	1.0	2
-6.69343	-26.92279	-28.99078	LAX_RV_EPICARDIAL	11	1.0	2
-6.31512	-26.91291	-31.77771	LAX_RV_EPICARDIAL	11	1.0	2
-5.93680	-26.90303	-34.56463	LAX_RV_EPICARDIAL	11	1.0	2
-5.55849	-26.89315	-37.35155	LAX_RV_EPICARDIAL	11	1.0	2
-5.18018	-26.88328	-40.13848	LAX_RV_EPICARDIAL	11	1.0	2
-4.71645	-28.27704	-42.91878	LAX_RV_EPICARDIAL	11	1.0	2
-4.25272	-29.67080	-45.69908	LAX_RV_EPICARDIAL	11	1.0	2
-3.87441	-29.66092	-48.48601	LAX_RV_EPICARDIAL	11	1.0	2
-3.49610	-29.65104	-51.27293	LAX_RV_EPICARDIAL	11	1.0	2
-3.03237	-31.04480	-54.05323	LAX_RV_EPICARDIAL	11	1.0	2
-2.65406	-31.03492	-56.84016	LAX_RV_EPICARDIAL	11	1.0	2
-2.27575	-31.02504	-59.62708	LAX_RV_EPICARDIAL	11	1.0	2
-1.89744	-31.01516	-62.41400	LAX_RV_EPICARDIAL	11	1.0	2
-1.51912	-31.00528	-65.20093	LAX_RV_EPICARDIAL	11	1.0	2
-1.14081	-30.99540	-67.98785	LAX_RV_EPICARDIAL	11	1.0	2
-0.76250	-30.98552	-70.77477	LAX_RV_EPICARDIAL	11	1.0	2
-0.38419	-30.97565	-73.56170	LAX_RV_EPICARDIAL	11	1.0	2
-0.09129	-29.56213	-76.35524	LAX_RV_EPICARDIAL	11	1.0	2
0.28702	-29.55225	-79.14216	LAX_RV_EPICARDIAL	11	1.0	2
0.66533	-29.54237	-81.92909	LAX_RV_EPICARDIAL	11	1.0	2
1.04365	-29.53249	-84.71601	LAX_RV_EPICARDIAL	11	1.0	2
1.42196	-29.52261	-87.50293	LAX_RV_EPICARDIAL	11	1.0	2
1.80027	-29.51273	-90.28985	LAX_RV_EPICARDIAL	11	1.0	2
2.17858	-29.50286	-93.07678	LAX_RV_EPICARDIAL	11	1.0	2
2.64231	-30.89662	-95.85708	LAX_RV_EPICARDIAL	11	1.0	2
2.93521	-29.48310	-98.65062	LAX_RV_EPICARDIAL	11	1.0	2
3.31352	-29.47322	-101.43755	LAX_RV_EPICARDIAL	11	1.0	2
3.60642	-28.05970	-104.23109	LAX_RV_EPICARDIAL	11	1.0	2
3.89931	-26.64618	-107.02463	LAX_RV_EPICARDIAL	11	1.0	2
4.19221	-25.23267	-109.81817	LAX_RV_EPICARDIAL	11	1.0	2
4.21053	-22.42045	-111.22487	LAX_RV_EPICARDIAL	11	1.0	2
4.03970	-19.61317	-111.23811	LAX_RV_EPICARDIAL	11	1.0	2
3.86887	-16.80590	-111.25135	LAX_RV_EPICARDIAL	11	1.0	2
3.69804	-13.99862	-111.26459	LAX_RV_EPICARDIAL	11	1.0	2
3.52721	-11.19134	-111.27783	LAX_RV_EPICARDIAL	11	1.0	2
3.16722	-8.38900	-109.89761	LAX_RV_EPICARDIAL	11	1.0	2
2.80723	-5.58667	-108.51738	LAX_RV_EPICARDIAL	11	1.0	2
2.44724	-2.78433	-107.13716	LAX_RV_EPICARDIAL	11	1.0	2
1.89810	0.01307	-104.36348	LAX_RV_EPICARDIAL	11	1.0	2
1.34895	2.81047	-101.58979	LAX_RV_EPICARDIAL	11	1.0	2
0.79981	5.60787	-98.81611	LAX_RV_EPICARDIAL	11	1.0	2
0.25067	8.40527	-96.04242	LAX_RV_EPICARDIAL	11	1.0	2
-0.29848	11.20266	-93.26874	LAX_RV_EPICARDIAL	11	1.0	2
-0.57305	12.60136	-91.88190	LAX_RV_EPICARDIAL	11	1.0	2
-0.95136	12.59148	-89.09497	LAX_RV_EPICARDIAL	11	1.0	2
-0.59137	9.78915	-90.47520	LAX_RV_EPICARDIAL	11	1.0	2
-11.81276	-14.40365	2.99926	PULMONARY_VALVE	11	1.0	2
-11.32450	2.47953	-8.22787	PULMONARY_VALVE	11	1.0	2
