x	y	z	contour type	frameID	weight	time frame
-57.84332	-18.74446	-48.19721	SAX_RV_FREEWALL	2	1.0	15
-59.53988	-17.63969	-50.60321	SAX_RV_FREEWALL	2	1.0	15
-61.23645	-16.53493	-53.00922	SAX_RV_FREEWALL	2	1.0	15
-62.93302	-15.43016	-55.41522	SAX_RV_FREEWALL	2	1.0	15
-64.09846	-13.22063	-58.51038	SAX_RV_FREEWALL	2	1.0	15
-64.15007	-11.01109	-60.74711	SAX_RV_FREEWALL	2	1.0	15
-65.31551	-8.80156	-63.84227	SAX_RV_FREEWALL	2	1.0	15
-65.36712	-6.59202	-66.07901	SAX_RV_FREEWALL	2	1.0	15
-65.41872	-4.38249	-68.31574	SAX_RV_FREEWALL	2	1.0	15
-65.47032	-2.17295	-70.55248	SAX_RV_FREEWALL	2	1.0	15
-63.29423	0.03659	-71.07237	SAX_RV_FREEWALL	2	1.0	15
-61.11815	2.24612	-71.59226	SAX_RV_FREEWALL	2	1.0	15
-60.05591	4.45566	-72.97058	SAX_RV_FREEWALL	2	1.0	15
-57.87982	6.66520	-73.49047	SAX_RV_FREEWALL	2	1.0	15
-55.70373	8.87473	-74.01036	SAX_RV_FREEWALL	2	1.0	15
-53.52765	11.08427	-74.53025	SAX_RV_FREEWALL	2	1.0	15
-50.23772	13.29381	-74.19172	SAX_RV_FREEWALL	2	1.0	15
-46.94779	15.50335	-73.85318	SAX_RV_FREEWALL	2	1.0	15
-44.77170	17.71289	-74.37307	SAX_RV_FREEWALL	2	1.0	15
-42.01289	18.81766	-73.34538	SAX_RV_FREEWALL	2	1.0	15
-39.25408	19.92243	-72.31770	SAX_RV_FREEWALL	2	1.0	15
-36.49527	21.02720	-71.29001	SAX_RV_FREEWALL	2	1.0	15
-34.26758	21.02720	-69.57316	SAX_RV_FREEWALL	2	1.0	15
-32.03990	21.02720	-67.85632	SAX_RV_FREEWALL	2	1.0	15
-29.81221	21.02721	-66.13947	SAX_RV_FREEWALL	2	1.0	15
-27.58452	21.02721	-64.42262	SAX_RV_FREEWALL	2	1.0	15
-23.62376	-5.48721	-35.00652	SAX_RV_FREEWALL	2	1.0	15
-25.85145	-5.48722	-36.72337	SAX_RV_FREEWALL	2	1.0	15
-27.54801	-4.38245	-39.12937	SAX_RV_FREEWALL	2	1.0	15
-29.77570	-4.38245	-40.84621	SAX_RV_FREEWALL	2	1.0	15
-32.00339	-4.38245	-42.56306	SAX_RV_FREEWALL	2	1.0	15
-34.76220	-5.48722	-43.59075	SAX_RV_FREEWALL	2	1.0	15
-38.05213	-7.69676	-43.92928	SAX_RV_FREEWALL	2	1.0	15
-41.34206	-9.90630	-44.26781	SAX_RV_FREEWALL	2	1.0	15
-42.40430	-12.11584	-42.88950	SAX_RV_FREEWALL	2	1.0	15
-44.58039	-14.32538	-42.36961	SAX_RV_FREEWALL	2	1.0	15
-45.64263	-16.53491	-40.99130	SAX_RV_FREEWALL	2	1.0	15
-47.81872	-18.74445	-40.47141	SAX_RV_FREEWALL	2	1.0	15
-50.04641	-18.74445	-42.18825	SAX_RV_FREEWALL	2	1.0	15
-52.27409	-18.74446	-43.90510	SAX_RV_FREEWALL	2	1.0	15
-54.50178	-18.74446	-45.62194	SAX_RV_FREEWALL	2	1.0	15
-56.72947	-18.74446	-47.33879	SAX_RV_FREEWALL	2	1.0	15
-54.45018	-20.95399	-43.38521	SAX_RV_EPICARDIAL	2	1.0	15
-56.14675	-19.84923	-45.79121	SAX_RV_EPICARDIAL	2	1.0	15
-58.37444	-19.84923	-47.50805	SAX_RV_EPICARDIAL	2	1.0	15
-66.00144	-3.27772	-69.86332	SAX_RV_EPICARDIAL	2	1.0	15
-66.05304	-1.06819	-72.10006	SAX_RV_EPICARDIAL	2	1.0	15
-63.87696	1.14135	-72.61995	SAX_RV_EPICARDIAL	2	1.0	15
-62.81472	3.35089	-73.99826	SAX_RV_EPICARDIAL	2	1.0	15
-60.63863	5.56043	-74.51816	SAX_RV_EPICARDIAL	2	1.0	15
-58.46254	7.76996	-75.03805	SAX_RV_EPICARDIAL	2	1.0	15
-56.28646	9.97950	-75.55794	SAX_RV_EPICARDIAL	2	1.0	15
-54.11037	12.18904	-76.07783	SAX_RV_EPICARDIAL	2	1.0	15
-51.93428	14.39858	-76.59772	SAX_RV_EPICARDIAL	2	1.0	15
-48.64435	16.60812	-76.25919	SAX_RV_EPICARDIAL	2	1.0	15
-45.35442	18.81766	-75.92065	SAX_RV_EPICARDIAL	2	1.0	15
-42.59562	19.92243	-74.89296	SAX_RV_EPICARDIAL	2	1.0	15
-39.83681	21.02720	-73.86528	SAX_RV_EPICARDIAL	2	1.0	15
-37.07800	22.13197	-72.83759	SAX_RV_EPICARDIAL	2	1.0	15
-27.63612	23.23674	-66.65936	SAX_RV_EPICARDIAL	2	1.0	15
-25.40843	23.23675	-64.94252	SAX_RV_EPICARDIAL	2	1.0	15
-23.71187	22.13198	-62.53651	SAX_RV_EPICARDIAL	2	1.0	15
-24.77411	19.92244	-61.15820	SAX_RV_EPICARDIAL	2	1.0	15
-49.99480	-20.95399	-39.95151	SAX_RV_EPICARDIAL	2	1.0	15
-52.22249	-20.95399	-41.66836	SAX_RV_EPICARDIAL	2	1.0	15
-26.47068	21.02721	-63.56420	SAX_RV_EPICARDIAL	2	1.0	15
-24.24299	21.02721	-61.84736	SAX_RV_EPICARDIAL	2	1.0	15
-39.83681	21.02720	-73.86528	SAX_RV_EPICARDIAL	2	1.0	15
-37.60912	21.02720	-72.14843	SAX_RV_EPICARDIAL	2	1.0	15
-44.24058	18.81766	-75.06223	SAX_RV_EPICARDIAL	2	1.0	15
-42.01289	18.81766	-73.34538	SAX_RV_EPICARDIAL	2	1.0	15
-49.17548	15.50335	-75.57003	SAX_RV_EPICARDIAL	2	1.0	15
-46.94779	15.50335	-73.85318	SAX_RV_EPICARDIAL	2	1.0	15
-25.88795	19.92244	-62.01662	SAX_RV_SEPTUM	2	1.0	15
-25.30523	18.81767	-60.46904	SAX_RV_SEPTUM	2	1.0	15
-25.25363	16.60814	-58.23231	SAX_RV_SEPTUM	2	1.0	15
-25.20202	14.39860	-55.99557	SAX_RV_SEPTUM	2	1.0	15
-25.15042	12.18907	-53.75883	SAX_RV_SEPTUM	2	1.0	15
-25.09882	9.97953	-51.52210	SAX_RV_SEPTUM	2	1.0	15
-25.04722	7.77000	-49.28536	SAX_RV_SEPTUM	2	1.0	15
-23.88177	5.56046	-46.19020	SAX_RV_SEPTUM	2	1.0	15
-23.83017	3.35093	-43.95347	SAX_RV_SEPTUM	2	1.0	15
-23.77857	1.14139	-41.71673	SAX_RV_SEPTUM	2	1.0	15
-22.61312	-1.06814	-38.62157	SAX_RV_SEPTUM	2	1.0	15
-22.56152	-3.27768	-36.38483	SAX_RV_SEPTUM	2	1.0	15
-20.42194	24.34152	-62.19798	SAX_LV_EPICARDIAL	2	1.0	15
-19.35969	26.55106	-63.57629	SAX_LV_EPICARDIAL	2	1.0	15
-17.18361	28.76059	-64.09618	SAX_LV_EPICARDIAL	2	1.0	15
-16.12137	30.97013	-65.47450	SAX_LV_EPICARDIAL	2	1.0	15
-13.94528	33.17967	-65.99439	SAX_LV_EPICARDIAL	2	1.0	15
-11.76919	35.38920	-66.51428	SAX_LV_EPICARDIAL	2	1.0	15
-8.47926	37.59874	-66.17575	SAX_LV_EPICARDIAL	2	1.0	15
-5.18933	39.80828	-65.83722	SAX_LV_EPICARDIAL	2	1.0	15
-1.89940	42.01782	-65.49868	SAX_LV_EPICARDIAL	2	1.0	15
1.39053	44.22736	-65.16015	SAX_LV_EPICARDIAL	2	1.0	15
4.14934	45.33213	-64.13246	SAX_LV_EPICARDIAL	2	1.0	15
6.90815	46.43690	-63.10477	SAX_LV_EPICARDIAL	2	1.0	15
9.13584	46.43690	-61.38793	SAX_LV_EPICARDIAL	2	1.0	15
11.89464	47.54167	-60.36024	SAX_LV_EPICARDIAL	2	1.0	15
14.65345	48.64644	-59.33255	SAX_LV_EPICARDIAL	2	1.0	15
16.88114	48.64645	-57.61570	SAX_LV_EPICARDIAL	2	1.0	15
19.10883	48.64645	-55.89886	SAX_LV_EPICARDIAL	2	1.0	15
21.33652	48.64645	-54.18201	SAX_LV_EPICARDIAL	2	1.0	15
23.56421	48.64645	-52.46517	SAX_LV_EPICARDIAL	2	1.0	15
25.26078	47.54169	-50.05916	SAX_LV_EPICARDIAL	2	1.0	15
27.48846	47.54169	-48.34232	SAX_LV_EPICARDIAL	2	1.0	15
29.18503	46.43692	-45.93632	SAX_LV_EPICARDIAL	2	1.0	15
30.88160	45.33216	-43.53031	SAX_LV_EPICARDIAL	2	1.0	15
32.57817	44.22739	-41.12431	SAX_LV_EPICARDIAL	2	1.0	15
33.74361	42.01786	-38.02915	SAX_LV_EPICARDIAL	2	1.0	15
34.90906	39.80832	-34.93399	SAX_LV_EPICARDIAL	2	1.0	15
36.60563	38.70356	-32.52799	SAX_LV_EPICARDIAL	2	1.0	15
36.65723	36.49402	-30.29126	SAX_LV_EPICARDIAL	2	1.0	15
36.70883	34.28449	-28.05452	SAX_LV_EPICARDIAL	2	1.0	15
37.87428	32.07495	-24.95936	SAX_LV_EPICARDIAL	2	1.0	15
36.81204	29.86541	-23.58105	SAX_LV_EPICARDIAL	2	1.0	15
35.74979	27.65588	-22.20273	SAX_LV_EPICARDIAL	2	1.0	15
35.80140	25.44634	-19.96600	SAX_LV_EPICARDIAL	2	1.0	15
34.73915	23.23681	-18.58768	SAX_LV_EPICARDIAL	2	1.0	15
32.56307	21.02727	-18.06779	SAX_LV_EPICARDIAL	2	1.0	15
31.50083	18.81773	-16.68948	SAX_LV_EPICARDIAL	2	1.0	15
28.21090	16.60819	-17.02801	SAX_LV_EPICARDIAL	2	1.0	15
26.03481	14.39865	-16.50812	SAX_LV_EPICARDIAL	2	1.0	15
22.74488	12.18912	-16.84665	SAX_LV_EPICARDIAL	2	1.0	15
19.98607	11.08435	-17.87434	SAX_LV_EPICARDIAL	2	1.0	15
17.22726	9.97958	-18.90203	SAX_LV_EPICARDIAL	2	1.0	15
14.99957	9.97957	-20.61888	SAX_LV_EPICARDIAL	2	1.0	15
12.24076	8.87480	-21.64657	SAX_LV_EPICARDIAL	2	1.0	15
10.01308	8.87480	-23.36341	SAX_LV_EPICARDIAL	2	1.0	15
11.65804	9.97957	-23.19414	SAX_LV_EPICARDIAL	2	1.0	15
14.94797	12.18911	-22.85561	SAX_LV_EPICARDIAL	2	1.0	15
-19.37479	3.35093	-40.51977	SAX_LV_EPICARDIAL	2	1.0	15
-17.72983	4.45570	-40.35051	SAX_LV_ENDOCARDIAL	2	1.0	15
-17.78143	6.66524	-42.58724	SAX_LV_ENDOCARDIAL	2	1.0	15
-17.83303	8.87477	-44.82398	SAX_LV_ENDOCARDIAL	2	1.0	15
-17.88463	11.08431	-47.06072	SAX_LV_ENDOCARDIAL	2	1.0	15
-17.93624	13.29384	-49.29745	SAX_LV_ENDOCARDIAL	2	1.0	15
-17.98784	15.50338	-51.53419	SAX_LV_ENDOCARDIAL	2	1.0	15
-16.92560	17.71292	-52.91250	SAX_LV_ENDOCARDIAL	2	1.0	15
-16.97720	19.92245	-55.14924	SAX_LV_ENDOCARDIAL	2	1.0	15
-15.91496	22.13199	-56.52755	SAX_LV_ENDOCARDIAL	2	1.0	15
-14.85271	24.34152	-57.90587	SAX_LV_ENDOCARDIAL	2	1.0	15
-12.67663	26.55106	-58.42576	SAX_LV_ENDOCARDIAL	2	1.0	15
-11.61439	28.76060	-59.80407	SAX_LV_ENDOCARDIAL	2	1.0	15
-8.32446	30.97014	-59.46554	SAX_LV_ENDOCARDIAL	2	1.0	15
-6.14837	33.17967	-59.98543	SAX_LV_ENDOCARDIAL	2	1.0	15
-2.85844	35.38921	-59.64690	SAX_LV_ENDOCARDIAL	2	1.0	15
-0.09963	36.49398	-58.61921	SAX_LV_ENDOCARDIAL	2	1.0	15
2.65918	37.59875	-57.59152	SAX_LV_ENDOCARDIAL	2	1.0	15
5.94911	39.80829	-57.25299	SAX_LV_ENDOCARDIAL	2	1.0	15
8.70792	40.91306	-56.22530	SAX_LV_ENDOCARDIAL	2	1.0	15
11.46673	42.01783	-55.19761	SAX_LV_ENDOCARDIAL	2	1.0	15
13.69442	42.01784	-53.48076	SAX_LV_ENDOCARDIAL	2	1.0	15
15.92211	42.01784	-51.76392	SAX_LV_ENDOCARDIAL	2	1.0	15
18.14979	42.01784	-50.04707	SAX_LV_ENDOCARDIAL	2	1.0	15
20.37748	42.01784	-48.33023	SAX_LV_ENDOCARDIAL	2	1.0	15
22.07405	40.91308	-45.92422	SAX_LV_ENDOCARDIAL	2	1.0	15
23.77062	39.80831	-43.51822	SAX_LV_ENDOCARDIAL	2	1.0	15
25.46718	38.70355	-41.11222	SAX_LV_ENDOCARDIAL	2	1.0	15
27.16375	37.59878	-38.70622	SAX_LV_ENDOCARDIAL	2	1.0	15
28.32920	35.38924	-35.61106	SAX_LV_ENDOCARDIAL	2	1.0	15
29.49465	33.17971	-32.51590	SAX_LV_ENDOCARDIAL	2	1.0	15
30.66009	30.97018	-29.42074	SAX_LV_ENDOCARDIAL	2	1.0	15
31.82554	28.76064	-26.32558	SAX_LV_ENDOCARDIAL	2	1.0	15
30.76330	26.55110	-24.94727	SAX_LV_ENDOCARDIAL	2	1.0	15
30.81490	24.34157	-22.71053	SAX_LV_ENDOCARDIAL	2	1.0	15
28.63881	22.13203	-22.19064	SAX_LV_ENDOCARDIAL	2	1.0	15
25.34888	19.92249	-22.52917	SAX_LV_ENDOCARDIAL	2	1.0	15
22.05895	17.71295	-22.86770	SAX_LV_ENDOCARDIAL	2	1.0	15
18.76902	15.50342	-23.20624	SAX_LV_ENDOCARDIAL	2	1.0	15
16.01021	14.39865	-24.23393	SAX_LV_ENDOCARDIAL	2	1.0	15
13.25140	13.29387	-25.26161	SAX_LV_ENDOCARDIAL	2	1.0	15
10.49259	12.18910	-26.28930	SAX_LV_ENDOCARDIAL	2	1.0	15
8.79603	13.29387	-28.69531	SAX_LV_ENDOCARDIAL	2	1.0	15
6.56834	13.29387	-30.41215	SAX_LV_ENDOCARDIAL	2	1.0	15
4.34065	13.29387	-32.12900	SAX_LV_ENDOCARDIAL	2	1.0	15
1.58184	12.18910	-33.15669	SAX_LV_ENDOCARDIAL	2	1.0	15
-0.64585	12.18909	-34.87353	SAX_LV_ENDOCARDIAL	2	1.0	15
-3.93578	9.97955	-35.21206	SAX_LV_ENDOCARDIAL	2	1.0	15
-7.22571	7.77002	-35.55060	SAX_LV_ENDOCARDIAL	2	1.0	15
-6.06026	5.56048	-32.45544	SAX_LV_ENDOCARDIAL	2	1.0	15
-7.70523	4.45571	-32.62470	SAX_LV_ENDOCARDIAL	2	1.0	15
-9.93292	4.45571	-34.34155	SAX_LV_ENDOCARDIAL	2	1.0	15
-11.62948	5.56048	-36.74755	SAX_LV_ENDOCARDIAL	2	1.0	15
-14.38829	4.45571	-37.77524	SAX_LV_ENDOCARDIAL	2	1.0	15
-16.61598	4.45570	-39.49209	SAX_LV_ENDOCARDIAL	2	1.0	15
-25.88795	19.92244	-62.01662	RV_INSERT	2	1.0	15
-23.62376	-5.48721	-35.00652	RV_INSERT	2	1.0	15
-37.68475	-28.59118	-51.31614	SAX_RV_FREEWALL	3	1.0	15
-39.38132	-27.48642	-53.72214	SAX_RV_FREEWALL	3	1.0	15
-41.60901	-27.48642	-55.43899	SAX_RV_FREEWALL	3	1.0	15
-43.83670	-27.48642	-57.15583	SAX_RV_FREEWALL	3	1.0	15
-46.06438	-27.48642	-58.87268	SAX_RV_FREEWALL	3	1.0	15
-47.76095	-26.38166	-61.27868	SAX_RV_FREEWALL	3	1.0	15
-49.98864	-26.38166	-62.99553	SAX_RV_FREEWALL	3	1.0	15
-51.68521	-25.27689	-65.40153	SAX_RV_FREEWALL	3	1.0	15
-53.38178	-24.17213	-67.80753	SAX_RV_FREEWALL	3	1.0	15
-54.54722	-21.96259	-70.90269	SAX_RV_FREEWALL	3	1.0	15
-56.24379	-20.85783	-73.30869	SAX_RV_FREEWALL	3	1.0	15
-57.40924	-18.64829	-76.40385	SAX_RV_FREEWALL	3	1.0	15
-58.57468	-16.43876	-79.49901	SAX_RV_FREEWALL	3	1.0	15
-58.62629	-14.22922	-81.73575	SAX_RV_FREEWALL	3	1.0	15
-57.56404	-12.01969	-83.11406	SAX_RV_FREEWALL	3	1.0	15
-55.38796	-9.81015	-83.63395	SAX_RV_FREEWALL	3	1.0	15
-53.21187	-7.60061	-84.15384	SAX_RV_FREEWALL	3	1.0	15
-51.03579	-5.39107	-84.67373	SAX_RV_FREEWALL	3	1.0	15
-47.74585	-3.18153	-84.33520	SAX_RV_FREEWALL	3	1.0	15
-44.45592	-0.97199	-83.99667	SAX_RV_FREEWALL	3	1.0	15
-41.16599	1.23754	-83.65814	SAX_RV_FREEWALL	3	1.0	15
-37.87606	3.44708	-83.31960	SAX_RV_FREEWALL	3	1.0	15
-34.58613	5.65662	-82.98107	SAX_RV_FREEWALL	3	1.0	15
-31.29620	7.86616	-82.64254	SAX_RV_FREEWALL	3	1.0	15
-28.00627	10.07570	-82.30401	SAX_RV_FREEWALL	3	1.0	15
-25.24746	11.18047	-81.27632	SAX_RV_FREEWALL	3	1.0	15
-22.48865	12.28524	-80.24863	SAX_RV_FREEWALL	3	1.0	15
-19.72984	13.39001	-79.22094	SAX_RV_FREEWALL	3	1.0	15
-16.97104	14.49478	-78.19325	SAX_RV_FREEWALL	3	1.0	15
2.15563	-17.54346	-31.59660	SAX_RV_FREEWALL	3	1.0	15
-0.60318	-18.64823	-32.62429	SAX_RV_FREEWALL	3	1.0	15
-3.36199	-19.75301	-33.65198	SAX_RV_FREEWALL	3	1.0	15
-6.65192	-21.96254	-33.99051	SAX_RV_FREEWALL	3	1.0	15
-9.94185	-24.17208	-34.32904	SAX_RV_FREEWALL	3	1.0	15
-12.70066	-25.27685	-35.35673	SAX_RV_FREEWALL	3	1.0	15
-15.45947	-26.38162	-36.38442	SAX_RV_FREEWALL	3	1.0	15
-17.68716	-26.38163	-38.10126	SAX_RV_FREEWALL	3	1.0	15
-20.44597	-27.48640	-39.12895	SAX_RV_FREEWALL	3	1.0	15
-22.67366	-27.48640	-40.84580	SAX_RV_FREEWALL	3	1.0	15
-25.43247	-28.59117	-41.87349	SAX_RV_FREEWALL	3	1.0	15
-27.66015	-28.59117	-43.59033	SAX_RV_FREEWALL	3	1.0	15
-29.88784	-28.59117	-45.30718	SAX_RV_FREEWALL	3	1.0	15
-32.11553	-28.59118	-47.02403	SAX_RV_FREEWALL	3	1.0	15
-34.34322	-28.59118	-48.74087	SAX_RV_FREEWALL	3	1.0	15
-36.57091	-28.59118	-50.45772	SAX_RV_FREEWALL	3	1.0	15
-38.16427	-31.90549	-48.39025	SAX_RV_EPICARDIAL	3	1.0	15
-39.86084	-30.80072	-50.79625	SAX_RV_EPICARDIAL	3	1.0	15
-42.08853	-30.80072	-52.51309	SAX_RV_EPICARDIAL	3	1.0	15
-44.31622	-30.80072	-54.22994	SAX_RV_EPICARDIAL	3	1.0	15
-46.54390	-30.80073	-55.94679	SAX_RV_EPICARDIAL	3	1.0	15
-48.77159	-30.80073	-57.66363	SAX_RV_EPICARDIAL	3	1.0	15
-50.46816	-29.69596	-60.06963	SAX_RV_EPICARDIAL	3	1.0	15
-52.69585	-29.69596	-61.78648	SAX_RV_EPICARDIAL	3	1.0	15
-54.39242	-28.59120	-64.19248	SAX_RV_EPICARDIAL	3	1.0	15
-56.08898	-27.48643	-66.59848	SAX_RV_EPICARDIAL	3	1.0	15
-57.25443	-25.27690	-69.69364	SAX_RV_EPICARDIAL	3	1.0	15
-58.41988	-23.06736	-72.78880	SAX_RV_EPICARDIAL	3	1.0	15
-60.11644	-21.96260	-75.19480	SAX_RV_EPICARDIAL	3	1.0	15
-61.28189	-19.75306	-78.28996	SAX_RV_EPICARDIAL	3	1.0	15
-61.33349	-17.54353	-80.52670	SAX_RV_EPICARDIAL	3	1.0	15
-61.38509	-15.33399	-82.76344	SAX_RV_EPICARDIAL	3	1.0	15
-60.32285	-13.12446	-84.14175	SAX_RV_EPICARDIAL	3	1.0	15
-59.26061	-10.91492	-85.52006	SAX_RV_EPICARDIAL	3	1.0	15
-57.08452	-8.70538	-86.03995	SAX_RV_EPICARDIAL	3	1.0	15
-54.90844	-6.49584	-86.55984	SAX_RV_EPICARDIAL	3	1.0	15
-52.73235	-4.28631	-87.07973	SAX_RV_EPICARDIAL	3	1.0	15
-49.44242	-2.07677	-86.74120	SAX_RV_EPICARDIAL	3	1.0	15
-47.26634	0.13277	-87.26109	SAX_RV_EPICARDIAL	3	1.0	15
-43.97641	2.34231	-86.92256	SAX_RV_EPICARDIAL	3	1.0	15
-41.21760	3.44708	-85.89487	SAX_RV_EPICARDIAL	3	1.0	15
-37.92767	5.65662	-85.55634	SAX_RV_EPICARDIAL	3	1.0	15
-34.63774	7.86616	-85.21781	SAX_RV_EPICARDIAL	3	1.0	15
-31.34781	10.07570	-84.87928	SAX_RV_EPICARDIAL	3	1.0	15
-28.05788	12.28523	-84.54074	SAX_RV_EPICARDIAL	3	1.0	15
-25.29907	13.39001	-83.51305	SAX_RV_EPICARDIAL	3	1.0	15
-22.54026	14.49478	-82.48537	SAX_RV_EPICARDIAL	3	1.0	15
-19.78145	15.59955	-81.45768	SAX_RV_EPICARDIAL	3	1.0	15
-17.02264	16.70432	-80.42999	SAX_RV_EPICARDIAL	3	1.0	15
-14.26383	17.80909	-79.40230	SAX_RV_EPICARDIAL	3	1.0	15
-14.16062	13.39002	-74.92883	SAX_RV_EPICARDIAL	3	1.0	15
8.78709	-15.33392	-28.68280	SAX_RV_EPICARDIAL	3	1.0	15
7.72485	-17.54346	-27.30449	SAX_RV_EPICARDIAL	3	1.0	15
4.96604	-18.64823	-28.33217	SAX_RV_EPICARDIAL	3	1.0	15
2.20723	-19.75300	-29.35986	SAX_RV_EPICARDIAL	3	1.0	15
-0.55158	-20.85777	-30.38755	SAX_RV_EPICARDIAL	3	1.0	15
-3.84151	-23.06731	-30.72608	SAX_RV_EPICARDIAL	3	1.0	15
-6.01760	-25.27685	-30.20619	SAX_RV_EPICARDIAL	3	1.0	15
-8.77640	-26.38162	-31.23388	SAX_RV_EPICARDIAL	3	1.0	15
-11.53521	-27.48639	-32.26157	SAX_RV_EPICARDIAL	3	1.0	15
-14.29402	-28.59116	-33.28926	SAX_RV_EPICARDIAL	3	1.0	15
-17.05283	-29.69593	-34.31695	SAX_RV_EPICARDIAL	3	1.0	15
-19.81164	-30.80070	-35.34464	SAX_RV_EPICARDIAL	3	1.0	15
-22.03933	-30.80070	-37.06148	SAX_RV_EPICARDIAL	3	1.0	15
-24.26702	-30.80070	-38.77833	SAX_RV_EPICARDIAL	3	1.0	15
-27.02583	-31.90547	-39.80602	SAX_RV_EPICARDIAL	3	1.0	15
-29.25352	-31.90548	-41.52286	SAX_RV_EPICARDIAL	3	1.0	15
-31.48121	-31.90548	-43.23971	SAX_RV_EPICARDIAL	3	1.0	15
-33.70889	-31.90548	-44.95656	SAX_RV_EPICARDIAL	3	1.0	15
-35.93658	-31.90548	-46.67340	SAX_RV_EPICARDIAL	3	1.0	15
-15.27447	13.39002	-75.78725	SAX_RV_SEPTUM	3	1.0	15
-14.69174	12.28525	-74.23967	SAX_RV_SEPTUM	3	1.0	15
-15.75399	10.07571	-72.86136	SAX_RV_SEPTUM	3	1.0	15
-15.70238	7.86618	-70.62462	SAX_RV_SEPTUM	3	1.0	15
-15.65078	5.65664	-68.38788	SAX_RV_SEPTUM	3	1.0	15
-15.59918	3.44711	-66.15115	SAX_RV_SEPTUM	3	1.0	15
-15.54758	1.23757	-63.91441	SAX_RV_SEPTUM	3	1.0	15
-15.49597	-0.97197	-61.67767	SAX_RV_SEPTUM	3	1.0	15
-14.33053	-3.18150	-58.58252	SAX_RV_SEPTUM	3	1.0	15
-14.27893	-5.39104	-56.34578	SAX_RV_SEPTUM	3	1.0	15
-13.11348	-7.60057	-53.25062	SAX_RV_SEPTUM	3	1.0	15
-11.94803	-9.81010	-50.15546	SAX_RV_SEPTUM	3	1.0	15
-10.25147	-10.91487	-47.74946	SAX_RV_SEPTUM	3	1.0	15
-8.55490	-12.01964	-45.34346	SAX_RV_SEPTUM	3	1.0	15
-6.85833	-13.12440	-42.93745	SAX_RV_SEPTUM	3	1.0	15
-5.16176	-14.22917	-40.53145	SAX_RV_SEPTUM	3	1.0	15
-2.93407	-14.22917	-38.81461	SAX_RV_SEPTUM	3	1.0	15
-0.70639	-14.22916	-37.09776	SAX_RV_SEPTUM	3	1.0	15
0.99018	-15.33393	-34.69176	SAX_RV_SEPTUM	3	1.0	15
3.21787	-15.33393	-32.97491	SAX_RV_SEPTUM	3	1.0	15
5.44556	-15.33393	-31.25807	SAX_RV_SEPTUM	3	1.0	15
7.67325	-15.33392	-29.54122	SAX_RV_SEPTUM	3	1.0	15
7.67325	-15.33392	-29.54122	SAX_RV_SEPTUM	3	1.0	15
4.91444	-16.43869	-30.56891	SAX_RV_SEPTUM	3	1.0	15
-11.45342	16.70432	-76.13787	SAX_LV_EPICARDIAL	3	1.0	15
-10.39117	18.91386	-77.51619	SAX_LV_EPICARDIAL	3	1.0	15
-8.21509	21.12340	-78.03608	SAX_LV_EPICARDIAL	3	1.0	15
-6.03900	23.33293	-78.55597	SAX_LV_EPICARDIAL	3	1.0	15
-3.86292	25.54247	-79.07586	SAX_LV_EPICARDIAL	3	1.0	15
-1.68683	27.75201	-79.59575	SAX_LV_EPICARDIAL	3	1.0	15
1.60310	29.96155	-79.25722	SAX_LV_EPICARDIAL	3	1.0	15
4.89303	32.17109	-78.91869	SAX_LV_EPICARDIAL	3	1.0	15
7.65184	33.27586	-77.89100	SAX_LV_EPICARDIAL	3	1.0	15
10.94177	35.48540	-77.55246	SAX_LV_EPICARDIAL	3	1.0	15
13.70058	36.59017	-76.52478	SAX_LV_EPICARDIAL	3	1.0	15
16.45939	37.69494	-75.49709	SAX_LV_EPICARDIAL	3	1.0	15
19.21820	38.79971	-74.46940	SAX_LV_EPICARDIAL	3	1.0	15
21.97701	39.90448	-73.44171	SAX_LV_EPICARDIAL	3	1.0	15
24.20470	39.90448	-71.72486	SAX_LV_EPICARDIAL	3	1.0	15
26.96351	41.00925	-70.69717	SAX_LV_EPICARDIAL	3	1.0	15
29.19119	41.00925	-68.98033	SAX_LV_EPICARDIAL	3	1.0	15
31.41888	41.00926	-67.26348	SAX_LV_EPICARDIAL	3	1.0	15
33.64657	41.00926	-65.54664	SAX_LV_EPICARDIAL	3	1.0	15
35.87426	41.00926	-63.82979	SAX_LV_EPICARDIAL	3	1.0	15
37.57083	39.90449	-61.42379	SAX_LV_EPICARDIAL	3	1.0	15
39.79851	39.90450	-59.70694	SAX_LV_EPICARDIAL	3	1.0	15
41.49508	38.79973	-57.30094	SAX_LV_EPICARDIAL	3	1.0	15
43.19165	37.69496	-54.89494	SAX_LV_EPICARDIAL	3	1.0	15
44.88822	36.59020	-52.48894	SAX_LV_EPICARDIAL	3	1.0	15
46.58478	35.48543	-50.08293	SAX_LV_EPICARDIAL	3	1.0	15
47.75023	33.27590	-46.98777	SAX_LV_EPICARDIAL	3	1.0	15
48.91568	31.06636	-43.89262	SAX_LV_EPICARDIAL	3	1.0	15
50.08112	28.85683	-40.79746	SAX_LV_EPICARDIAL	3	1.0	15
50.13273	26.64729	-38.56072	SAX_LV_EPICARDIAL	3	1.0	15
50.18433	24.43776	-36.32398	SAX_LV_EPICARDIAL	3	1.0	15
50.23593	22.22822	-34.08725	SAX_LV_EPICARDIAL	3	1.0	15
50.28753	20.01869	-31.85051	SAX_LV_EPICARDIAL	3	1.0	15
49.22529	17.80915	-30.47220	SAX_LV_EPICARDIAL	3	1.0	15
49.27689	15.59961	-28.23546	SAX_LV_EPICARDIAL	3	1.0	15
48.21465	13.39008	-26.85715	SAX_LV_EPICARDIAL	3	1.0	15
47.15241	11.18054	-25.47884	SAX_LV_EPICARDIAL	3	1.0	15
46.09017	8.97101	-24.10052	SAX_LV_EPICARDIAL	3	1.0	15
43.91408	6.76147	-23.58063	SAX_LV_EPICARDIAL	3	1.0	15
42.85184	4.55193	-22.20232	SAX_LV_EPICARDIAL	3	1.0	15
40.67575	2.34239	-21.68243	SAX_LV_EPICARDIAL	3	1.0	15
38.49967	0.13286	-21.16254	SAX_LV_EPICARDIAL	3	1.0	15
36.32358	-2.07668	-20.64265	SAX_LV_EPICARDIAL	3	1.0	15
33.03365	-4.28622	-20.98118	SAX_LV_EPICARDIAL	3	1.0	15
30.85757	-6.49576	-20.46129	SAX_LV_EPICARDIAL	3	1.0	15
28.09876	-7.60053	-21.48898	SAX_LV_EPICARDIAL	3	1.0	15
24.80883	-9.81007	-21.82751	SAX_LV_EPICARDIAL	3	1.0	15
22.05002	-10.91484	-22.85520	SAX_LV_EPICARDIAL	3	1.0	15
19.29121	-12.01961	-23.88289	SAX_LV_EPICARDIAL	3	1.0	15
16.53240	-13.12438	-24.91058	SAX_LV_EPICARDIAL	3	1.0	15
14.30471	-13.12438	-26.62742	SAX_LV_EPICARDIAL	3	1.0	15
11.54590	-14.22915	-27.65511	SAX_LV_EPICARDIAL	3	1.0	15
10.80837	-6.49578	-35.91290	SAX_LV_ENDOCARDIAL	3	1.0	15
9.11180	-5.39101	-38.31890	SAX_LV_ENDOCARDIAL	3	1.0	15
6.88411	-5.39101	-40.03575	SAX_LV_ENDOCARDIAL	3	1.0	15
5.18755	-4.28625	-42.44175	SAX_LV_ENDOCARDIAL	3	1.0	15
2.95986	-4.28625	-44.15859	SAX_LV_ENDOCARDIAL	3	1.0	15
1.26329	-3.18148	-46.56460	SAX_LV_ENDOCARDIAL	3	1.0	15
-0.43328	-2.07672	-48.97060	SAX_LV_ENDOCARDIAL	3	1.0	15
-1.59872	0.13282	-52.06576	SAX_LV_ENDOCARDIAL	3	1.0	15
-3.29529	1.23758	-54.47176	SAX_LV_ENDOCARDIAL	3	1.0	15
-4.46074	3.44712	-57.56692	SAX_LV_ENDOCARDIAL	3	1.0	15
-4.51234	5.65665	-59.80366	SAX_LV_ENDOCARDIAL	3	1.0	15
-5.67779	7.86619	-62.89881	SAX_LV_ENDOCARDIAL	3	1.0	15
-5.72939	10.07572	-65.13555	SAX_LV_ENDOCARDIAL	3	1.0	15
-5.78099	12.28526	-67.37229	SAX_LV_ENDOCARDIAL	3	1.0	15
-4.71875	14.49479	-68.75060	SAX_LV_ENDOCARDIAL	3	1.0	15
-3.65651	16.70433	-70.12891	SAX_LV_ENDOCARDIAL	3	1.0	15
-1.48042	18.91387	-70.64880	SAX_LV_ENDOCARDIAL	3	1.0	15
0.69567	21.12341	-71.16870	SAX_LV_ENDOCARDIAL	3	1.0	15
2.87175	23.33294	-71.68859	SAX_LV_ENDOCARDIAL	3	1.0	15
5.04784	25.54248	-72.20848	SAX_LV_ENDOCARDIAL	3	1.0	15
8.33777	27.75202	-71.86994	SAX_LV_ENDOCARDIAL	3	1.0	15
11.62770	29.96156	-71.53141	SAX_LV_ENDOCARDIAL	3	1.0	15
14.38651	31.06633	-70.50372	SAX_LV_ENDOCARDIAL	3	1.0	15
17.14532	32.17110	-69.47603	SAX_LV_ENDOCARDIAL	3	1.0	15
19.90413	33.27587	-68.44835	SAX_LV_ENDOCARDIAL	3	1.0	15
22.13181	33.27587	-66.73150	SAX_LV_ENDOCARDIAL	3	1.0	15
24.35950	33.27587	-65.01465	SAX_LV_ENDOCARDIAL	3	1.0	15
27.11831	34.38064	-63.98697	SAX_LV_ENDOCARDIAL	3	1.0	15
29.34600	34.38065	-62.27012	SAX_LV_ENDOCARDIAL	3	1.0	15
31.57369	34.38065	-60.55327	SAX_LV_ENDOCARDIAL	3	1.0	15
33.80138	34.38065	-58.83643	SAX_LV_ENDOCARDIAL	3	1.0	15
36.02907	34.38065	-57.11958	SAX_LV_ENDOCARDIAL	3	1.0	15
37.72563	33.27589	-54.71358	SAX_LV_ENDOCARDIAL	3	1.0	15
39.42220	32.17112	-52.30758	SAX_LV_ENDOCARDIAL	3	1.0	15
41.11877	31.06636	-49.90158	SAX_LV_ENDOCARDIAL	3	1.0	15
42.28422	28.85682	-46.80642	SAX_LV_ENDOCARDIAL	3	1.0	15
43.44966	26.64729	-43.71126	SAX_LV_ENDOCARDIAL	3	1.0	15
43.50126	24.43775	-41.47452	SAX_LV_ENDOCARDIAL	3	1.0	15
44.66671	22.22822	-38.37936	SAX_LV_ENDOCARDIAL	3	1.0	15
43.60447	20.01868	-37.00105	SAX_LV_ENDOCARDIAL	3	1.0	15
43.65607	17.80914	-34.76431	SAX_LV_ENDOCARDIAL	3	1.0	15
43.70767	15.59961	-32.52758	SAX_LV_ENDOCARDIAL	3	1.0	15
42.64543	13.39007	-31.14926	SAX_LV_ENDOCARDIAL	3	1.0	15
41.58319	11.18054	-29.77095	SAX_LV_ENDOCARDIAL	3	1.0	15
40.52095	8.97100	-28.39264	SAX_LV_ENDOCARDIAL	3	1.0	15
38.34486	6.76146	-27.87275	SAX_LV_ENDOCARDIAL	3	1.0	15
36.16878	4.55192	-27.35285	SAX_LV_ENDOCARDIAL	3	1.0	15
33.99269	2.34239	-26.83296	SAX_LV_ENDOCARDIAL	3	1.0	15
31.81660	0.13285	-26.31307	SAX_LV_ENDOCARDIAL	3	1.0	15
28.52667	-2.07669	-26.65161	SAX_LV_ENDOCARDIAL	3	1.0	15
25.76786	-3.18146	-27.67929	SAX_LV_ENDOCARDIAL	3	1.0	15
23.00905	-4.28623	-28.70698	SAX_LV_ENDOCARDIAL	3	1.0	15
20.25024	-5.39100	-29.73467	SAX_LV_ENDOCARDIAL	3	1.0	15
18.02256	-5.39100	-31.45152	SAX_LV_ENDOCARDIAL	3	1.0	15
15.26375	-6.49577	-32.47921	SAX_LV_ENDOCARDIAL	3	1.0	15
13.03606	-6.49578	-34.19605	SAX_LV_ENDOCARDIAL	3	1.0	15
9.08417	-14.79672	-28.98799	RV_INSERT	3	1.0	15
-15.36455	13.72270	-76.18746	RV_INSERT	3	1.0	15
-34.38966	-31.80881	-74.02112	SAX_RV_FREEWALL	4	1.0	15
-36.08623	-30.70405	-76.42712	SAX_RV_FREEWALL	4	1.0	15
-37.78279	-29.59928	-78.83312	SAX_RV_FREEWALL	4	1.0	15
-39.47936	-28.49451	-81.23913	SAX_RV_FREEWALL	4	1.0	15
-41.17593	-27.38975	-83.64513	SAX_RV_FREEWALL	4	1.0	15
-42.87250	-26.28498	-86.05113	SAX_RV_FREEWALL	4	1.0	15
-44.03794	-24.07545	-89.14629	SAX_RV_FREEWALL	4	1.0	15
-44.08955	-21.86591	-91.38303	SAX_RV_FREEWALL	4	1.0	15
-43.02730	-19.65638	-92.76134	SAX_RV_FREEWALL	4	1.0	15
-41.96506	-17.44684	-94.13965	SAX_RV_FREEWALL	4	1.0	15
-39.20625	-16.34207	-93.11196	SAX_RV_FREEWALL	4	1.0	15
-35.91632	-14.13253	-92.77343	SAX_RV_FREEWALL	4	1.0	15
-32.62639	-11.92299	-92.43490	SAX_RV_FREEWALL	4	1.0	15
-29.86758	-10.81822	-91.40721	SAX_RV_FREEWALL	4	1.0	15
-26.57765	-8.60868	-91.06868	SAX_RV_FREEWALL	4	1.0	15
-23.81884	-7.50391	-90.04099	SAX_RV_FREEWALL	4	1.0	15
-20.52891	-5.29437	-89.70246	SAX_RV_FREEWALL	4	1.0	15
-17.23898	-3.08483	-89.36393	SAX_RV_FREEWALL	4	1.0	15
-13.94905	-0.87530	-89.02539	SAX_RV_FREEWALL	4	1.0	15
-10.65912	1.33424	-88.68686	SAX_RV_FREEWALL	4	1.0	15
-7.90031	2.43901	-87.65917	SAX_RV_FREEWALL	4	1.0	15
-5.14150	3.54378	-86.63148	SAX_RV_FREEWALL	4	1.0	15
2.74351	-24.07540	-53.09253	SAX_RV_FREEWALL	4	1.0	15
-0.01530	-25.18017	-54.12022	SAX_RV_FREEWALL	4	1.0	15
-2.24298	-25.18017	-55.83707	SAX_RV_FREEWALL	4	1.0	15
-4.47067	-25.18018	-57.55391	SAX_RV_FREEWALL	4	1.0	15
-7.22948	-26.28495	-58.58160	SAX_RV_FREEWALL	4	1.0	15
-9.45717	-26.28495	-60.29845	SAX_RV_FREEWALL	4	1.0	15
-12.21598	-27.38972	-61.32614	SAX_RV_FREEWALL	4	1.0	15
-14.97479	-28.49449	-62.35382	SAX_RV_FREEWALL	4	1.0	15
-17.73360	-29.59926	-63.38151	SAX_RV_FREEWALL	4	1.0	15
-20.49241	-30.70403	-64.40920	SAX_RV_FREEWALL	4	1.0	15
-23.25122	-31.80880	-65.43689	SAX_RV_FREEWALL	4	1.0	15
-25.47891	-31.80880	-67.15374	SAX_RV_FREEWALL	4	1.0	15
-27.70659	-31.80881	-68.87058	SAX_RV_FREEWALL	4	1.0	15
-29.93428	-31.80881	-70.58743	SAX_RV_FREEWALL	4	1.0	15
-32.16197	-31.80881	-72.30427	SAX_RV_FREEWALL	4	1.0	15
-33.75533	-35.12312	-70.23680	SAX_RV_EPICARDIAL	4	1.0	15
-35.45190	-34.01835	-72.64281	SAX_RV_EPICARDIAL	4	1.0	15
-37.67959	-34.01835	-74.35965	SAX_RV_EPICARDIAL	4	1.0	15
-39.37616	-32.91359	-76.76565	SAX_RV_EPICARDIAL	4	1.0	15
-41.60385	-32.91359	-78.48250	SAX_RV_EPICARDIAL	4	1.0	15
-43.30041	-31.80882	-80.88850	SAX_RV_EPICARDIAL	4	1.0	15
-44.46586	-29.59929	-83.98366	SAX_RV_EPICARDIAL	4	1.0	15
-46.16243	-28.49452	-86.38966	SAX_RV_EPICARDIAL	4	1.0	15
-47.85899	-27.38975	-88.79567	SAX_RV_EPICARDIAL	4	1.0	15
-49.02444	-25.18022	-91.89082	SAX_RV_EPICARDIAL	4	1.0	15
-47.96220	-22.97068	-93.26914	SAX_RV_EPICARDIAL	4	1.0	15
-48.01380	-20.76115	-95.50587	SAX_RV_EPICARDIAL	4	1.0	15
-45.83772	-18.55161	-96.02576	SAX_RV_EPICARDIAL	4	1.0	15
-43.66163	-16.34207	-96.54566	SAX_RV_EPICARDIAL	4	1.0	15
-40.37170	-14.13253	-96.20712	SAX_RV_EPICARDIAL	4	1.0	15
-37.61289	-13.02776	-95.17943	SAX_RV_EPICARDIAL	4	1.0	15
-34.32296	-10.81823	-94.84090	SAX_RV_EPICARDIAL	4	1.0	15
-31.03303	-8.60869	-94.50237	SAX_RV_EPICARDIAL	4	1.0	15
-27.74310	-6.39915	-94.16384	SAX_RV_EPICARDIAL	4	1.0	15
-24.45317	-4.18961	-93.82531	SAX_RV_EPICARDIAL	4	1.0	15
-21.69436	-3.08484	-92.79762	SAX_RV_EPICARDIAL	4	1.0	15
-18.40443	-0.87530	-92.45908	SAX_RV_EPICARDIAL	4	1.0	15
-15.11450	1.33424	-92.12055	SAX_RV_EPICARDIAL	4	1.0	15
-12.35569	2.43901	-91.09286	SAX_RV_EPICARDIAL	4	1.0	15
-9.06576	4.64855	-90.75433	SAX_RV_EPICARDIAL	4	1.0	15
-6.30695	5.75332	-89.72664	SAX_RV_EPICARDIAL	4	1.0	15
-3.54814	6.85809	-88.69895	SAX_RV_EPICARDIAL	4	1.0	15
-0.78933	7.96286	-87.67126	SAX_RV_EPICARDIAL	4	1.0	15
7.14729	-21.86586	-51.89558	SAX_RV_EPICARDIAL	4	1.0	15
6.66777	-25.18017	-48.96968	SAX_RV_EPICARDIAL	4	1.0	15
3.90896	-26.28494	-49.99737	SAX_RV_EPICARDIAL	4	1.0	15
1.15015	-27.38971	-51.02506	SAX_RV_EPICARDIAL	4	1.0	15
-1.07754	-27.38971	-52.74191	SAX_RV_EPICARDIAL	4	1.0	15
-3.30523	-27.38971	-54.45875	SAX_RV_EPICARDIAL	4	1.0	15
-6.06404	-28.49448	-55.48644	SAX_RV_EPICARDIAL	4	1.0	15
-8.82284	-29.59925	-56.51413	SAX_RV_EPICARDIAL	4	1.0	15
-11.58165	-30.70402	-57.54182	SAX_RV_EPICARDIAL	4	1.0	15
-14.34046	-31.80879	-58.56951	SAX_RV_EPICARDIAL	4	1.0	15
-17.09927	-32.91356	-59.59720	SAX_RV_EPICARDIAL	4	1.0	15
-19.32696	-32.91357	-61.31404	SAX_RV_EPICARDIAL	4	1.0	15
-22.08577	-34.01834	-62.34173	SAX_RV_EPICARDIAL	4	1.0	15
-24.31346	-34.01834	-64.05858	SAX_RV_EPICARDIAL	4	1.0	15
-27.07227	-35.12311	-65.08627	SAX_RV_EPICARDIAL	4	1.0	15
-29.29996	-35.12311	-66.80311	SAX_RV_EPICARDIAL	4	1.0	15
-31.52765	-35.12311	-68.51996	SAX_RV_EPICARDIAL	4	1.0	15
-2.38269	4.64856	-85.60379	SAX_RV_SEPTUM	4	1.0	15
-2.33109	2.43902	-83.36706	SAX_RV_SEPTUM	4	1.0	15
-3.39333	0.22948	-81.98874	SAX_RV_SEPTUM	4	1.0	15
-3.34173	-1.98005	-79.75201	SAX_RV_SEPTUM	4	1.0	15
-4.40397	-4.18959	-78.37369	SAX_RV_SEPTUM	4	1.0	15
-4.35237	-6.39912	-76.13696	SAX_RV_SEPTUM	4	1.0	15
-4.30077	-8.60866	-73.90022	SAX_RV_SEPTUM	4	1.0	15
-4.24917	-10.81820	-71.66349	SAX_RV_SEPTUM	4	1.0	15
-3.08372	-13.02773	-68.56833	SAX_RV_SEPTUM	4	1.0	15
-1.91827	-15.23726	-65.47317	SAX_RV_SEPTUM	4	1.0	15
-0.22170	-16.34203	-63.06717	SAX_RV_SEPTUM	4	1.0	15
0.94374	-18.55156	-59.97201	SAX_RV_SEPTUM	4	1.0	15
2.64031	-19.65633	-57.56600	SAX_RV_SEPTUM	4	1.0	15
4.86800	-19.65633	-55.84916	SAX_RV_SEPTUM	4	1.0	15
6.56457	-20.76109	-53.44316	SAX_RV_SEPTUM	4	1.0	15
5.50232	-22.97063	-52.06484	SAX_RV_SEPTUM	4	1.0	15
11.60267	-21.86586	-48.46189	SAX_LV_EPICARDIAL	4	1.0	15
9.90610	-20.76109	-50.86789	SAX_LV_EPICARDIAL	4	1.0	15
2.02108	6.85810	-84.40684	SAX_LV_EPICARDIAL	4	1.0	15
3.08332	9.06763	-85.78515	SAX_LV_EPICARDIAL	4	1.0	15
5.25941	11.27717	-86.30504	SAX_LV_EPICARDIAL	4	1.0	15
7.43550	13.48671	-86.82493	SAX_LV_EPICARDIAL	4	1.0	15
10.72543	15.69625	-86.48640	SAX_LV_EPICARDIAL	4	1.0	15
12.90151	17.90578	-87.00629	SAX_LV_EPICARDIAL	4	1.0	15
16.19144	20.11532	-86.66776	SAX_LV_EPICARDIAL	4	1.0	15
18.95025	21.22009	-85.64007	SAX_LV_EPICARDIAL	4	1.0	15
22.24018	23.42963	-85.30154	SAX_LV_EPICARDIAL	4	1.0	15
24.99899	24.53440	-84.27385	SAX_LV_EPICARDIAL	4	1.0	15
27.75780	25.63917	-83.24616	SAX_LV_EPICARDIAL	4	1.0	15
29.98549	25.63917	-81.52932	SAX_LV_EPICARDIAL	4	1.0	15
32.21318	25.63918	-79.81247	SAX_LV_EPICARDIAL	4	1.0	15
34.97199	26.74395	-78.78478	SAX_LV_EPICARDIAL	4	1.0	15
37.19968	26.74395	-77.06794	SAX_LV_EPICARDIAL	4	1.0	15
39.42736	26.74395	-75.35109	SAX_LV_EPICARDIAL	4	1.0	15
41.65505	26.74395	-73.63424	SAX_LV_EPICARDIAL	4	1.0	15
43.35162	25.63919	-71.22824	SAX_LV_EPICARDIAL	4	1.0	15
45.57931	25.63919	-69.51140	SAX_LV_EPICARDIAL	4	1.0	15
47.27588	24.53442	-67.10539	SAX_LV_EPICARDIAL	4	1.0	15
48.97244	23.42966	-64.69939	SAX_LV_EPICARDIAL	4	1.0	15
50.66901	22.32489	-62.29339	SAX_LV_EPICARDIAL	4	1.0	15
52.36558	21.22013	-59.88739	SAX_LV_EPICARDIAL	4	1.0	15
53.53102	19.01059	-56.79223	SAX_LV_EPICARDIAL	4	1.0	15
54.69647	16.80106	-53.69707	SAX_LV_EPICARDIAL	4	1.0	15
54.74807	14.59152	-51.46033	SAX_LV_EPICARDIAL	4	1.0	15
54.79968	12.38199	-49.22360	SAX_LV_EPICARDIAL	4	1.0	15
54.85128	10.17245	-46.98686	SAX_LV_EPICARDIAL	4	1.0	15
53.78904	7.96291	-45.60855	SAX_LV_EPICARDIAL	4	1.0	15
52.72679	5.75338	-44.23023	SAX_LV_EPICARDIAL	4	1.0	15
51.66455	3.54384	-42.85192	SAX_LV_EPICARDIAL	4	1.0	15
50.60231	1.33430	-41.47361	SAX_LV_EPICARDIAL	4	1.0	15
49.54007	-0.87523	-40.09529	SAX_LV_EPICARDIAL	4	1.0	15
48.47783	-3.08477	-38.71698	SAX_LV_EPICARDIAL	4	1.0	15
46.30174	-5.29431	-38.19709	SAX_LV_EPICARDIAL	4	1.0	15
44.12565	-7.50384	-37.67720	SAX_LV_EPICARDIAL	4	1.0	15
41.94957	-9.71338	-37.15731	SAX_LV_EPICARDIAL	4	1.0	15
39.77348	-11.92292	-36.63742	SAX_LV_EPICARDIAL	4	1.0	15
36.48355	-14.13246	-36.97595	SAX_LV_EPICARDIAL	4	1.0	15
33.72474	-15.23723	-38.00364	SAX_LV_EPICARDIAL	4	1.0	15
30.43481	-17.44677	-38.34217	SAX_LV_EPICARDIAL	4	1.0	15
27.67600	-18.55154	-39.36986	SAX_LV_EPICARDIAL	4	1.0	15
24.91719	-19.65631	-40.39755	SAX_LV_EPICARDIAL	4	1.0	15
22.15838	-20.76108	-41.42524	SAX_LV_EPICARDIAL	4	1.0	15
19.93070	-20.76108	-43.14208	SAX_LV_EPICARDIAL	4	1.0	15
17.70301	-20.76108	-44.85893	SAX_LV_EPICARDIAL	4	1.0	15
15.47532	-20.76109	-46.57577	SAX_LV_EPICARDIAL	4	1.0	15
12.71651	-21.86586	-47.60346	SAX_LV_EPICARDIAL	4	1.0	15
13.62394	-13.02771	-55.69198	SAX_LV_ENDOCARDIAL	4	1.0	15
11.92738	-11.92295	-58.09799	SAX_LV_ENDOCARDIAL	4	1.0	15
10.23081	-10.81818	-60.50399	SAX_LV_ENDOCARDIAL	4	1.0	15
8.53424	-9.71341	-62.90999	SAX_LV_ENDOCARDIAL	4	1.0	15
6.83767	-8.60865	-65.31599	SAX_LV_ENDOCARDIAL	4	1.0	15
5.67223	-6.39911	-68.41115	SAX_LV_ENDOCARDIAL	4	1.0	15
5.62063	-4.18958	-70.64789	SAX_LV_ENDOCARDIAL	4	1.0	15
5.56902	-1.98004	-72.88463	SAX_LV_ENDOCARDIAL	4	1.0	15
5.51742	0.22949	-75.12136	SAX_LV_ENDOCARDIAL	4	1.0	15
6.57966	2.43903	-76.49968	SAX_LV_ENDOCARDIAL	4	1.0	15
7.64190	4.64857	-77.87799	SAX_LV_ENDOCARDIAL	4	1.0	15
8.70415	6.85810	-79.25630	SAX_LV_ENDOCARDIAL	4	1.0	15
10.88023	9.06764	-79.77619	SAX_LV_ENDOCARDIAL	4	1.0	15
11.94247	11.27718	-81.15451	SAX_LV_ENDOCARDIAL	4	1.0	15
15.23240	13.48671	-80.81597	SAX_LV_ENDOCARDIAL	4	1.0	15
17.40849	15.69625	-81.33586	SAX_LV_ENDOCARDIAL	4	1.0	15
20.16730	16.80102	-80.30818	SAX_LV_ENDOCARDIAL	4	1.0	15
22.92611	17.90579	-79.28049	SAX_LV_ENDOCARDIAL	4	1.0	15
25.15380	17.90580	-77.56364	SAX_LV_ENDOCARDIAL	4	1.0	15
27.91261	19.01057	-76.53595	SAX_LV_ENDOCARDIAL	4	1.0	15
30.67142	20.11534	-75.50826	SAX_LV_ENDOCARDIAL	4	1.0	15
32.89911	20.11534	-73.79142	SAX_LV_ENDOCARDIAL	4	1.0	15
35.12679	20.11534	-72.07457	SAX_LV_ENDOCARDIAL	4	1.0	15
37.35448	20.11534	-70.35773	SAX_LV_ENDOCARDIAL	4	1.0	15
39.58217	20.11535	-68.64088	SAX_LV_ENDOCARDIAL	4	1.0	15
41.27874	19.01058	-66.23488	SAX_LV_ENDOCARDIAL	4	1.0	15
43.50643	19.01058	-64.51803	SAX_LV_ENDOCARDIAL	4	1.0	15
45.20299	17.90582	-62.11203	SAX_LV_ENDOCARDIAL	4	1.0	15
46.36844	15.69628	-59.01687	SAX_LV_ENDOCARDIAL	4	1.0	15
47.53389	13.48675	-55.92171	SAX_LV_ENDOCARDIAL	4	1.0	15
47.58549	11.27721	-53.68498	SAX_LV_ENDOCARDIAL	4	1.0	15
47.63709	9.06768	-51.44824	SAX_LV_ENDOCARDIAL	4	1.0	15
47.68869	6.85814	-49.21150	SAX_LV_ENDOCARDIAL	4	1.0	15
46.62645	4.64860	-47.83319	SAX_LV_ENDOCARDIAL	4	1.0	15
45.56421	2.43907	-46.45488	SAX_LV_ENDOCARDIAL	4	1.0	15
43.38812	0.22953	-45.93499	SAX_LV_ENDOCARDIAL	4	1.0	15
42.32588	-1.98001	-44.55667	SAX_LV_ENDOCARDIAL	4	1.0	15
40.14980	-4.18954	-44.03678	SAX_LV_ENDOCARDIAL	4	1.0	15
36.85987	-6.39908	-44.37531	SAX_LV_ENDOCARDIAL	4	1.0	15
34.68378	-8.60862	-43.85542	SAX_LV_ENDOCARDIAL	4	1.0	15
31.92497	-9.71339	-44.88311	SAX_LV_ENDOCARDIAL	4	1.0	15
29.16616	-10.81816	-45.91080	SAX_LV_ENDOCARDIAL	4	1.0	15
26.40735	-11.92293	-46.93849	SAX_LV_ENDOCARDIAL	4	1.0	15
23.64854	-13.02770	-47.96618	SAX_LV_ENDOCARDIAL	4	1.0	15
21.42085	-13.02771	-49.68302	SAX_LV_ENDOCARDIAL	4	1.0	15
19.19317	-13.02771	-51.39987	SAX_LV_ENDOCARDIAL	4	1.0	15
16.96548	-13.02771	-53.11672	SAX_LV_ENDOCARDIAL	4	1.0	15
14.73779	-13.02771	-54.83356	SAX_LV_ENDOCARDIAL	4	1.0	15
-3.13990	4.41551	-85.95564	RV_INSERT	4	1.0	15
6.41401	-22.61610	-51.71473	RV_INSERT	4	1.0	15
-21.17317	-30.60736	-93.47427	SAX_RV_FREEWALL	5	1.0	15
-22.86974	-29.50260	-95.88027	SAX_RV_FREEWALL	5	1.0	15
-24.56631	-28.39783	-98.28627	SAX_RV_FREEWALL	5	1.0	15
-22.39022	-26.18829	-98.80616	SAX_RV_FREEWALL	5	1.0	15
-19.10029	-23.97875	-98.46763	SAX_RV_FREEWALL	5	1.0	15
-16.92421	-21.76922	-98.98752	SAX_RV_FREEWALL	5	1.0	15
-13.63428	-19.55968	-98.64899	SAX_RV_FREEWALL	5	1.0	15
-10.34434	-17.35014	-98.31045	SAX_RV_FREEWALL	5	1.0	15
-7.05441	-15.14060	-97.97192	SAX_RV_FREEWALL	5	1.0	15
-3.76448	-12.93106	-97.63339	SAX_RV_FREEWALL	5	1.0	15
-0.47455	-10.72152	-97.29486	SAX_RV_FREEWALL	5	1.0	15
2.28426	-9.61675	-96.26717	SAX_RV_FREEWALL	5	1.0	15
5.57419	-7.40721	-95.92864	SAX_RV_FREEWALL	5	1.0	15
8.33299	-6.30244	-94.90095	SAX_RV_FREEWALL	5	1.0	15
11.09180	-5.19767	-93.87326	SAX_RV_FREEWALL	5	1.0	15
8.74581	-23.97873	-77.00706	SAX_RV_FREEWALL	5	1.0	15
5.98700	-25.08350	-78.03475	SAX_RV_FREEWALL	5	1.0	15
3.75932	-25.08350	-79.75159	SAX_RV_FREEWALL	5	1.0	15
1.00051	-26.18827	-80.77928	SAX_RV_FREEWALL	5	1.0	15
-1.22718	-26.18827	-82.49613	SAX_RV_FREEWALL	5	1.0	15
-3.98599	-27.29304	-83.52382	SAX_RV_FREEWALL	5	1.0	15
-6.74480	-28.39781	-84.55151	SAX_RV_FREEWALL	5	1.0	15
-9.50361	-29.50258	-85.57919	SAX_RV_FREEWALL	5	1.0	15
-12.26242	-30.60735	-86.60688	SAX_RV_FREEWALL	5	1.0	15
-14.49011	-30.60736	-88.32373	SAX_RV_FREEWALL	5	1.0	15
-16.71780	-30.60736	-90.04057	SAX_RV_FREEWALL	5	1.0	15
-18.94548	-30.60736	-91.75742	SAX_RV_FREEWALL	5	1.0	15
-21.65269	-33.92167	-90.54837	SAX_RV_EPICARDIAL	5	1.0	15
-23.34926	-32.81690	-92.95437	SAX_RV_EPICARDIAL	5	1.0	15
-25.57695	-32.81690	-94.67122	SAX_RV_EPICARDIAL	5	1.0	15
-27.27352	-31.71214	-97.07722	SAX_RV_EPICARDIAL	5	1.0	15
-27.32512	-29.50260	-99.31396	SAX_RV_EPICARDIAL	5	1.0	15
-26.26288	-27.29306	-100.69227	SAX_RV_EPICARDIAL	5	1.0	15
-24.08679	-25.08353	-101.21216	SAX_RV_EPICARDIAL	5	1.0	15
-20.79686	-22.87399	-100.87363	SAX_RV_EPICARDIAL	5	1.0	15
-18.62077	-20.66445	-101.39352	SAX_RV_EPICARDIAL	5	1.0	15
-15.33084	-18.45491	-101.05499	SAX_RV_EPICARDIAL	5	1.0	15
-12.04091	-16.24537	-100.71646	SAX_RV_EPICARDIAL	5	1.0	15
-8.75098	-14.03583	-100.37793	SAX_RV_EPICARDIAL	5	1.0	15
-5.46105	-11.82630	-100.03939	SAX_RV_EPICARDIAL	5	1.0	15
-2.17112	-9.61676	-99.70086	SAX_RV_EPICARDIAL	5	1.0	15
1.11881	-7.40722	-99.36233	SAX_RV_EPICARDIAL	5	1.0	15
3.87762	-6.30245	-98.33464	SAX_RV_EPICARDIAL	5	1.0	15
7.16755	-4.09291	-97.99611	SAX_RV_EPICARDIAL	5	1.0	15
9.92636	-2.98814	-96.96842	SAX_RV_EPICARDIAL	5	1.0	15
12.15405	-2.98814	-95.25157	SAX_RV_EPICARDIAL	5	1.0	15
14.91286	-1.88337	-94.22388	SAX_RV_EPICARDIAL	5	1.0	15
14.96446	-4.09290	-91.98715	SAX_RV_EPICARDIAL	5	1.0	15
12.78837	-6.30244	-91.46726	SAX_RV_EPICARDIAL	5	1.0	15
13.73231	-22.87395	-74.26252	SAX_RV_EPICARDIAL	5	1.0	15
13.25279	-26.18826	-71.33663	SAX_RV_EPICARDIAL	5	1.0	15
10.49398	-27.29303	-72.36432	SAX_RV_EPICARDIAL	5	1.0	15
8.26630	-27.29303	-74.08117	SAX_RV_EPICARDIAL	5	1.0	15
6.03861	-27.29303	-75.79801	SAX_RV_EPICARDIAL	5	1.0	15
3.27980	-28.39780	-76.82570	SAX_RV_EPICARDIAL	5	1.0	15
1.05211	-28.39780	-78.54255	SAX_RV_EPICARDIAL	5	1.0	15
-1.70670	-29.50258	-79.57023	SAX_RV_EPICARDIAL	5	1.0	15
-4.46551	-30.60735	-80.59792	SAX_RV_EPICARDIAL	5	1.0	15
-7.22432	-31.71212	-81.62561	SAX_RV_EPICARDIAL	5	1.0	15
-9.45201	-31.71212	-83.34246	SAX_RV_EPICARDIAL	5	1.0	15
-12.21082	-32.81689	-84.37015	SAX_RV_EPICARDIAL	5	1.0	15
-14.43851	-32.81689	-86.08699	SAX_RV_EPICARDIAL	5	1.0	15
-16.66619	-32.81689	-87.80384	SAX_RV_EPICARDIAL	5	1.0	15
-18.89388	-32.81690	-89.52068	SAX_RV_EPICARDIAL	5	1.0	15
12.78837	-6.30244	-91.46726	SAX_RV_SEPTUM	5	1.0	15
11.72613	-8.51197	-90.08894	SAX_RV_SEPTUM	5	1.0	15
10.66389	-10.72151	-88.71063	SAX_RV_SEPTUM	5	1.0	15
9.60165	-12.93105	-87.33232	SAX_RV_SEPTUM	5	1.0	15
9.65325	-15.14058	-85.09558	SAX_RV_SEPTUM	5	1.0	15
10.81870	-17.35012	-82.00042	SAX_RV_SEPTUM	5	1.0	15
10.87030	-19.55965	-79.76369	SAX_RV_SEPTUM	5	1.0	15
12.03574	-21.76919	-76.66853	SAX_RV_SEPTUM	5	1.0	15
13.73231	-22.87395	-74.26252	SAX_RV_SEPTUM	5	1.0	15
10.97350	-23.97872	-75.29021	SAX_RV_SEPTUM	5	1.0	15
22.16355	-26.18825	-64.46925	SAX_LV_EPICARDIAL	5	1.0	15
20.46698	-25.08348	-66.87525	SAX_LV_EPICARDIAL	5	1.0	15
18.23929	-25.08348	-68.59210	SAX_LV_EPICARDIAL	5	1.0	15
16.54272	-23.97872	-70.99810	SAX_LV_EPICARDIAL	5	1.0	15
18.25439	-1.88336	-91.64862	SAX_LV_EPICARDIAL	5	1.0	15
20.43047	0.32618	-92.16851	SAX_LV_EPICARDIAL	5	1.0	15
23.72040	2.53571	-91.82997	SAX_LV_EPICARDIAL	5	1.0	15
27.01034	4.74525	-91.49144	SAX_LV_EPICARDIAL	5	1.0	15
29.76914	5.85002	-90.46375	SAX_LV_EPICARDIAL	5	1.0	15
32.52795	6.95479	-89.43606	SAX_LV_EPICARDIAL	5	1.0	15
35.28676	8.05956	-88.40838	SAX_LV_EPICARDIAL	5	1.0	15
37.51445	8.05957	-86.69153	SAX_LV_EPICARDIAL	5	1.0	15
39.74214	8.05957	-84.97468	SAX_LV_EPICARDIAL	5	1.0	15
41.96983	8.05957	-83.25784	SAX_LV_EPICARDIAL	5	1.0	15
44.19752	8.05957	-81.54099	SAX_LV_EPICARDIAL	5	1.0	15
46.42521	8.05958	-79.82415	SAX_LV_EPICARDIAL	5	1.0	15
48.65289	8.05958	-78.10730	SAX_LV_EPICARDIAL	5	1.0	15
50.34946	6.95481	-75.70130	SAX_LV_EPICARDIAL	5	1.0	15
52.04603	5.85005	-73.29530	SAX_LV_EPICARDIAL	5	1.0	15
53.74260	4.74528	-70.88929	SAX_LV_EPICARDIAL	5	1.0	15
54.90804	2.53575	-67.79414	SAX_LV_EPICARDIAL	5	1.0	15
54.95965	0.32621	-65.55740	SAX_LV_EPICARDIAL	5	1.0	15
55.01125	-1.88333	-63.32066	SAX_LV_EPICARDIAL	5	1.0	15
55.06285	-4.09286	-61.08393	SAX_LV_EPICARDIAL	5	1.0	15
54.00061	-6.30240	-59.70561	SAX_LV_EPICARDIAL	5	1.0	15
52.93837	-8.51193	-58.32730	SAX_LV_EPICARDIAL	5	1.0	15
51.87612	-10.72147	-56.94899	SAX_LV_EPICARDIAL	5	1.0	15
50.81388	-12.93101	-55.57067	SAX_LV_EPICARDIAL	5	1.0	15
48.63780	-15.14054	-55.05078	SAX_LV_EPICARDIAL	5	1.0	15
46.46171	-17.35008	-54.53089	SAX_LV_EPICARDIAL	5	1.0	15
43.17178	-19.55962	-54.86942	SAX_LV_EPICARDIAL	5	1.0	15
39.88185	-21.76916	-55.20796	SAX_LV_EPICARDIAL	5	1.0	15
37.12304	-22.87393	-56.23564	SAX_LV_EPICARDIAL	5	1.0	15
34.36423	-23.97870	-57.26333	SAX_LV_EPICARDIAL	5	1.0	15
31.60542	-25.08347	-58.29102	SAX_LV_EPICARDIAL	5	1.0	15
29.37773	-25.08347	-60.00787	SAX_LV_EPICARDIAL	5	1.0	15
27.15004	-25.08348	-61.72471	SAX_LV_EPICARDIAL	5	1.0	15
24.39124	-26.18825	-62.75240	SAX_LV_EPICARDIAL	5	1.0	15
23.12258	-19.55964	-70.32103	SAX_LV_ENDOCARDIAL	5	1.0	15
21.42602	-18.45487	-72.72704	SAX_LV_ENDOCARDIAL	5	1.0	15
19.72945	-17.35011	-75.13304	SAX_LV_ENDOCARDIAL	5	1.0	15
18.03288	-16.24534	-77.53904	SAX_LV_ENDOCARDIAL	5	1.0	15
17.98128	-14.03581	-79.77578	SAX_LV_ENDOCARDIAL	5	1.0	15
16.81583	-11.82627	-82.87094	SAX_LV_ENDOCARDIAL	5	1.0	15
17.87807	-9.61674	-84.24925	SAX_LV_ENDOCARDIAL	5	1.0	15
17.82647	-7.40720	-86.48599	SAX_LV_ENDOCARDIAL	5	1.0	15
20.00256	-5.19766	-87.00588	SAX_LV_ENDOCARDIAL	5	1.0	15
22.17864	-2.98813	-87.52577	SAX_LV_ENDOCARDIAL	5	1.0	15
25.46857	-0.77859	-87.18724	SAX_LV_ENDOCARDIAL	5	1.0	15
28.75850	1.43095	-86.84870	SAX_LV_ENDOCARDIAL	5	1.0	15
31.51731	2.53572	-85.82101	SAX_LV_ENDOCARDIAL	5	1.0	15
33.74500	2.53572	-84.10417	SAX_LV_ENDOCARDIAL	5	1.0	15
36.50381	3.64050	-83.07648	SAX_LV_ENDOCARDIAL	5	1.0	15
38.73150	3.64050	-81.35963	SAX_LV_ENDOCARDIAL	5	1.0	15
40.95919	3.64050	-79.64279	SAX_LV_ENDOCARDIAL	5	1.0	15
43.18688	3.64050	-77.92594	SAX_LV_ENDOCARDIAL	5	1.0	15
44.88344	2.53574	-75.51994	SAX_LV_ENDOCARDIAL	5	1.0	15
46.58001	1.43097	-73.11394	SAX_LV_ENDOCARDIAL	5	1.0	15
48.27658	0.32620	-70.70794	SAX_LV_ENDOCARDIAL	5	1.0	15
49.44203	-1.88333	-67.61278	SAX_LV_ENDOCARDIAL	5	1.0	15
49.49363	-4.09287	-65.37604	SAX_LV_ENDOCARDIAL	5	1.0	15
48.43139	-6.30240	-63.99773	SAX_LV_ENDOCARDIAL	5	1.0	15
47.36914	-8.51194	-62.61941	SAX_LV_ENDOCARDIAL	5	1.0	15
45.19306	-10.72148	-62.09952	SAX_LV_ENDOCARDIAL	5	1.0	15
43.01697	-12.93101	-61.57963	SAX_LV_ENDOCARDIAL	5	1.0	15
40.84089	-15.14055	-61.05974	SAX_LV_ENDOCARDIAL	5	1.0	15
37.55096	-17.35009	-61.39827	SAX_LV_ENDOCARDIAL	5	1.0	15
34.79215	-18.45486	-62.42596	SAX_LV_ENDOCARDIAL	5	1.0	15
32.03334	-19.55963	-63.45365	SAX_LV_ENDOCARDIAL	5	1.0	15
29.80565	-19.55963	-65.17050	SAX_LV_ENDOCARDIAL	5	1.0	15
27.57796	-19.55964	-66.88734	SAX_LV_ENDOCARDIAL	5	1.0	15
25.35027	-19.55964	-68.60419	SAX_LV_ENDOCARDIAL	5	1.0	15
12.98161	-23.24427	-74.47287	RV_INSERT	5	1.0	15
10.78467	-5.59354	-93.71635	RV_INSERT	5	1.0	15
10.92806	-27.19736	-100.57096	SAX_RV_FREEWALL	6	1.0	15
9.23149	-26.09259	-102.97696	SAX_RV_FREEWALL	6	1.0	15
7.53493	-24.98783	-105.38297	SAX_RV_FREEWALL	6	1.0	15
8.59717	-22.77829	-106.76128	SAX_RV_FREEWALL	6	1.0	15
10.77326	-20.56875	-107.28117	SAX_RV_FREEWALL	6	1.0	15
13.53206	-19.46398	-106.25348	SAX_RV_FREEWALL	6	1.0	15
16.29087	-18.35921	-105.22579	SAX_RV_FREEWALL	6	1.0	15
19.04968	-17.25444	-104.19810	SAX_RV_FREEWALL	6	1.0	15
21.27737	-17.25444	-102.48126	SAX_RV_FREEWALL	6	1.0	15
17.61113	-27.19735	-95.42042	SAX_RV_FREEWALL	6	1.0	15
15.38344	-27.19735	-97.13727	SAX_RV_FREEWALL	6	1.0	15
13.15575	-27.19736	-98.85412	SAX_RV_FREEWALL	6	1.0	15
7.63813	-29.40690	-100.90949	SAX_RV_EPICARDIAL	6	1.0	15
5.94156	-28.30213	-103.31550	SAX_RV_EPICARDIAL	6	1.0	15
4.24500	-27.19736	-105.72150	SAX_RV_EPICARDIAL	6	1.0	15
4.19339	-24.98783	-107.95823	SAX_RV_EPICARDIAL	6	1.0	15
6.36948	-22.77829	-108.47812	SAX_RV_EPICARDIAL	6	1.0	15
8.54557	-20.56875	-108.99802	SAX_RV_EPICARDIAL	6	1.0	15
10.19053	-19.46398	-108.82875	SAX_RV_EPICARDIAL	6	1.0	15
13.48046	-17.25445	-108.49022	SAX_RV_EPICARDIAL	6	1.0	15
16.23927	-16.14968	-107.46253	SAX_RV_EPICARDIAL	6	1.0	15
18.46696	-16.14967	-105.74568	SAX_RV_EPICARDIAL	6	1.0	15
21.22577	-15.04490	-104.71799	SAX_RV_EPICARDIAL	6	1.0	15
22.92234	-16.14967	-102.31199	SAX_RV_EPICARDIAL	6	1.0	15
23.50506	-17.25444	-100.76441	SAX_RV_EPICARDIAL	6	1.0	15
22.59763	-26.09258	-92.67589	SAX_RV_EPICARDIAL	6	1.0	15
21.53538	-28.30212	-91.29758	SAX_RV_EPICARDIAL	6	1.0	15
19.30770	-28.30212	-93.01442	SAX_RV_EPICARDIAL	6	1.0	15
16.54889	-29.40689	-94.04211	SAX_RV_EPICARDIAL	6	1.0	15
14.32120	-29.40689	-95.75896	SAX_RV_EPICARDIAL	6	1.0	15
12.09351	-29.40689	-97.47580	SAX_RV_EPICARDIAL	6	1.0	15
9.86582	-29.40689	-99.19265	SAX_RV_EPICARDIAL	6	1.0	15
22.97394	-18.35920	-100.07525	SAX_RV_SEPTUM	6	1.0	15
23.02554	-20.56874	-97.83852	SAX_RV_SEPTUM	6	1.0	15
23.07714	-22.77828	-95.60178	SAX_RV_SEPTUM	6	1.0	15
22.01490	-24.98781	-94.22347	SAX_RV_SEPTUM	6	1.0	15
20.36994	-26.09258	-94.39273	SAX_RV_SEPTUM	6	1.0	15
27.68733	-29.40688	-85.45788	SAX_LV_EPICARDIAL	6	1.0	15
25.99076	-28.30211	-87.86388	SAX_LV_EPICARDIAL	6	1.0	15
24.29419	-27.19734	-90.26989	SAX_LV_EPICARDIAL	6	1.0	15
27.32611	-13.94013	-101.11504	SAX_LV_EPICARDIAL	6	1.0	15
30.61604	-11.73059	-100.77650	SAX_LV_EPICARDIAL	6	1.0	15
32.26101	-10.62582	-100.60724	SAX_LV_EPICARDIAL	6	1.0	15
35.55094	-8.41628	-100.26871	SAX_LV_EPICARDIAL	6	1.0	15
38.30975	-7.31151	-99.24102	SAX_LV_EPICARDIAL	6	1.0	15
40.53744	-7.31151	-97.52417	SAX_LV_EPICARDIAL	6	1.0	15
42.76512	-7.31151	-95.80733	SAX_LV_EPICARDIAL	6	1.0	15
44.99281	-7.31150	-94.09048	SAX_LV_EPICARDIAL	6	1.0	15
47.22050	-7.31150	-92.37363	SAX_LV_EPICARDIAL	6	1.0	15
48.91707	-8.41627	-89.96763	SAX_LV_EPICARDIAL	6	1.0	15
50.08251	-10.62580	-86.87247	SAX_LV_EPICARDIAL	6	1.0	15
51.24796	-12.83534	-83.77731	SAX_LV_EPICARDIAL	6	1.0	15
50.18572	-15.04487	-82.39900	SAX_LV_EPICARDIAL	6	1.0	15
50.23732	-17.25441	-80.16226	SAX_LV_EPICARDIAL	6	1.0	15
49.17508	-19.46395	-78.78395	SAX_LV_EPICARDIAL	6	1.0	15
46.99899	-21.67348	-78.26406	SAX_LV_EPICARDIAL	6	1.0	15
45.93675	-23.88302	-76.88575	SAX_LV_EPICARDIAL	6	1.0	15
43.76067	-26.09256	-76.36586	SAX_LV_EPICARDIAL	6	1.0	15
41.00186	-27.19733	-77.39354	SAX_LV_EPICARDIAL	6	1.0	15
38.24305	-28.30210	-78.42123	SAX_LV_EPICARDIAL	6	1.0	15
35.48424	-29.40687	-79.44892	SAX_LV_EPICARDIAL	6	1.0	15
33.25655	-29.40687	-81.16577	SAX_LV_EPICARDIAL	6	1.0	15
31.02886	-29.40687	-82.88261	SAX_LV_EPICARDIAL	6	1.0	15
28.80117	-29.40688	-84.59946	SAX_LV_EPICARDIAL	6	1.0	15
33.15334	-24.98780	-85.63924	SAX_LV_ENDOCARDIAL	6	1.0	15
31.45678	-23.88303	-88.04524	SAX_LV_ENDOCARDIAL	6	1.0	15
29.76021	-22.77827	-90.45125	SAX_LV_ENDOCARDIAL	6	1.0	15
28.59476	-20.56873	-93.54640	SAX_LV_ENDOCARDIAL	6	1.0	15
28.54316	-18.35920	-95.78314	SAX_LV_ENDOCARDIAL	6	1.0	15
29.60540	-16.14966	-97.16145	SAX_LV_ENDOCARDIAL	6	1.0	15
31.78149	-13.94012	-97.68134	SAX_LV_ENDOCARDIAL	6	1.0	15
35.07142	-11.73059	-97.34281	SAX_LV_ENDOCARDIAL	6	1.0	15
37.83023	-10.62582	-96.31512	SAX_LV_ENDOCARDIAL	6	1.0	15
40.05792	-10.62581	-94.59828	SAX_LV_ENDOCARDIAL	6	1.0	15
42.28560	-10.62581	-92.88143	SAX_LV_ENDOCARDIAL	6	1.0	15
43.98217	-11.73058	-90.47543	SAX_LV_ENDOCARDIAL	6	1.0	15
45.14762	-13.94011	-87.38027	SAX_LV_ENDOCARDIAL	6	1.0	15
45.19922	-16.14965	-85.14353	SAX_LV_ENDOCARDIAL	6	1.0	15
44.13698	-18.35918	-83.76522	SAX_LV_ENDOCARDIAL	6	1.0	15
43.07474	-20.56872	-82.38691	SAX_LV_ENDOCARDIAL	6	1.0	15
40.89865	-22.77826	-81.86702	SAX_LV_ENDOCARDIAL	6	1.0	15
38.13984	-23.88303	-82.89471	SAX_LV_ENDOCARDIAL	6	1.0	15
35.38103	-24.98780	-83.92240	SAX_LV_ENDOCARDIAL	6	1.0	15
21.60130	-17.89144	-101.59823	RV_INSERT	6	1.0	15
21.13315	-25.70503	-94.18989	RV_INSERT	6	1.0	15
11.12174	15.98222	-21.30110	LAX_LV_ENDOCARDIAL	9	1.0	15
12.92453	13.81388	-22.69249	LAX_LV_ENDOCARDIAL	9	1.0	15
14.67228	11.61040	-22.67914	LAX_LV_ENDOCARDIAL	9	1.0	15
16.47507	9.44206	-24.07053	LAX_LV_ENDOCARDIAL	9	1.0	15
18.22281	7.23857	-24.05718	LAX_LV_ENDOCARDIAL	9	1.0	15
19.97056	5.03509	-24.04384	LAX_LV_ENDOCARDIAL	9	1.0	15
21.71831	2.83160	-24.03049	LAX_LV_ENDOCARDIAL	9	1.0	15
23.46605	0.62811	-24.01715	LAX_LV_ENDOCARDIAL	9	1.0	15
25.26884	-1.54022	-25.40853	LAX_LV_ENDOCARDIAL	9	1.0	15
27.07163	-3.70856	-26.79992	LAX_LV_ENDOCARDIAL	9	1.0	15
28.92947	-5.84174	-29.59604	LAX_LV_ENDOCARDIAL	9	1.0	15
30.78731	-7.97492	-32.39216	LAX_LV_ENDOCARDIAL	9	1.0	15
31.77127	-9.00636	-35.19495	LAX_LV_ENDOCARDIAL	9	1.0	15
31.88136	-8.93606	-38.00442	LAX_LV_ENDOCARDIAL	9	1.0	15
32.86532	-9.96750	-40.80721	LAX_LV_ENDOCARDIAL	9	1.0	15
33.84928	-10.99894	-43.61000	LAX_LV_ENDOCARDIAL	9	1.0	15
34.83324	-12.03038	-46.41279	LAX_LV_ENDOCARDIAL	9	1.0	15
35.81721	-13.06182	-49.21559	LAX_LV_ENDOCARDIAL	9	1.0	15
36.80117	-14.09326	-52.01838	LAX_LV_ENDOCARDIAL	9	1.0	15
37.78513	-15.12470	-54.82117	LAX_LV_ENDOCARDIAL	9	1.0	15
38.76909	-16.15614	-57.62396	LAX_LV_ENDOCARDIAL	9	1.0	15
38.87918	-16.08583	-60.43343	LAX_LV_ENDOCARDIAL	9	1.0	15
39.86315	-17.11727	-63.23622	LAX_LV_ENDOCARDIAL	9	1.0	15
40.84711	-18.14871	-66.03901	LAX_LV_ENDOCARDIAL	9	1.0	15
40.95720	-18.07841	-68.84848	LAX_LV_ENDOCARDIAL	9	1.0	15
41.94116	-19.10985	-71.65127	LAX_LV_ENDOCARDIAL	9	1.0	15
42.92512	-20.14129	-74.45406	LAX_LV_ENDOCARDIAL	9	1.0	15
43.03521	-20.07098	-77.26353	LAX_LV_ENDOCARDIAL	9	1.0	15
43.14530	-20.00068	-80.07299	LAX_LV_ENDOCARDIAL	9	1.0	15
43.25539	-19.93038	-82.88246	LAX_LV_ENDOCARDIAL	9	1.0	15
43.36548	-19.86007	-85.69193	LAX_LV_ENDOCARDIAL	9	1.0	15
43.47557	-19.78977	-88.50139	LAX_LV_ENDOCARDIAL	9	1.0	15
42.71178	-18.61772	-91.31753	LAX_LV_ENDOCARDIAL	9	1.0	15
42.82187	-18.54742	-94.12699	LAX_LV_ENDOCARDIAL	9	1.0	15
42.05809	-17.37537	-96.94313	LAX_LV_ENDOCARDIAL	9	1.0	15
40.42043	-15.10158	-99.76594	LAX_LV_ENDOCARDIAL	9	1.0	15
38.67268	-12.89809	-99.77929	LAX_LV_ENDOCARDIAL	9	1.0	15
36.86989	-10.72976	-98.38790	LAX_LV_ENDOCARDIAL	9	1.0	15
35.06710	-8.56142	-96.99652	LAX_LV_ENDOCARDIAL	9	1.0	15
33.26431	-6.39309	-95.60513	LAX_LV_ENDOCARDIAL	9	1.0	15
31.46152	-4.22475	-94.21374	LAX_LV_ENDOCARDIAL	9	1.0	15
29.65873	-2.05642	-92.82235	LAX_LV_ENDOCARDIAL	9	1.0	15
27.85594	0.11192	-91.43097	LAX_LV_ENDOCARDIAL	9	1.0	15
26.05315	2.28025	-90.03958	LAX_LV_ENDOCARDIAL	9	1.0	15
24.25036	4.44859	-88.64819	LAX_LV_ENDOCARDIAL	9	1.0	15
22.50261	6.65207	-88.66154	LAX_LV_ENDOCARDIAL	9	1.0	15
20.69982	8.82041	-87.27015	LAX_LV_ENDOCARDIAL	9	1.0	15
18.89703	10.98874	-85.87877	LAX_LV_ENDOCARDIAL	9	1.0	15
17.14928	13.19223	-85.89211	LAX_LV_ENDOCARDIAL	9	1.0	15
15.34649	15.36057	-84.50073	LAX_LV_ENDOCARDIAL	9	1.0	15
13.59874	17.56405	-84.51407	LAX_LV_ENDOCARDIAL	9	1.0	15
11.74091	19.69724	-81.71795	LAX_LV_ENDOCARDIAL	9	1.0	15
9.93812	21.86557	-80.32656	LAX_LV_ENDOCARDIAL	9	1.0	15
8.13532	24.03391	-78.93518	LAX_LV_ENDOCARDIAL	9	1.0	15
6.33253	26.20224	-77.54379	LAX_LV_ENDOCARDIAL	9	1.0	15
4.47470	28.33542	-74.74767	LAX_LV_ENDOCARDIAL	9	1.0	15
2.67191	30.50376	-73.35628	LAX_LV_ENDOCARDIAL	9	1.0	15
0.81407	32.63694	-70.56017	LAX_LV_ENDOCARDIAL	9	1.0	15
-0.16989	33.66838	-67.75737	LAX_LV_ENDOCARDIAL	9	1.0	15
-1.15385	34.69982	-64.95458	LAX_LV_ENDOCARDIAL	9	1.0	15
-2.13782	35.73126	-62.15179	LAX_LV_ENDOCARDIAL	9	1.0	15
-3.99565	37.86444	-59.35567	LAX_LV_ENDOCARDIAL	9	1.0	15
6.75237	21.49093	-21.33447	LAX_LV_ENDOCARDIAL	9	1.0	15
8.50012	19.28745	-21.32112	LAX_LV_ENDOCARDIAL	9	1.0	15
10.24786	17.08396	-21.30777	LAX_LV_ENDOCARDIAL	9	1.0	15
17.83750	6.99251	-14.22406	LAX_LV_EPICARDIAL	9	1.0	15
19.64029	4.82418	-15.61544	LAX_LV_EPICARDIAL	9	1.0	15
21.38804	2.62069	-15.60210	LAX_LV_EPICARDIAL	9	1.0	15
23.19083	0.45235	-16.99348	LAX_LV_EPICARDIAL	9	1.0	15
24.99362	-1.71598	-18.38487	LAX_LV_EPICARDIAL	9	1.0	15
26.79641	-3.88432	-19.77626	LAX_LV_EPICARDIAL	9	1.0	15
28.59920	-6.05265	-21.16764	LAX_LV_EPICARDIAL	9	1.0	15
30.40199	-8.22099	-22.55903	LAX_LV_EPICARDIAL	9	1.0	15
32.25983	-10.35417	-25.35515	LAX_LV_EPICARDIAL	9	1.0	15
33.24379	-11.38561	-28.15794	LAX_LV_EPICARDIAL	9	1.0	15
34.22775	-12.41705	-30.96073	LAX_LV_EPICARDIAL	9	1.0	15
36.08559	-14.55023	-33.75685	LAX_LV_EPICARDIAL	9	1.0	15
37.06955	-15.58167	-36.55965	LAX_LV_EPICARDIAL	9	1.0	15
38.05352	-16.61311	-39.36244	LAX_LV_EPICARDIAL	9	1.0	15
39.03748	-17.64455	-42.16523	LAX_LV_EPICARDIAL	9	1.0	15
39.14757	-17.57425	-44.97470	LAX_LV_EPICARDIAL	9	1.0	15
40.13153	-18.60569	-47.77749	LAX_LV_EPICARDIAL	9	1.0	15
41.11549	-19.63713	-50.58028	LAX_LV_EPICARDIAL	9	1.0	15
42.09945	-20.66857	-53.38307	LAX_LV_EPICARDIAL	9	1.0	15
43.08342	-21.70001	-56.18587	LAX_LV_EPICARDIAL	9	1.0	15
43.19351	-21.62970	-58.99533	LAX_LV_EPICARDIAL	9	1.0	15
44.17747	-22.66114	-61.79812	LAX_LV_EPICARDIAL	9	1.0	15
45.16143	-23.69258	-64.60092	LAX_LV_EPICARDIAL	9	1.0	15
45.27152	-23.62228	-67.41038	LAX_LV_EPICARDIAL	9	1.0	15
46.25548	-24.65372	-70.21317	LAX_LV_EPICARDIAL	9	1.0	15
46.36557	-24.58341	-73.02264	LAX_LV_EPICARDIAL	9	1.0	15
46.47566	-24.51311	-75.83211	LAX_LV_EPICARDIAL	9	1.0	15
46.58575	-24.44281	-78.64157	LAX_LV_EPICARDIAL	9	1.0	15
46.69584	-24.37250	-81.45104	LAX_LV_EPICARDIAL	9	1.0	15
46.80593	-24.30220	-84.26050	LAX_LV_EPICARDIAL	9	1.0	15
46.04214	-23.13015	-87.07664	LAX_LV_EPICARDIAL	9	1.0	15
46.15223	-23.05985	-89.88610	LAX_LV_EPICARDIAL	9	1.0	15
45.38845	-21.88780	-92.70224	LAX_LV_EPICARDIAL	9	1.0	15
45.49854	-21.81750	-95.51171	LAX_LV_EPICARDIAL	9	1.0	15
44.73475	-20.64545	-98.32785	LAX_LV_EPICARDIAL	9	1.0	15
43.09710	-18.37166	-101.15066	LAX_LV_EPICARDIAL	9	1.0	15
42.27827	-17.23476	-102.56206	LAX_LV_EPICARDIAL	9	1.0	15
40.58556	-14.99612	-103.98014	LAX_LV_EPICARDIAL	9	1.0	15
38.83782	-12.79264	-103.99349	LAX_LV_EPICARDIAL	9	1.0	15
37.09007	-10.58915	-104.00683	LAX_LV_EPICARDIAL	9	1.0	15
35.28728	-8.42082	-102.61545	LAX_LV_EPICARDIAL	9	1.0	15
33.48449	-6.25248	-101.22406	LAX_LV_EPICARDIAL	9	1.0	15
31.68170	-4.08415	-99.83267	LAX_LV_EPICARDIAL	9	1.0	15
29.93395	-1.88066	-99.84602	LAX_LV_EPICARDIAL	9	1.0	15
28.13116	0.28768	-98.45463	LAX_LV_EPICARDIAL	9	1.0	15
26.32837	2.45601	-97.06324	LAX_LV_EPICARDIAL	9	1.0	15
24.58062	4.65950	-97.07659	LAX_LV_EPICARDIAL	9	1.0	15
22.77783	6.82783	-95.68520	LAX_LV_EPICARDIAL	9	1.0	15
21.03009	9.03132	-95.69855	LAX_LV_EPICARDIAL	9	1.0	15
19.22729	11.19966	-94.30716	LAX_LV_EPICARDIAL	9	1.0	15
17.42450	13.36799	-92.91578	LAX_LV_EPICARDIAL	9	1.0	15
15.67676	15.57148	-92.92912	LAX_LV_EPICARDIAL	9	1.0	15
13.87397	17.73981	-91.53773	LAX_LV_EPICARDIAL	9	1.0	15
12.07117	19.90815	-90.14635	LAX_LV_EPICARDIAL	9	1.0	15
10.26838	22.07648	-88.75496	LAX_LV_EPICARDIAL	9	1.0	15
8.46559	24.24482	-87.36357	LAX_LV_EPICARDIAL	9	1.0	15
6.66280	26.41315	-85.97219	LAX_LV_EPICARDIAL	9	1.0	15
4.91505	28.61664	-85.98553	LAX_LV_EPICARDIAL	9	1.0	15
3.05722	30.74982	-83.18941	LAX_LV_EPICARDIAL	9	1.0	15
1.25443	32.91816	-81.79803	LAX_LV_EPICARDIAL	9	1.0	15
-0.54836	35.08649	-80.40664	LAX_LV_EPICARDIAL	9	1.0	15
-2.40620	37.21968	-77.61052	LAX_LV_EPICARDIAL	9	1.0	15
-3.33512	38.28627	-76.21246	LAX_LV_EPICARDIAL	9	1.0	15
-5.19295	40.41945	-73.41634	LAX_LV_EPICARDIAL	9	1.0	15
-6.17692	41.45089	-70.61355	LAX_LV_EPICARDIAL	9	1.0	15
-7.16088	42.48233	-67.81076	LAX_LV_EPICARDIAL	9	1.0	15
-7.27097	42.41203	-65.00129	LAX_LV_EPICARDIAL	9	1.0	15
-7.38106	42.34172	-62.19183	LAX_LV_EPICARDIAL	9	1.0	15
-6.61727	41.16967	-59.37569	LAX_LV_EPICARDIAL	9	1.0	15
-4.86953	38.96619	-59.36234	LAX_LV_EPICARDIAL	9	1.0	15
5.71336	22.48722	-17.12694	LAX_LV_EPICARDIAL	9	1.0	15
7.40607	20.24858	-15.70886	LAX_LV_EPICARDIAL	9	1.0	15
9.09877	18.00994	-14.29078	LAX_LV_EPICARDIAL	9	1.0	15
10.84651	15.80646	-14.27744	LAX_LV_EPICARDIAL	9	1.0	15
12.59426	13.60297	-14.26409	LAX_LV_EPICARDIAL	9	1.0	15
14.34201	11.39948	-14.25075	LAX_LV_EPICARDIAL	9	1.0	15
16.08975	9.19600	-14.23740	LAX_LV_EPICARDIAL	9	1.0	15
4.87693	23.88330	-21.72361	MITRAL_VALVE	9	1.0	15
-4.27024	37.89049	-55.05508	MITRAL_VALVE	9	1.0	15
44.14729	-19.77860	-100.02852	APEX_POINT	9	1.0	15
-7.62175	37.20859	10.87429	LAX_LA	9	1.0	15
-5.81896	35.04026	9.48290	LAX_LA	9	1.0	15
-4.83500	34.00882	6.68011	LAX_LA	9	1.0	15
-3.85104	32.97738	3.87732	LAX_LA	9	1.0	15
-2.86707	31.94594	1.07453	LAX_LA	9	1.0	15
-1.00924	29.81276	-1.72159	LAX_LA	9	1.0	15
-0.02528	28.78132	-4.52438	LAX_LA	9	1.0	15
0.95869	27.74988	-7.32718	LAX_LA	9	1.0	15
1.06877	27.82018	-10.13664	LAX_LA	9	1.0	15
2.05274	26.78874	-12.93943	LAX_LA	9	1.0	15
3.03670	25.75730	-15.74223	LAX_LA	9	1.0	15
3.14679	25.82760	-18.55169	LAX_LA	9	1.0	15
-5.08970	38.82558	-53.74341	LAX_LA	9	1.0	15
-6.94754	40.95876	-50.94729	LAX_LA	9	1.0	15
-7.93150	41.99020	-48.14450	LAX_LA	9	1.0	15
-9.78934	44.12339	-45.34838	LAX_LA	9	1.0	15
-10.77330	45.15483	-42.54559	LAX_LA	9	1.0	15
-11.75726	46.18626	-39.74279	LAX_LA	9	1.0	15
-12.74122	47.21770	-36.94000	LAX_LA	9	1.0	15
-12.85131	47.14740	-34.13054	LAX_LA	9	1.0	15
-13.83528	48.17884	-31.32774	LAX_LA	9	1.0	15
-13.94537	48.10854	-28.51828	LAX_LA	9	1.0	15
-14.05545	48.03823	-25.70881	LAX_LA	9	1.0	15
-15.03942	49.06967	-22.90602	LAX_LA	9	1.0	15
-15.14951	48.99937	-20.09656	LAX_LA	9	1.0	15
-15.25959	48.92907	-17.28709	LAX_LA	9	1.0	15
-15.36968	48.85876	-14.47763	LAX_LA	9	1.0	15
-15.47977	48.78846	-11.66816	LAX_LA	9	1.0	15
-15.58986	48.71815	-8.85869	LAX_LA	9	1.0	15
-15.69995	48.64785	-6.04923	LAX_LA	9	1.0	15
-15.81004	48.57755	-3.23976	LAX_LA	9	1.0	15
-15.04626	47.40550	-0.42363	LAX_LA	9	1.0	15
-14.28247	46.23345	2.39251	LAX_LA	9	1.0	15
-13.51869	45.06140	5.20865	LAX_LA	9	1.0	15
-11.88103	42.78761	8.03146	LAX_LA	9	1.0	15
-10.24337	40.51382	10.85427	LAX_LA	9	1.0	15
-8.49563	38.31034	10.86762	LAX_LA	9	1.0	15
-31.03982	-10.52195	-2.05479	LAX_RV_FREEWALL	8	1.0	1.0
-29.79377	-13.23885	-4.67893	LAX_RV_FREEWALL	8	1.0	1.0
-28.26880	-14.59730	-7.06991	LAX_RV_FREEWALL	8	1.0	1.0
-26.74383	-15.95575	-9.46089	LAX_RV_FREEWALL	8	1.0	1.0
-25.21886	-17.31420	-11.85187	LAX_RV_FREEWALL	8	1.0	1.0
-23.69389	-18.67265	-14.24284	LAX_RV_FREEWALL	8	1.0	1.0
-21.89001	-18.67265	-16.40066	LAX_RV_FREEWALL	8	1.0	1.0
-20.36504	-20.03110	-18.79164	LAX_RV_FREEWALL	8	1.0	1.0
-18.84008	-21.38955	-21.18262	LAX_RV_FREEWALL	8	1.0	1.0
-17.31511	-22.74800	-23.57360	LAX_RV_FREEWALL	8	1.0	1.0
-15.79014	-24.10646	-25.96458	LAX_RV_FREEWALL	8	1.0	1.0
-13.98626	-24.10646	-28.12240	LAX_RV_FREEWALL	8	1.0	1.0
-12.18238	-24.10646	-30.28021	LAX_RV_FREEWALL	8	1.0	1.0
-10.37850	-24.10646	-32.43803	LAX_RV_FREEWALL	8	1.0	1.0
-8.57461	-24.10646	-34.59585	LAX_RV_FREEWALL	8	1.0	1.0
-6.49182	-22.74802	-36.52050	LAX_RV_FREEWALL	8	1.0	1.0
-4.68794	-22.74802	-38.67832	LAX_RV_FREEWALL	8	1.0	1.0
-2.88406	-22.74802	-40.83614	LAX_RV_FREEWALL	8	1.0	1.0
-1.35909	-24.10647	-43.22712	LAX_RV_FREEWALL	8	1.0	1.0
0.44479	-24.10647	-45.38494	LAX_RV_FREEWALL	8	1.0	1.0
1.96976	-25.46492	-47.77592	LAX_RV_FREEWALL	8	1.0	1.0
4.05255	-24.10647	-49.70057	LAX_RV_FREEWALL	8	1.0	1.0
5.85644	-24.10648	-51.85839	LAX_RV_FREEWALL	8	1.0	1.0
-12.16427	-6.44662	-22.93348	LAX_RV_FREEWALL	8	1.0	1.0
-13.96815	-6.44662	-20.77566	LAX_RV_FREEWALL	8	1.0	1.0
-15.77204	-6.44662	-18.61784	LAX_RV_FREEWALL	8	1.0	1.0
-17.29700	-5.08817	-16.22686	LAX_RV_FREEWALL	8	1.0	1.0
-19.10088	-5.08817	-14.06904	LAX_RV_FREEWALL	8	1.0	1.0
-20.62585	-3.72972	-11.67806	LAX_RV_FREEWALL	8	1.0	1.0
-22.42973	-3.72971	-9.52025	LAX_RV_FREEWALL	8	1.0	1.0
-24.23362	-3.72971	-7.36243	LAX_RV_FREEWALL	8	1.0	1.0
-26.31641	-5.08816	-5.43777	LAX_RV_FREEWALL	8	1.0	1.0
-28.39920	-6.44661	-3.51312	LAX_RV_FREEWALL	8	1.0	1.0
-30.48200	-7.80505	-1.58846	LAX_RV_FREEWALL	8	1.0	1.0
-33.12262	-11.88040	-0.13013	LAX_RV_EPICARDIAL	8	1.0	1.0
-32.77850	-14.59730	-1.67536	LAX_RV_EPICARDIAL	8	1.0	1.0
-31.25353	-15.95575	-4.06634	LAX_RV_EPICARDIAL	8	1.0	1.0
-29.72857	-17.31420	-6.45732	LAX_RV_EPICARDIAL	8	1.0	1.0
-28.20360	-18.67265	-8.84830	LAX_RV_EPICARDIAL	8	1.0	1.0
-26.67863	-20.03110	-11.23928	LAX_RV_EPICARDIAL	8	1.0	1.0
-25.15366	-21.38955	-13.63026	LAX_RV_EPICARDIAL	8	1.0	1.0
-23.62869	-22.74800	-16.02124	LAX_RV_EPICARDIAL	8	1.0	1.0
-22.10372	-24.10645	-18.41222	LAX_RV_EPICARDIAL	8	1.0	1.0
-20.57876	-25.46490	-20.80320	LAX_RV_EPICARDIAL	8	1.0	1.0
-19.05379	-26.82335	-23.19418	LAX_RV_EPICARDIAL	8	1.0	1.0
-17.24991	-26.82335	-25.35199	LAX_RV_EPICARDIAL	8	1.0	1.0
-15.44602	-26.82335	-27.50981	LAX_RV_EPICARDIAL	8	1.0	1.0
-13.64214	-26.82336	-29.66763	LAX_RV_EPICARDIAL	8	1.0	1.0
-11.83826	-26.82336	-31.82545	LAX_RV_EPICARDIAL	8	1.0	1.0
-10.03438	-26.82336	-33.98326	LAX_RV_EPICARDIAL	8	1.0	1.0
-8.23050	-26.82336	-36.14108	LAX_RV_EPICARDIAL	8	1.0	1.0
-6.42662	-26.82336	-38.29890	LAX_RV_EPICARDIAL	8	1.0	1.0
-4.62274	-26.82336	-40.45672	LAX_RV_EPICARDIAL	8	1.0	1.0
-2.81886	-26.82337	-42.61453	LAX_RV_EPICARDIAL	8	1.0	1.0
-1.01497	-26.82337	-44.77235	LAX_RV_EPICARDIAL	8	1.0	1.0
0.78891	-26.82337	-46.93017	LAX_RV_EPICARDIAL	8	1.0	1.0
2.59279	-26.82337	-49.08799	LAX_RV_EPICARDIAL	8	1.0	1.0
4.39667	-26.82337	-51.24580	LAX_RV_EPICARDIAL	8	1.0	1.0
6.47946	-25.46493	-53.17046	LAX_RV_EPICARDIAL	8	1.0	1.0
8.28334	-25.46493	-55.32828	LAX_RV_EPICARDIAL	8	1.0	1.0
8.56226	-24.10648	-55.09512	LAX_RV_EPICARDIAL	8	1.0	1.0
7.03729	-22.74803	-52.70414	LAX_RV_EPICARDIAL	8	1.0	1.0
-12.85250	-1.01282	-19.84301	LAX_RV_EPICARDIAL	8	1.0	1.0
-14.93530	-2.37127	-17.91835	LAX_RV_EPICARDIAL	8	1.0	1.0
-16.73918	-2.37127	-15.76054	LAX_RV_EPICARDIAL	8	1.0	1.0
-18.54306	-2.37127	-13.60272	LAX_RV_EPICARDIAL	8	1.0	1.0
-20.34694	-2.37127	-11.44490	LAX_RV_EPICARDIAL	8	1.0	1.0
-21.87191	-1.01282	-9.05392	LAX_RV_EPICARDIAL	8	1.0	1.0
-23.67579	-1.01281	-6.89610	LAX_RV_EPICARDIAL	8	1.0	1.0
-25.75858	-2.37126	-4.97145	LAX_RV_EPICARDIAL	8	1.0	1.0
-27.84138	-3.72971	-3.04679	LAX_RV_EPICARDIAL	8	1.0	1.0
-29.92417	-5.08816	-1.12214	LAX_RV_EPICARDIAL	8	1.0	1.0
-32.28588	-7.80505	0.56936	LAX_RV_EPICARDIAL	8	1.0	1.0
-32.84370	-10.52195	0.10303	LAX_RV_EPICARDIAL	8	1.0	1.0
7.93923	-22.74803	-53.78304	LAX_RV_SEPTUM	8	1.0	1.0
6.41426	-21.38958	-51.39207	LAX_RV_SEPTUM	8	1.0	1.0
4.88929	-20.03113	-49.00109	LAX_RV_SEPTUM	8	1.0	1.0
3.36432	-18.67268	-46.61011	LAX_RV_SEPTUM	8	1.0	1.0
1.83936	-17.31423	-44.21913	LAX_RV_SEPTUM	8	1.0	1.0
0.31439	-15.95578	-41.82815	LAX_RV_SEPTUM	8	1.0	1.0
-1.21058	-14.59733	-39.43717	LAX_RV_SEPTUM	8	1.0	1.0
-2.45664	-11.88043	-36.81303	LAX_RV_SEPTUM	8	1.0	1.0
-3.98160	-10.52198	-34.42205	LAX_RV_SEPTUM	8	1.0	1.0
-5.50657	-9.16353	-32.03107	LAX_RV_SEPTUM	8	1.0	1.0
-7.03154	-7.80508	-29.64009	LAX_RV_SEPTUM	8	1.0	1.0
-8.55651	-6.44662	-27.24911	LAX_RV_SEPTUM	8	1.0	1.0
-10.36039	-6.44662	-25.09129	LAX_RV_SEPTUM	8	1.0	1.0
-10.70451	-3.72972	-23.54606	LAX_LV_EPICARDIAL	8	1.0	1.0
10.36614	-24.10648	-57.25293	LAX_LV_EPICARDIAL	8	1.0	1.0
12.17002	-24.10648	-59.41075	LAX_LV_EPICARDIAL	8	1.0	1.0
13.97390	-24.10648	-61.56857	LAX_LV_EPICARDIAL	8	1.0	1.0
15.77778	-24.10649	-63.72639	LAX_LV_EPICARDIAL	8	1.0	1.0
17.30275	-25.46494	-66.11737	LAX_LV_EPICARDIAL	8	1.0	1.0
19.10663	-25.46494	-68.27518	LAX_LV_EPICARDIAL	8	1.0	1.0
20.63160	-26.82339	-70.66616	LAX_LV_EPICARDIAL	8	1.0	1.0
22.43548	-26.82339	-72.82398	LAX_LV_EPICARDIAL	8	1.0	1.0
24.23936	-26.82339	-74.98180	LAX_LV_EPICARDIAL	8	1.0	1.0
25.76433	-28.18184	-77.37278	LAX_LV_EPICARDIAL	8	1.0	1.0
27.56821	-28.18184	-79.53059	LAX_LV_EPICARDIAL	8	1.0	1.0
29.37209	-28.18185	-81.68841	LAX_LV_EPICARDIAL	8	1.0	1.0
31.17598	-28.18185	-83.84623	LAX_LV_EPICARDIAL	8	1.0	1.0
32.97986	-28.18185	-86.00405	LAX_LV_EPICARDIAL	8	1.0	1.0
34.78374	-28.18185	-88.16186	LAX_LV_EPICARDIAL	8	1.0	1.0
36.86653	-26.82340	-90.08652	LAX_LV_EPICARDIAL	8	1.0	1.0
38.94933	-25.46496	-92.01118	LAX_LV_EPICARDIAL	8	1.0	1.0
41.03212	-24.10651	-93.93583	LAX_LV_EPICARDIAL	8	1.0	1.0
43.39383	-21.38961	-95.62732	LAX_LV_EPICARDIAL	8	1.0	1.0
44.85359	-18.67272	-96.23991	LAX_LV_EPICARDIAL	8	1.0	1.0
46.31336	-15.95582	-96.85249	LAX_LV_EPICARDIAL	8	1.0	1.0
46.87119	-13.23892	-96.38617	LAX_LV_EPICARDIAL	8	1.0	1.0
47.42901	-10.52203	-95.91985	LAX_LV_EPICARDIAL	8	1.0	1.0
47.08490	-7.80513	-94.37461	LAX_LV_EPICARDIAL	8	1.0	1.0
47.64272	-5.08823	-93.90829	LAX_LV_EPICARDIAL	8	1.0	1.0
46.39667	-2.37133	-91.28415	LAX_LV_EPICARDIAL	8	1.0	1.0
46.05255	0.34557	-89.73892	LAX_LV_EPICARDIAL	8	1.0	1.0
45.70844	3.06247	-88.19368	LAX_LV_EPICARDIAL	8	1.0	1.0
44.46238	5.77937	-85.56954	LAX_LV_EPICARDIAL	8	1.0	1.0
44.11827	8.49626	-84.02431	LAX_LV_EPICARDIAL	8	1.0	1.0
43.77415	11.21316	-82.47908	LAX_LV_EPICARDIAL	8	1.0	1.0
43.43004	13.93006	-80.93385	LAX_LV_EPICARDIAL	8	1.0	1.0
43.08592	16.64696	-79.38861	LAX_LV_EPICARDIAL	8	1.0	1.0
42.74181	19.36386	-77.84338	LAX_LV_EPICARDIAL	8	1.0	1.0
42.39769	22.08076	-76.29815	LAX_LV_EPICARDIAL	8	1.0	1.0
41.15163	24.79765	-73.67401	LAX_LV_EPICARDIAL	8	1.0	1.0
40.80752	27.51455	-72.12877	LAX_LV_EPICARDIAL	8	1.0	1.0
40.46340	30.23145	-70.58354	LAX_LV_EPICARDIAL	8	1.0	1.0
40.11929	32.94835	-69.03831	LAX_LV_EPICARDIAL	8	1.0	1.0
38.87323	35.66525	-66.41417	LAX_LV_EPICARDIAL	8	1.0	1.0
38.52912	38.38215	-64.86894	LAX_LV_EPICARDIAL	8	1.0	1.0
37.00415	39.74060	-62.47796	LAX_LV_EPICARDIAL	8	1.0	1.0
35.75809	42.45750	-59.85382	LAX_LV_EPICARDIAL	8	1.0	1.0
34.51204	45.17440	-57.22967	LAX_LV_EPICARDIAL	8	1.0	1.0
32.98707	46.53285	-54.83869	LAX_LV_EPICARDIAL	8	1.0	1.0
31.46210	47.89130	-52.44771	LAX_LV_EPICARDIAL	8	1.0	1.0
29.93713	49.24975	-50.05674	LAX_LV_EPICARDIAL	8	1.0	1.0
28.13325	49.24975	-47.89892	LAX_LV_EPICARDIAL	8	1.0	1.0
26.60828	50.60820	-45.50794	LAX_LV_EPICARDIAL	8	1.0	1.0
24.80440	50.60820	-43.35012	LAX_LV_EPICARDIAL	8	1.0	1.0
23.00052	50.60820	-41.19230	LAX_LV_EPICARDIAL	8	1.0	1.0
21.19664	50.60821	-39.03449	LAX_LV_EPICARDIAL	8	1.0	1.0
19.39276	50.60821	-36.87667	LAX_LV_EPICARDIAL	8	1.0	1.0
17.30997	49.24976	-34.95201	LAX_LV_EPICARDIAL	8	1.0	1.0
14.94826	46.53286	-33.26052	LAX_LV_EPICARDIAL	8	1.0	1.0
-2.69934	22.08080	-22.35271	LAX_LV_EPICARDIAL	8	1.0	1.0
-4.78214	20.72235	-20.42806	LAX_LV_EPICARDIAL	8	1.0	1.0
-7.50606	3.06252	-24.53807	LAX_LV_ENDOCARDIAL	8	1.0	1.0
-5.42327	4.42096	-26.46272	LAX_LV_ENDOCARDIAL	8	1.0	1.0
-3.61939	4.42096	-28.62054	LAX_LV_ENDOCARDIAL	8	1.0	1.0
-1.53659	5.77941	-30.54520	LAX_LV_ENDOCARDIAL	8	1.0	1.0
-0.01162	4.42096	-32.93618	LAX_LV_ENDOCARDIAL	8	1.0	1.0
1.51335	3.06251	-35.32716	LAX_LV_ENDOCARDIAL	8	1.0	1.0
3.03831	1.70406	-37.71813	LAX_LV_ENDOCARDIAL	8	1.0	1.0
4.28437	-1.01284	-40.34228	LAX_LV_ENDOCARDIAL	8	1.0	1.0
5.53042	-3.72974	-42.96642	LAX_LV_ENDOCARDIAL	8	1.0	1.0
6.77648	-6.44664	-45.59056	LAX_LV_ENDOCARDIAL	8	1.0	1.0
8.02254	-9.16354	-48.21470	LAX_LV_ENDOCARDIAL	8	1.0	1.0
9.26859	-11.88044	-50.83884	LAX_LV_ENDOCARDIAL	8	1.0	1.0
10.79356	-13.23889	-53.22982	LAX_LV_ENDOCARDIAL	8	1.0	1.0
12.31853	-14.59734	-55.62080	LAX_LV_ENDOCARDIAL	8	1.0	1.0
14.12241	-14.59734	-57.77862	LAX_LV_ENDOCARDIAL	8	1.0	1.0
15.64738	-15.95579	-60.16960	LAX_LV_ENDOCARDIAL	8	1.0	1.0
17.45126	-15.95579	-62.32741	LAX_LV_ENDOCARDIAL	8	1.0	1.0
18.97623	-17.31424	-64.71839	LAX_LV_ENDOCARDIAL	8	1.0	1.0
20.78011	-17.31425	-66.87621	LAX_LV_ENDOCARDIAL	8	1.0	1.0
22.30508	-18.67270	-69.26719	LAX_LV_ENDOCARDIAL	8	1.0	1.0
24.10896	-18.67270	-71.42501	LAX_LV_ENDOCARDIAL	8	1.0	1.0
25.63393	-20.03115	-73.81599	LAX_LV_ENDOCARDIAL	8	1.0	1.0
27.15890	-21.38960	-76.20697	LAX_LV_ENDOCARDIAL	8	1.0	1.0
28.96278	-21.38960	-78.36478	LAX_LV_ENDOCARDIAL	8	1.0	1.0
30.76666	-21.38960	-80.52260	LAX_LV_ENDOCARDIAL	8	1.0	1.0
32.57054	-21.38960	-82.68042	LAX_LV_ENDOCARDIAL	8	1.0	1.0
34.37442	-21.38961	-84.83824	LAX_LV_ENDOCARDIAL	8	1.0	1.0
35.89939	-22.74806	-87.22922	LAX_LV_ENDOCARDIAL	8	1.0	1.0
37.70327	-22.74806	-89.38703	LAX_LV_ENDOCARDIAL	8	1.0	1.0
39.78606	-21.38961	-91.31169	LAX_LV_ENDOCARDIAL	8	1.0	1.0
41.86886	-20.03116	-93.23634	LAX_LV_ENDOCARDIAL	8	1.0	1.0
43.32862	-17.31427	-93.84893	LAX_LV_ENDOCARDIAL	8	1.0	1.0
43.88645	-14.59737	-93.38261	LAX_LV_ENDOCARDIAL	8	1.0	1.0
43.54234	-11.88047	-91.83737	LAX_LV_ENDOCARDIAL	8	1.0	1.0
43.19822	-9.16357	-90.29214	LAX_LV_ENDOCARDIAL	8	1.0	1.0
42.85411	-6.44667	-88.74691	LAX_LV_ENDOCARDIAL	8	1.0	1.0
42.50999	-3.72978	-87.20168	LAX_LV_ENDOCARDIAL	8	1.0	1.0
41.26393	-1.01288	-84.57754	LAX_LV_ENDOCARDIAL	8	1.0	1.0
40.91982	1.70402	-83.03230	LAX_LV_ENDOCARDIAL	8	1.0	1.0
40.57570	4.42092	-81.48707	LAX_LV_ENDOCARDIAL	8	1.0	1.0
39.32965	7.13782	-78.86293	LAX_LV_ENDOCARDIAL	8	1.0	1.0
38.98553	9.85472	-77.31770	LAX_LV_ENDOCARDIAL	8	1.0	1.0
38.64142	12.57162	-75.77246	LAX_LV_ENDOCARDIAL	8	1.0	1.0
37.39536	15.28852	-73.14832	LAX_LV_ENDOCARDIAL	8	1.0	1.0
37.05125	18.00541	-71.60309	LAX_LV_ENDOCARDIAL	8	1.0	1.0
36.70713	20.72231	-70.05786	LAX_LV_ENDOCARDIAL	8	1.0	1.0
36.36302	23.43921	-68.51262	LAX_LV_ENDOCARDIAL	8	1.0	1.0
35.11696	26.15611	-65.88848	LAX_LV_ENDOCARDIAL	8	1.0	1.0
34.77285	28.87301	-64.34325	LAX_LV_ENDOCARDIAL	8	1.0	1.0
33.52679	31.58991	-61.71911	LAX_LV_ENDOCARDIAL	8	1.0	1.0
32.28074	34.30681	-59.09497	LAX_LV_ENDOCARDIAL	8	1.0	1.0
30.75577	35.66526	-56.70399	LAX_LV_ENDOCARDIAL	8	1.0	1.0
29.23080	37.02371	-54.31301	LAX_LV_ENDOCARDIAL	8	1.0	1.0
27.42692	37.02371	-52.15519	LAX_LV_ENDOCARDIAL	8	1.0	1.0
26.18086	39.74061	-49.53105	LAX_LV_ENDOCARDIAL	8	1.0	1.0
24.65589	41.09906	-47.14007	LAX_LV_ENDOCARDIAL	8	1.0	1.0
23.13093	42.45751	-44.74909	LAX_LV_ENDOCARDIAL	8	1.0	1.0
21.60596	43.81596	-42.35811	LAX_LV_ENDOCARDIAL	8	1.0	1.0
19.52316	42.45751	-40.43346	LAX_LV_ENDOCARDIAL	8	1.0	1.0
17.71928	42.45751	-38.27564	LAX_LV_ENDOCARDIAL	8	1.0	1.0
-1.79740	22.08080	-23.43162	LAX_LV_ENDOCARDIAL	8	1.0	1.0
-3.60128	22.08080	-21.27380	LAX_LV_ENDOCARDIAL	8	1.0	1.0
-33.12262	-11.88040	-0.13013	LAX_RV_EPICARDIAL	8	1.0	1.0
-32.77850	-14.59730	-1.67536	LAX_RV_EPICARDIAL	8	1.0	1.0
-31.25353	-15.95575	-4.06634	LAX_RV_EPICARDIAL	8	1.0	1.0
-29.72857	-17.31420	-6.45732	LAX_RV_EPICARDIAL	8	1.0	1.0
-28.20360	-18.67265	-8.84830	LAX_RV_EPICARDIAL	8	1.0	1.0
-26.67863	-20.03110	-11.23928	LAX_RV_EPICARDIAL	8	1.0	1.0
-25.15366	-21.38955	-13.63026	LAX_RV_EPICARDIAL	8	1.0	1.0
-23.62869	-22.74800	-16.02124	LAX_RV_EPICARDIAL	8	1.0	1.0
-22.10372	-24.10645	-18.41222	LAX_RV_EPICARDIAL	8	1.0	1.0
-20.57876	-25.46490	-20.80320	LAX_RV_EPICARDIAL	8	1.0	1.0
-19.05379	-26.82335	-23.19418	LAX_RV_EPICARDIAL	8	1.0	1.0
-17.24991	-26.82335	-25.35199	LAX_RV_EPICARDIAL	8	1.0	1.0
-15.44602	-26.82335	-27.50981	LAX_RV_EPICARDIAL	8	1.0	1.0
-13.64214	-26.82336	-29.66763	LAX_RV_EPICARDIAL	8	1.0	1.0
-11.83826	-26.82336	-31.82545	LAX_RV_EPICARDIAL	8	1.0	1.0
-10.03438	-26.82336	-33.98326	LAX_RV_EPICARDIAL	8	1.0	1.0
-8.23050	-26.82336	-36.14108	LAX_RV_EPICARDIAL	8	1.0	1.0
-6.42662	-26.82336	-38.29890	LAX_RV_EPICARDIAL	8	1.0	1.0
-4.62274	-26.82336	-40.45672	LAX_RV_EPICARDIAL	8	1.0	1.0
-2.81886	-26.82337	-42.61453	LAX_RV_EPICARDIAL	8	1.0	1.0
-1.01497	-26.82337	-44.77235	LAX_RV_EPICARDIAL	8	1.0	1.0
0.78891	-26.82337	-46.93017	LAX_RV_EPICARDIAL	8	1.0	1.0
2.59279	-26.82337	-49.08799	LAX_RV_EPICARDIAL	8	1.0	1.0
4.39667	-26.82337	-51.24580	LAX_RV_EPICARDIAL	8	1.0	1.0
6.47946	-25.46493	-53.17046	LAX_RV_EPICARDIAL	8	1.0	1.0
8.28334	-25.46493	-55.32828	LAX_RV_EPICARDIAL	8	1.0	1.0
8.56226	-24.10648	-55.09512	LAX_RV_EPICARDIAL	8	1.0	1.0
7.03729	-22.74803	-52.70414	LAX_RV_EPICARDIAL	8	1.0	1.0
-12.85250	-1.01282	-19.84301	LAX_RV_EPICARDIAL	8	1.0	1.0
-14.93530	-2.37127	-17.91835	LAX_RV_EPICARDIAL	8	1.0	1.0
-16.73918	-2.37127	-15.76054	LAX_RV_EPICARDIAL	8	1.0	1.0
-18.54306	-2.37127	-13.60272	LAX_RV_EPICARDIAL	8	1.0	1.0
-20.34694	-2.37127	-11.44490	LAX_RV_EPICARDIAL	8	1.0	1.0
-21.87191	-1.01282	-9.05392	LAX_RV_EPICARDIAL	8	1.0	1.0
-23.67579	-1.01281	-6.89610	LAX_RV_EPICARDIAL	8	1.0	1.0
-25.75858	-2.37126	-4.97145	LAX_RV_EPICARDIAL	8	1.0	1.0
-27.84138	-3.72971	-3.04679	LAX_RV_EPICARDIAL	8	1.0	1.0
-29.92417	-5.08816	-1.12214	LAX_RV_EPICARDIAL	8	1.0	1.0
-32.28588	-7.80505	0.56936	LAX_RV_EPICARDIAL	8	1.0	1.0
-32.84370	-10.52195	0.10303	LAX_RV_EPICARDIAL	8	1.0	1.0
-23.91849	32.94841	7.56421	LAX_LA	8	1.0	1.0
-22.67244	30.23151	4.94007	LAX_LA	8	1.0	1.0
-21.14747	28.87306	2.54909	LAX_LA	8	1.0	1.0
-19.62250	27.51461	0.15811	LAX_LA	8	1.0	1.0
-17.81862	27.51461	-1.99971	LAX_LA	8	1.0	1.0
-16.01474	27.51461	-4.15752	LAX_LA	8	1.0	1.0
-14.21086	27.51461	-6.31534	LAX_LA	8	1.0	1.0
-12.40698	27.51460	-8.47316	LAX_LA	8	1.0	1.0
-10.60310	27.51460	-10.63098	LAX_LA	8	1.0	1.0
-8.79921	27.51460	-12.78879	LAX_LA	8	1.0	1.0
-6.99533	27.51460	-14.94661	LAX_LA	8	1.0	1.0
-5.19145	27.51460	-17.10443	LAX_LA	8	1.0	1.0
-3.66648	26.15615	-19.49541	LAX_LA	8	1.0	1.0
-1.86260	26.15615	-21.65322	LAX_LA	8	1.0	1.0
15.01346	42.45752	-35.03891	LAX_LA	8	1.0	1.0
13.48849	43.81597	-32.64793	LAX_LA	8	1.0	1.0
11.68461	43.81597	-30.49012	LAX_LA	8	1.0	1.0
9.88073	43.81597	-28.33230	LAX_LA	8	1.0	1.0
8.07685	43.81597	-26.17448	LAX_LA	8	1.0	1.0
6.27297	43.81597	-24.01666	LAX_LA	8	1.0	1.0
4.46909	43.81598	-21.85885	LAX_LA	8	1.0	1.0
2.94412	45.17443	-19.46787	LAX_LA	8	1.0	1.0
1.14024	45.17443	-17.31005	LAX_LA	8	1.0	1.0
-0.10582	47.89133	-14.68591	LAX_LA	8	1.0	1.0
-1.35188	50.60823	-12.06177	LAX_LA	8	1.0	1.0
-2.87684	51.96668	-9.67079	LAX_LA	8	1.0	1.0
-4.68072	51.96668	-7.51297	LAX_LA	8	1.0	1.0
-6.48461	51.96668	-5.35515	LAX_LA	8	1.0	1.0
-8.28849	51.96668	-3.19734	LAX_LA	8	1.0	1.0
-10.37128	50.60824	-1.27268	LAX_LA	8	1.0	1.0
-12.45408	49.24979	0.65198	LAX_LA	8	1.0	1.0
-14.81578	46.53289	2.34347	LAX_LA	8	1.0	1.0
-16.89858	45.17445	4.26812	LAX_LA	8	1.0	1.0
-19.26028	42.45755	5.95962	LAX_LA	8	1.0	1.0
-21.62199	39.74065	7.65111	LAX_LA	8	1.0	1.0
-23.08176	37.02376	8.26370	LAX_LA	8	1.0	1.0
-23.63958	34.30686	7.79737	LAX_LA	8	1.0	1.0
0.32374	24.52768	-24.94800	MITRAL_VALVE	8	1.0	1.0
15.68982	41.87393	-36.09148	MITRAL_VALVE	8	1.0	1.0
-6.15175	21.43936	-18.49054	AORTA_VALVE	8	1.0	1.0
-10.46847	2.66717	-21.15936	AORTA_VALVE	8	1.0	1.0
43.45770	-21.40246	-95.70909	APEX_POINT	8	1.0	1.0
-58.89471	4.68958	-72.18599	LAX_RV_FREEWALL	7	1.0	15
-61.47276	3.08829	-74.75695	LAX_RV_FREEWALL	7	1.0	15
-62.65103	1.48700	-77.19319	LAX_RV_FREEWALL	7	1.0	15
-61.02973	-0.11429	-79.35997	LAX_RV_FREEWALL	7	1.0	15
-60.80822	-1.71558	-81.66148	LAX_RV_FREEWALL	7	1.0	15
-57.78715	-3.31687	-83.69355	LAX_RV_FREEWALL	7	1.0	15
-56.16585	-4.91817	-85.86033	LAX_RV_FREEWALL	7	1.0	15
-54.54456	-6.51946	-88.02712	LAX_RV_FREEWALL	7	1.0	15
-51.52348	-8.12075	-90.05918	LAX_RV_FREEWALL	7	1.0	15
-49.90219	-9.72204	-92.22597	LAX_RV_FREEWALL	7	1.0	15
-46.99187	-10.52269	-93.10727	LAX_RV_FREEWALL	7	1.0	15
-43.97079	-12.12398	-95.13933	LAX_RV_FREEWALL	7	1.0	15
-41.06047	-12.92463	-96.02064	LAX_RV_FREEWALL	7	1.0	15
-38.15015	-13.72527	-96.90195	LAX_RV_FREEWALL	7	1.0	15
-35.12908	-15.32656	-98.93401	LAX_RV_FREEWALL	7	1.0	15
-32.21876	-16.12721	-99.81531	LAX_RV_FREEWALL	7	1.0	15
-29.30844	-16.92786	-100.69662	LAX_RV_FREEWALL	7	1.0	15
-26.50888	-16.92786	-100.42717	LAX_RV_FREEWALL	7	1.0	15
-23.59856	-17.72850	-101.30848	LAX_RV_FREEWALL	7	1.0	15
-20.68824	-18.52915	-102.18978	LAX_RV_FREEWALL	7	1.0	15
-17.77792	-19.32980	-103.07109	LAX_RV_FREEWALL	7	1.0	15
-14.86760	-20.13044	-103.95240	LAX_RV_FREEWALL	7	1.0	15
-11.95728	-20.93109	-104.83370	LAX_RV_FREEWALL	7	1.0	15
-9.04696	-21.73174	-105.71501	LAX_RV_FREEWALL	7	1.0	15
-6.13664	-22.53238	-106.59631	LAX_RV_FREEWALL	7	1.0	15
-3.33708	-22.53238	-106.32687	LAX_RV_FREEWALL	7	1.0	15
-0.53752	-22.53238	-106.05742	LAX_RV_FREEWALL	7	1.0	15
2.37280	-23.33303	-106.93872	LAX_RV_FREEWALL	7	1.0	15
5.17236	-23.33303	-106.66927	LAX_RV_FREEWALL	7	1.0	15
8.08268	-24.13368	-107.55058	LAX_RV_FREEWALL	7	1.0	15
10.88224	-24.13368	-107.28113	LAX_RV_FREEWALL	7	1.0	15
13.79256	-24.93433	-108.16244	LAX_RV_FREEWALL	7	1.0	15
16.59212	-24.93433	-107.89299	LAX_RV_FREEWALL	7	1.0	15
19.39169	-24.93433	-107.62354	LAX_RV_FREEWALL	7	1.0	15
22.08049	-24.13368	-106.20333	LAX_RV_FREEWALL	7	1.0	15
24.65854	-22.53239	-103.63237	LAX_RV_FREEWALL	7	1.0	15
-59.11622	6.29087	-69.88448	LAX_RV_EPICARDIAL	7	1.0	15
-61.91579	6.29087	-70.15393	LAX_RV_EPICARDIAL	7	1.0	15
-64.60459	5.49023	-71.57413	LAX_RV_EPICARDIAL	7	1.0	15
-65.78286	3.88894	-74.01037	LAX_RV_EPICARDIAL	7	1.0	15
-66.96113	2.28765	-76.44661	LAX_RV_EPICARDIAL	7	1.0	15
-66.73962	0.68636	-78.74812	LAX_RV_EPICARDIAL	7	1.0	15
-66.51810	-0.91493	-81.04963	LAX_RV_EPICARDIAL	7	1.0	15
-64.89681	-2.51623	-83.21641	LAX_RV_EPICARDIAL	7	1.0	15
-63.27551	-4.11752	-85.38320	LAX_RV_EPICARDIAL	7	1.0	15
-61.65422	-5.71881	-87.54999	LAX_RV_EPICARDIAL	7	1.0	15
-60.03293	-7.32010	-89.71677	LAX_RV_EPICARDIAL	7	1.0	15
-58.41163	-8.92139	-91.88356	LAX_RV_EPICARDIAL	7	1.0	15
-55.39056	-10.52268	-93.91562	LAX_RV_EPICARDIAL	7	1.0	15
-52.36948	-12.12398	-95.94768	LAX_RV_EPICARDIAL	7	1.0	15
-49.34840	-13.72527	-97.97974	LAX_RV_EPICARDIAL	7	1.0	15
-46.43809	-14.52592	-98.86105	LAX_RV_EPICARDIAL	7	1.0	15
-43.41701	-16.12721	-100.89311	LAX_RV_EPICARDIAL	7	1.0	15
-40.50669	-16.92785	-101.77442	LAX_RV_EPICARDIAL	7	1.0	15
-37.70713	-16.92785	-101.50497	LAX_RV_EPICARDIAL	7	1.0	15
-34.79681	-17.72850	-102.38628	LAX_RV_EPICARDIAL	7	1.0	15
-31.88649	-18.52915	-103.26758	LAX_RV_EPICARDIAL	7	1.0	15
-28.97617	-19.32979	-104.14889	LAX_RV_EPICARDIAL	7	1.0	15
-26.06585	-20.13044	-105.03019	LAX_RV_EPICARDIAL	7	1.0	15
-23.15553	-20.93109	-105.91150	LAX_RV_EPICARDIAL	7	1.0	15
-20.24521	-21.73173	-106.79281	LAX_RV_EPICARDIAL	7	1.0	15
-17.33489	-22.53238	-107.67411	LAX_RV_EPICARDIAL	7	1.0	15
-14.42458	-23.33303	-108.55542	LAX_RV_EPICARDIAL	7	1.0	15
-11.51426	-24.13367	-109.43672	LAX_RV_EPICARDIAL	7	1.0	15
-8.71469	-24.13367	-109.16727	LAX_RV_EPICARDIAL	7	1.0	15
-5.80438	-24.93432	-110.04858	LAX_RV_EPICARDIAL	7	1.0	15
-3.00481	-24.93432	-109.77913	LAX_RV_EPICARDIAL	7	1.0	15
-0.20525	-24.93432	-109.50968	LAX_RV_EPICARDIAL	7	1.0	15
2.70507	-25.73497	-110.39099	LAX_RV_EPICARDIAL	7	1.0	15
5.50463	-25.73497	-110.12154	LAX_RV_EPICARDIAL	7	1.0	15
8.30419	-25.73497	-109.85209	LAX_RV_EPICARDIAL	7	1.0	15
11.10376	-25.73497	-109.58264	LAX_RV_EPICARDIAL	7	1.0	15
13.90332	-25.73497	-109.31319	LAX_RV_EPICARDIAL	7	1.0	15
16.81364	-26.53562	-110.19450	LAX_RV_EPICARDIAL	7	1.0	15
19.61320	-26.53562	-109.92505	LAX_RV_EPICARDIAL	7	1.0	15
22.30201	-25.73497	-108.50484	LAX_RV_EPICARDIAL	7	1.0	15
24.99081	-24.93433	-107.08464	LAX_RV_EPICARDIAL	7	1.0	15
27.67962	-24.13368	-105.66443	LAX_RV_EPICARDIAL	7	1.0	15
27.34735	-21.73175	-102.21217	LAX_RV_EPICARDIAL	7	1.0	15
-26.40753	12.69603	-57.44505	LAX_RV_SEPTUM	7	1.0	15
25.83681	-20.93110	-101.19614	LAX_RV_SEPTUM	7	1.0	15
22.92649	-20.13045	-100.31483	LAX_RV_SEPTUM	7	1.0	15
19.90542	-18.52916	-98.28277	LAX_RV_SEPTUM	7	1.0	15
16.88434	-16.92787	-96.25071	LAX_RV_SEPTUM	7	1.0	15
13.97402	-16.12722	-95.36940	LAX_RV_SEPTUM	7	1.0	15
10.95295	-14.52593	-93.33734	LAX_RV_SEPTUM	7	1.0	15
7.93187	-12.92464	-91.30528	LAX_RV_SEPTUM	7	1.0	15
4.91080	-11.32335	-89.27322	LAX_RV_SEPTUM	7	1.0	15
2.00048	-10.52270	-88.39191	LAX_RV_SEPTUM	7	1.0	15
-1.02060	-8.92141	-86.35985	LAX_RV_SEPTUM	7	1.0	15
-2.64189	-7.32012	-84.19306	LAX_RV_SEPTUM	7	1.0	15
-4.26319	-5.71883	-82.02628	LAX_RV_SEPTUM	7	1.0	15
-7.28426	-4.11753	-79.99421	LAX_RV_SEPTUM	7	1.0	15
-8.90556	-2.51624	-77.82743	LAX_RV_SEPTUM	7	1.0	15
-10.52685	-0.91495	-75.66064	LAX_RV_SEPTUM	7	1.0	15
-12.14815	0.68634	-73.49386	LAX_RV_SEPTUM	7	1.0	15
-13.76944	2.28763	-71.32707	LAX_RV_SEPTUM	7	1.0	15
-15.39074	3.88892	-69.16028	LAX_RV_SEPTUM	7	1.0	15
-18.41181	5.49022	-67.12822	LAX_RV_SEPTUM	7	1.0	15
-20.03311	7.09151	-64.96143	LAX_RV_SEPTUM	7	1.0	15
-21.65440	8.69280	-62.79465	LAX_RV_SEPTUM	7	1.0	15
-23.27569	10.29409	-60.62786	LAX_RV_SEPTUM	7	1.0	15
-24.89699	11.89538	-58.46108	LAX_RV_SEPTUM	7	1.0	15
16.35180	37.51603	-17.32571	LAX_LV_EPICARDIAL	7	1.0	15
-22.46975	24.70571	-39.64481	LAX_LV_EPICARDIAL	7	1.0	15
-25.04780	23.10442	-42.21577	LAX_LV_EPICARDIAL	7	1.0	15
-23.42650	21.50313	-44.38256	LAX_LV_EPICARDIAL	7	1.0	15
-24.60477	19.90184	-46.81880	LAX_LV_EPICARDIAL	7	1.0	15
-24.38326	18.30055	-49.12031	LAX_LV_EPICARDIAL	7	1.0	15
-25.56153	16.69926	-51.55654	LAX_LV_EPICARDIAL	7	1.0	15
-25.34001	15.09797	-53.85805	LAX_LV_EPICARDIAL	7	1.0	15
30.14691	-21.73175	-101.94272	LAX_LV_EPICARDIAL	7	1.0	15
32.94647	-21.73175	-101.67327	LAX_LV_EPICARDIAL	7	1.0	15
35.74604	-21.73175	-101.40382	LAX_LV_EPICARDIAL	7	1.0	15
38.43484	-20.93110	-99.98361	LAX_LV_EPICARDIAL	7	1.0	15
41.23440	-20.93110	-99.71417	LAX_LV_EPICARDIAL	7	1.0	15
43.81245	-19.32981	-97.14321	LAX_LV_EPICARDIAL	7	1.0	15
46.39050	-17.72852	-94.57224	LAX_LV_EPICARDIAL	7	1.0	15
48.96855	-16.12723	-92.00128	LAX_LV_EPICARDIAL	7	1.0	15
50.14682	-14.52594	-89.56505	LAX_LV_EPICARDIAL	7	1.0	15
51.32509	-12.92465	-87.12881	LAX_LV_EPICARDIAL	7	1.0	15
51.10358	-11.32336	-84.82730	LAX_LV_EPICARDIAL	7	1.0	15
52.28184	-9.72207	-82.39107	LAX_LV_EPICARDIAL	7	1.0	15
53.46011	-8.12078	-79.95483	LAX_LV_EPICARDIAL	7	1.0	15
54.63838	-6.51949	-77.51860	LAX_LV_EPICARDIAL	7	1.0	15
55.81665	-4.91820	-75.08236	LAX_LV_EPICARDIAL	7	1.0	15
56.99492	-3.31691	-72.64612	LAX_LV_EPICARDIAL	7	1.0	15
56.77340	-1.71561	-70.34461	LAX_LV_EPICARDIAL	7	1.0	15
56.55189	-0.11432	-68.04310	LAX_LV_EPICARDIAL	7	1.0	15
56.33038	1.48697	-65.74159	LAX_LV_EPICARDIAL	7	1.0	15
57.50865	3.08826	-63.30536	LAX_LV_EPICARDIAL	7	1.0	15
57.28713	4.68955	-61.00385	LAX_LV_EPICARDIAL	7	1.0	15
55.66584	6.29084	-58.83706	LAX_LV_EPICARDIAL	7	1.0	15
55.44433	7.89213	-56.53555	LAX_LV_EPICARDIAL	7	1.0	15
55.22281	9.49342	-54.23404	LAX_LV_EPICARDIAL	7	1.0	15
53.60152	11.09472	-52.06725	LAX_LV_EPICARDIAL	7	1.0	15
53.38001	12.69601	-49.76574	LAX_LV_EPICARDIAL	7	1.0	15
53.15849	14.29730	-47.46423	LAX_LV_EPICARDIAL	7	1.0	15
51.53720	15.89859	-45.29744	LAX_LV_EPICARDIAL	7	1.0	15
51.31568	17.49988	-42.99593	LAX_LV_EPICARDIAL	7	1.0	15
51.09417	19.10117	-40.69442	LAX_LV_EPICARDIAL	7	1.0	15
49.47288	20.70246	-38.52763	LAX_LV_EPICARDIAL	7	1.0	15
47.85158	22.30376	-36.36085	LAX_LV_EPICARDIAL	7	1.0	15
46.23029	23.90505	-34.19406	LAX_LV_EPICARDIAL	7	1.0	15
46.00878	25.50634	-31.89255	LAX_LV_EPICARDIAL	7	1.0	15
44.38748	27.10763	-29.72576	LAX_LV_EPICARDIAL	7	1.0	15
42.76619	28.70892	-27.55898	LAX_LV_EPICARDIAL	7	1.0	15
39.74511	30.31021	-25.52692	LAX_LV_EPICARDIAL	7	1.0	15
38.12382	31.91151	-23.36013	LAX_LV_EPICARDIAL	7	1.0	15
35.10274	33.51280	-21.32807	LAX_LV_EPICARDIAL	7	1.0	15
32.08167	35.11409	-19.29601	LAX_LV_EPICARDIAL	7	1.0	15
29.17135	35.91474	-18.41470	LAX_LV_EPICARDIAL	7	1.0	15
26.26103	36.71538	-17.53340	LAX_LV_EPICARDIAL	7	1.0	15
23.35071	37.51603	-16.65209	LAX_LV_EPICARDIAL	7	1.0	15
20.55115	37.51603	-16.92154	LAX_LV_EPICARDIAL	7	1.0	15
17.75158	37.51603	-17.19099	LAX_LV_EPICARDIAL	7	1.0	15
-20.95921	23.90507	-40.66085	LAX_LV_ENDOCARDIAL	7	1.0	15
-20.73770	22.30377	-42.96236	LAX_LV_ENDOCARDIAL	7	1.0	15
-19.11640	20.70248	-45.12914	LAX_LV_ENDOCARDIAL	7	1.0	15
-18.89489	19.10119	-47.43065	LAX_LV_ENDOCARDIAL	7	1.0	15
-18.67338	17.49990	-49.73216	LAX_LV_ENDOCARDIAL	7	1.0	15
-17.05208	15.89861	-51.89895	LAX_LV_ENDOCARDIAL	7	1.0	15
-15.43079	14.29732	-54.06574	LAX_LV_ENDOCARDIAL	7	1.0	15
-13.80949	12.69603	-56.23252	LAX_LV_ENDOCARDIAL	7	1.0	15
-12.18820	11.09473	-58.39931	LAX_LV_ENDOCARDIAL	7	1.0	15
-10.56691	9.49344	-60.56610	LAX_LV_ENDOCARDIAL	7	1.0	15
-7.54583	7.89215	-62.59816	LAX_LV_ENDOCARDIAL	7	1.0	15
-5.92454	6.29086	-64.76494	LAX_LV_ENDOCARDIAL	7	1.0	15
-2.90346	4.68957	-66.79701	LAX_LV_ENDOCARDIAL	7	1.0	15
-1.28217	3.08827	-68.96379	LAX_LV_ENDOCARDIAL	7	1.0	15
0.33913	1.48698	-71.13058	LAX_LV_ENDOCARDIAL	7	1.0	15
1.96042	-0.11431	-73.29736	LAX_LV_ENDOCARDIAL	7	1.0	15
3.58172	-1.71560	-75.46415	LAX_LV_ENDOCARDIAL	7	1.0	15
5.20301	-3.31689	-77.63094	LAX_LV_ENDOCARDIAL	7	1.0	15
6.82431	-4.91818	-79.79772	LAX_LV_ENDOCARDIAL	7	1.0	15
9.84538	-6.51948	-81.82978	LAX_LV_ENDOCARDIAL	7	1.0	15
11.46668	-8.12077	-83.99657	LAX_LV_ENDOCARDIAL	7	1.0	15
14.48775	-9.72206	-86.02863	LAX_LV_ENDOCARDIAL	7	1.0	15
17.50883	-11.32335	-88.06069	LAX_LV_ENDOCARDIAL	7	1.0	15
20.52990	-12.92464	-90.09276	LAX_LV_ENDOCARDIAL	7	1.0	15
23.55098	-14.52594	-92.12482	LAX_LV_ENDOCARDIAL	7	1.0	15
26.57205	-16.12723	-94.15688	LAX_LV_ENDOCARDIAL	7	1.0	15
29.48237	-16.92787	-95.03819	LAX_LV_ENDOCARDIAL	7	1.0	15
32.50345	-18.52917	-97.07025	LAX_LV_ENDOCARDIAL	7	1.0	15
35.41377	-19.32981	-97.95155	LAX_LV_ENDOCARDIAL	7	1.0	15
38.21333	-19.32981	-97.68210	LAX_LV_ENDOCARDIAL	7	1.0	15
40.90214	-18.52917	-96.26190	LAX_LV_ENDOCARDIAL	7	1.0	15
43.48018	-16.92788	-93.69094	LAX_LV_ENDOCARDIAL	7	1.0	15
44.65845	-15.32659	-91.25470	LAX_LV_ENDOCARDIAL	7	1.0	15
44.43694	-13.72530	-88.95319	LAX_LV_ENDOCARDIAL	7	1.0	15
45.61521	-12.12400	-86.51696	LAX_LV_ENDOCARDIAL	7	1.0	15
45.39369	-10.52271	-84.21545	LAX_LV_ENDOCARDIAL	7	1.0	15
46.57196	-8.92142	-81.77921	LAX_LV_ENDOCARDIAL	7	1.0	15
46.35045	-7.32013	-79.47770	LAX_LV_ENDOCARDIAL	7	1.0	15
47.52872	-5.71884	-77.04146	LAX_LV_ENDOCARDIAL	7	1.0	15
47.30720	-4.11755	-74.73995	LAX_LV_ENDOCARDIAL	7	1.0	15
48.48547	-2.51626	-72.30372	LAX_LV_ENDOCARDIAL	7	1.0	15
48.26396	-0.91497	-70.00221	LAX_LV_ENDOCARDIAL	7	1.0	15
49.44223	0.68632	-67.56597	LAX_LV_ENDOCARDIAL	7	1.0	15
49.22072	2.28762	-65.26446	LAX_LV_ENDOCARDIAL	7	1.0	15
48.99920	3.88891	-62.96295	LAX_LV_ENDOCARDIAL	7	1.0	15
48.77769	5.49020	-60.66144	LAX_LV_ENDOCARDIAL	7	1.0	15
48.55618	7.09149	-58.35993	LAX_LV_ENDOCARDIAL	7	1.0	15
48.33466	8.69278	-56.05842	LAX_LV_ENDOCARDIAL	7	1.0	15
48.11315	10.29407	-53.75690	LAX_LV_ENDOCARDIAL	7	1.0	15
46.49186	11.89536	-51.59012	LAX_LV_ENDOCARDIAL	7	1.0	15
46.27034	13.49665	-49.28861	LAX_LV_ENDOCARDIAL	7	1.0	15
46.04883	15.09795	-46.98710	LAX_LV_ENDOCARDIAL	7	1.0	15
44.42754	16.69924	-44.82031	LAX_LV_ENDOCARDIAL	7	1.0	15
44.20602	18.30053	-42.51880	LAX_LV_ENDOCARDIAL	7	1.0	15
42.58473	19.90182	-40.35201	LAX_LV_ENDOCARDIAL	7	1.0	15
40.96343	21.50311	-38.18523	LAX_LV_ENDOCARDIAL	7	1.0	15
39.34214	23.10440	-36.01844	LAX_LV_ENDOCARDIAL	7	1.0	15
36.32106	24.70570	-33.98638	LAX_LV_ENDOCARDIAL	7	1.0	15
34.69977	26.30699	-31.81959	LAX_LV_ENDOCARDIAL	7	1.0	15
31.67869	27.90828	-29.78753	LAX_LV_ENDOCARDIAL	7	1.0	15
30.05740	29.50957	-27.62074	LAX_LV_ENDOCARDIAL	7	1.0	15
27.03632	31.11086	-25.58868	LAX_LV_ENDOCARDIAL	7	1.0	15
24.12600	31.91151	-24.70738	LAX_LV_ENDOCARDIAL	7	1.0	15
21.21569	32.71216	-23.82607	LAX_LV_ENDOCARDIAL	7	1.0	15
18.30537	33.51280	-22.94476	LAX_LV_ENDOCARDIAL	7	1.0	15
15.28429	35.11409	-20.91270	LAX_LV_ENDOCARDIAL	7	1.0	15
-59.11622	6.29087	-69.88448	LAX_RV_EPICARDIAL	7	1.0	15
-61.91579	6.29087	-70.15393	LAX_RV_EPICARDIAL	7	1.0	15
-64.60459	5.49023	-71.57413	LAX_RV_EPICARDIAL	7	1.0	15
-65.78286	3.88894	-74.01037	LAX_RV_EPICARDIAL	7	1.0	15
-66.96113	2.28765	-76.44661	LAX_RV_EPICARDIAL	7	1.0	15
-66.73962	0.68636	-78.74812	LAX_RV_EPICARDIAL	7	1.0	15
-66.51810	-0.91493	-81.04963	LAX_RV_EPICARDIAL	7	1.0	15
-64.89681	-2.51623	-83.21641	LAX_RV_EPICARDIAL	7	1.0	15
-63.27551	-4.11752	-85.38320	LAX_RV_EPICARDIAL	7	1.0	15
-61.65422	-5.71881	-87.54999	LAX_RV_EPICARDIAL	7	1.0	15
-60.03293	-7.32010	-89.71677	LAX_RV_EPICARDIAL	7	1.0	15
-58.41163	-8.92139	-91.88356	LAX_RV_EPICARDIAL	7	1.0	15
-55.39056	-10.52268	-93.91562	LAX_RV_EPICARDIAL	7	1.0	15
-52.36948	-12.12398	-95.94768	LAX_RV_EPICARDIAL	7	1.0	15
-49.34840	-13.72527	-97.97974	LAX_RV_EPICARDIAL	7	1.0	15
-46.43809	-14.52592	-98.86105	LAX_RV_EPICARDIAL	7	1.0	15
-43.41701	-16.12721	-100.89311	LAX_RV_EPICARDIAL	7	1.0	15
-40.50669	-16.92785	-101.77442	LAX_RV_EPICARDIAL	7	1.0	15
-37.70713	-16.92785	-101.50497	LAX_RV_EPICARDIAL	7	1.0	15
-34.79681	-17.72850	-102.38628	LAX_RV_EPICARDIAL	7	1.0	15
-31.88649	-18.52915	-103.26758	LAX_RV_EPICARDIAL	7	1.0	15
-28.97617	-19.32979	-104.14889	LAX_RV_EPICARDIAL	7	1.0	15
-26.06585	-20.13044	-105.03019	LAX_RV_EPICARDIAL	7	1.0	15
-23.15553	-20.93109	-105.91150	LAX_RV_EPICARDIAL	7	1.0	15
-20.24521	-21.73173	-106.79281	LAX_RV_EPICARDIAL	7	1.0	15
-17.33489	-22.53238	-107.67411	LAX_RV_EPICARDIAL	7	1.0	15
-14.42458	-23.33303	-108.55542	LAX_RV_EPICARDIAL	7	1.0	15
-11.51426	-24.13367	-109.43672	LAX_RV_EPICARDIAL	7	1.0	15
-8.71469	-24.13367	-109.16727	LAX_RV_EPICARDIAL	7	1.0	15
-5.80438	-24.93432	-110.04858	LAX_RV_EPICARDIAL	7	1.0	15
-3.00481	-24.93432	-109.77913	LAX_RV_EPICARDIAL	7	1.0	15
-0.20525	-24.93432	-109.50968	LAX_RV_EPICARDIAL	7	1.0	15
2.70507	-25.73497	-110.39099	LAX_RV_EPICARDIAL	7	1.0	15
5.50463	-25.73497	-110.12154	LAX_RV_EPICARDIAL	7	1.0	15
8.30419	-25.73497	-109.85209	LAX_RV_EPICARDIAL	7	1.0	15
11.10376	-25.73497	-109.58264	LAX_RV_EPICARDIAL	7	1.0	15
13.90332	-25.73497	-109.31319	LAX_RV_EPICARDIAL	7	1.0	15
16.81364	-26.53562	-110.19450	LAX_RV_EPICARDIAL	7	1.0	15
19.61320	-26.53562	-109.92505	LAX_RV_EPICARDIAL	7	1.0	15
22.30201	-25.73497	-108.50484	LAX_RV_EPICARDIAL	7	1.0	15
24.99081	-24.93433	-107.08464	LAX_RV_EPICARDIAL	7	1.0	15
27.67962	-24.13368	-105.66443	LAX_RV_EPICARDIAL	7	1.0	15
27.34735	-21.73175	-102.21217	LAX_RV_EPICARDIAL	7	1.0	15
-13.19441	48.72508	-3.90963	LAX_LA	7	1.0	15
-15.88322	47.92443	-5.32983	LAX_LA	7	1.0	15
-18.57203	47.12379	-6.75004	LAX_LA	7	1.0	15
-21.26083	46.32314	-8.17024	LAX_LA	7	1.0	15
-24.06039	46.32314	-8.43969	LAX_LA	7	1.0	15
-26.74920	45.52250	-9.85990	LAX_LA	7	1.0	15
-29.54876	45.52250	-10.12935	LAX_LA	7	1.0	15
-32.34832	45.52250	-10.39880	LAX_LA	7	1.0	15
-35.14789	45.52250	-10.66825	LAX_LA	7	1.0	15
-38.05821	46.32315	-9.78694	LAX_LA	7	1.0	15
-40.85777	46.32315	-10.05639	LAX_LA	7	1.0	15
-43.76809	47.12379	-9.17508	LAX_LA	7	1.0	15
-46.56765	47.12380	-9.44453	LAX_LA	7	1.0	15
-49.36721	47.12380	-9.71398	LAX_LA	7	1.0	15
-52.05602	46.32315	-11.13419	LAX_LA	7	1.0	15
-53.23429	44.72186	-13.57042	LAX_LA	7	1.0	15
-54.41256	43.12057	-16.00666	LAX_LA	7	1.0	15
-54.19104	41.51928	-18.30817	LAX_LA	7	1.0	15
-53.96953	39.91799	-20.60968	LAX_LA	7	1.0	15
-50.94845	38.31670	-22.64174	LAX_LA	7	1.0	15
-47.92738	36.71540	-24.67380	LAX_LA	7	1.0	15
-44.90630	35.11411	-26.70586	LAX_LA	7	1.0	15
-41.99598	34.31346	-27.58717	LAX_LA	7	1.0	15
-39.08566	33.51282	-28.46848	LAX_LA	7	1.0	15
-36.17535	32.71217	-29.34978	LAX_LA	7	1.0	15
-33.26503	31.91153	-30.23109	LAX_LA	7	1.0	15
-30.24395	30.31023	-32.26315	LAX_LA	7	1.0	15
-27.33363	29.50959	-33.14446	LAX_LA	7	1.0	15
-24.31256	27.90829	-35.17652	LAX_LA	7	1.0	15
-22.69126	26.30700	-37.34330	LAX_LA	7	1.0	15
13.66300	36.71539	-18.74592	LAX_LA	7	1.0	15
12.04170	38.31668	-16.57913	LAX_LA	7	1.0	15
10.42041	39.91797	-14.41234	LAX_LA	7	1.0	15
7.51009	40.71862	-13.53104	LAX_LA	7	1.0	15
4.48901	42.31991	-11.49898	LAX_LA	7	1.0	15
4.26750	43.92120	-9.19747	LAX_LA	7	1.0	15
1.24643	45.52249	-7.16540	LAX_LA	7	1.0	15
-1.77465	47.12378	-5.13334	LAX_LA	7	1.0	15
-4.68497	47.92443	-4.25204	LAX_LA	7	1.0	15
-7.59529	48.72508	-3.37073	LAX_LA	7	1.0	15
-10.39485	48.72508	-3.64018	LAX_LA	7	1.0	15
-60.19314	34.31347	-29.33859	LAX_RA	7	1.0	15
-62.88195	33.51282	-30.75879	LAX_RA	7	1.0	15
-65.57075	32.71218	-32.17900	LAX_RA	7	1.0	15
-68.14880	31.11089	-34.74996	LAX_RA	7	1.0	15
-70.72685	29.50960	-37.32092	LAX_RA	7	1.0	15
-71.90512	27.90831	-39.75716	LAX_RA	7	1.0	15
-73.08339	26.30702	-42.19339	LAX_RA	7	1.0	15
-74.26166	24.70573	-44.62963	LAX_RA	7	1.0	15
-75.43992	23.10444	-47.06586	LAX_RA	7	1.0	15
-75.21841	21.50314	-49.36737	LAX_RA	7	1.0	15
-73.59712	19.90185	-51.53416	LAX_RA	7	1.0	15
-74.77538	18.30056	-53.97040	LAX_RA	7	1.0	15
-73.15409	16.69927	-56.13718	LAX_RA	7	1.0	15
-71.53280	15.09798	-58.30397	LAX_RA	7	1.0	15
-71.31128	13.49669	-60.60548	LAX_RA	7	1.0	15
-71.08977	11.89540	-62.90699	LAX_RA	7	1.0	15
-69.46848	10.29410	-65.07378	LAX_RA	7	1.0	15
-66.44740	8.69281	-67.10584	LAX_RA	7	1.0	15
-63.64784	8.69281	-66.83639	LAX_RA	7	1.0	15
-60.62676	7.09152	-68.86845	LAX_RA	7	1.0	15
-27.80731	12.69603	-57.57977	LAX_RA	7	1.0	15
-26.62904	14.29732	-55.14353	LAX_RA	7	1.0	15
-26.85055	15.89861	-52.84202	LAX_RA	7	1.0	15
-25.67228	17.49990	-50.40579	LAX_RA	7	1.0	15
-25.89380	19.10119	-48.10428	LAX_RA	7	1.0	15
-26.11531	20.70249	-45.80277	LAX_RA	7	1.0	15
-24.93704	22.30378	-43.36653	LAX_RA	7	1.0	15
-27.95812	23.90507	-41.33447	LAX_RA	7	1.0	15
-30.97919	25.50636	-39.30241	LAX_RA	7	1.0	15
-32.60049	27.10765	-37.13562	LAX_RA	7	1.0	15
-34.22178	28.70894	-34.96883	LAX_RA	7	1.0	15
-35.84308	30.31023	-32.80205	LAX_RA	7	1.0	15
-38.86415	31.91153	-30.76999	LAX_RA	7	1.0	15
-41.66371	31.91153	-31.03944	LAX_RA	7	1.0	15
-44.46328	31.91153	-31.30889	LAX_RA	7	1.0	15
-47.26284	31.91153	-31.57833	LAX_RA	7	1.0	15
-50.17316	32.71218	-30.69703	LAX_RA	7	1.0	15
-53.08348	33.51282	-29.81572	LAX_RA	7	1.0	15
-55.88304	33.51282	-30.08517	LAX_RA	7	1.0	15
-58.79336	34.31347	-29.20387	LAX_RA	7	1.0	15
-20.63484	26.24686	-37.23262	MITRAL_VALVE	7	1.0	15
12.28825	35.95911	-19.97529	MITRAL_VALVE	7	1.0	15
-56.34935	6.32555	-69.56787	TRICUSPID_VALVE	7	1.0	15
-27.01418	13.41983	-56.45349	TRICUSPID_VALVE	7	1.0	15
39.95370	-21.15995	-100.16940	APEX_POINT	7	1.0	15
-11.15988	-15.79247	-1.17451	LAX_RV_FREEWALL	11	1.0	15
-10.69615	-17.18623	-3.95481	LAX_RV_FREEWALL	11	1.0	15
-10.23242	-18.57999	-6.73512	LAX_RV_FREEWALL	11	1.0	15
-9.85411	-18.57011	-9.52204	LAX_RV_FREEWALL	11	1.0	15
-9.39038	-19.96387	-12.30234	LAX_RV_FREEWALL	11	1.0	15
-8.92665	-21.35763	-15.08265	LAX_RV_FREEWALL	11	1.0	15
-8.54834	-21.34775	-17.86957	LAX_RV_FREEWALL	11	1.0	15
-8.08461	-22.74151	-20.64987	LAX_RV_FREEWALL	11	1.0	15
-7.70630	-22.73163	-23.43680	LAX_RV_FREEWALL	11	1.0	15
-7.32799	-22.72175	-26.22372	LAX_RV_FREEWALL	11	1.0	15
-6.86426	-24.11551	-29.00402	LAX_RV_FREEWALL	11	1.0	15
-6.48595	-24.10563	-31.79095	LAX_RV_FREEWALL	11	1.0	15
-6.10764	-24.09576	-34.57787	LAX_RV_FREEWALL	11	1.0	15
-5.72932	-24.08588	-37.36479	LAX_RV_FREEWALL	11	1.0	15
-5.35101	-24.07600	-40.15172	LAX_RV_FREEWALL	11	1.0	15
-4.97270	-24.06612	-42.93864	LAX_RV_FREEWALL	11	1.0	15
-4.50897	-25.45988	-45.71894	LAX_RV_FREEWALL	11	1.0	15
-4.13066	-25.45000	-48.50587	LAX_RV_FREEWALL	11	1.0	15
-3.75235	-25.44012	-51.29279	LAX_RV_FREEWALL	11	1.0	15
-3.28862	-26.83388	-54.07309	LAX_RV_FREEWALL	11	1.0	15
-2.91031	-26.82400	-56.86002	LAX_RV_FREEWALL	11	1.0	15
-2.53200	-26.81412	-59.64694	LAX_RV_FREEWALL	11	1.0	15
-2.15368	-26.80425	-62.43386	LAX_RV_FREEWALL	11	1.0	15
-1.68995	-28.19801	-65.21417	LAX_RV_FREEWALL	11	1.0	15
-1.31164	-28.18813	-68.00109	LAX_RV_FREEWALL	11	1.0	15
-0.93333	-28.17825	-70.78801	LAX_RV_FREEWALL	11	1.0	15
-0.64043	-26.76473	-73.58155	LAX_RV_FREEWALL	11	1.0	15
-0.26212	-26.75485	-76.36848	LAX_RV_FREEWALL	11	1.0	15
0.20161	-28.14861	-79.14878	LAX_RV_FREEWALL	11	1.0	15
0.57992	-28.13873	-81.93570	LAX_RV_FREEWALL	11	1.0	15
0.87281	-26.72521	-84.72925	LAX_RV_FREEWALL	11	1.0	15
1.25113	-26.71534	-87.51617	LAX_RV_FREEWALL	11	1.0	15
1.62944	-26.70546	-90.30309	LAX_RV_FREEWALL	11	1.0	15
2.00775	-26.69558	-93.09002	LAX_RV_FREEWALL	11	1.0	15
2.38606	-26.68570	-95.87694	LAX_RV_FREEWALL	11	1.0	15
2.76438	-26.67582	-98.66386	LAX_RV_FREEWALL	11	1.0	15
3.14269	-26.66594	-101.45079	LAX_RV_FREEWALL	11	1.0	15
3.43558	-25.25242	-104.24433	LAX_RV_FREEWALL	11	1.0	15
3.81390	-25.24255	-107.03125	LAX_RV_FREEWALL	11	1.0	15
3.83222	-22.43033	-108.43795	LAX_RV_FREEWALL	11	1.0	15
3.85054	-19.61811	-109.84465	LAX_RV_FREEWALL	11	1.0	15
3.49056	-16.81578	-108.46443	LAX_RV_FREEWALL	11	1.0	15
3.13057	-14.01344	-107.08421	LAX_RV_FREEWALL	11	1.0	15
2.58142	-11.21604	-104.31052	LAX_RV_FREEWALL	11	1.0	15
2.22144	-8.41370	-102.93030	LAX_RV_FREEWALL	11	1.0	15
1.86145	-5.61136	-101.55008	LAX_RV_FREEWALL	11	1.0	15
1.31231	-2.81396	-98.77639	LAX_RV_FREEWALL	11	1.0	15
0.95232	-0.01163	-97.39617	LAX_RV_FREEWALL	11	1.0	15
0.40317	2.78577	-94.62248	LAX_RV_FREEWALL	11	1.0	15
-0.06055	4.17953	-91.84218	LAX_RV_FREEWALL	11	1.0	15
-0.42054	6.98187	-90.46196	LAX_RV_FREEWALL	11	1.0	15
-0.79886	6.97199	-87.67504	LAX_RV_FREEWALL	11	1.0	15
-0.62802	4.16471	-87.66180	LAX_RV_FREEWALL	11	1.0	15
-0.64635	1.35250	-86.25510	LAX_RV_SEPTUM	11	1.0	15
-0.66467	-1.45972	-84.84840	LAX_RV_SEPTUM	11	1.0	15
-0.68300	-4.27194	-83.44170	LAX_RV_SEPTUM	11	1.0	15
-0.89048	-7.08909	-80.64153	LAX_RV_SEPTUM	11	1.0	15
-1.09796	-9.90625	-77.84137	LAX_RV_SEPTUM	11	1.0	15
-1.30544	-12.72340	-75.04121	LAX_RV_SEPTUM	11	1.0	15
-1.68375	-12.73328	-72.25429	LAX_RV_SEPTUM	11	1.0	15
-1.97665	-14.14680	-69.46074	LAX_RV_SEPTUM	11	1.0	15
-2.35496	-14.15668	-66.67382	LAX_RV_SEPTUM	11	1.0	15
-2.73327	-14.16656	-63.88690	LAX_RV_SEPTUM	11	1.0	15
-3.11158	-14.17644	-61.09997	LAX_RV_SEPTUM	11	1.0	15
-3.48989	-14.18632	-58.31305	LAX_RV_SEPTUM	11	1.0	15
-3.78279	-15.59983	-55.51951	LAX_RV_SEPTUM	11	1.0	15
-4.16110	-15.60971	-52.73259	LAX_RV_SEPTUM	11	1.0	15
-4.53942	-15.61959	-49.94566	LAX_RV_SEPTUM	11	1.0	15
-4.91773	-15.62947	-47.15874	LAX_RV_SEPTUM	11	1.0	15
-5.38146	-14.23571	-44.37844	LAX_RV_SEPTUM	11	1.0	15
-5.75977	-14.24559	-41.59151	LAX_RV_SEPTUM	11	1.0	15
-6.22350	-12.85183	-38.81121	LAX_RV_SEPTUM	11	1.0	15
-6.68722	-11.45807	-36.03091	LAX_RV_SEPTUM	11	1.0	15
-7.15095	-10.06431	-33.25060	LAX_RV_SEPTUM	11	1.0	15
-7.61468	-8.67055	-30.47030	LAX_RV_SEPTUM	11	1.0	15
-7.99299	-8.68043	-27.68337	LAX_RV_SEPTUM	11	1.0	15
-8.45672	-7.28667	-24.90307	LAX_RV_SEPTUM	11	1.0	15
-8.92045	-5.89291	-22.12277	LAX_RV_SEPTUM	11	1.0	15
-9.38418	-4.49915	-19.34246	LAX_RV_SEPTUM	11	1.0	15
-9.84790	-3.10539	-16.56216	LAX_RV_SEPTUM	11	1.0	15
-10.31163	-1.71163	-13.78186	LAX_RV_SEPTUM	11	1.0	15
-10.77536	-0.31787	-11.00155	LAX_RV_SEPTUM	11	1.0	15
-11.36736	-18.60963	1.62565	LAX_RV_EPICARDIAL	11	1.0	15
-10.90363	-20.00339	-1.15465	LAX_RV_EPICARDIAL	11	1.0	15
-10.52532	-19.99351	-3.94157	LAX_RV_EPICARDIAL	11	1.0	15
-10.06159	-21.38727	-6.72188	LAX_RV_EPICARDIAL	11	1.0	15
-9.59786	-22.78103	-9.50218	LAX_RV_EPICARDIAL	11	1.0	15
-9.21955	-22.77115	-12.28910	LAX_RV_EPICARDIAL	11	1.0	15
-8.75582	-24.16491	-15.06941	LAX_RV_EPICARDIAL	11	1.0	15
-8.29209	-25.55867	-17.84971	LAX_RV_EPICARDIAL	11	1.0	15
-7.82837	-26.95243	-20.63002	LAX_RV_EPICARDIAL	11	1.0	15
-7.45005	-26.94255	-23.41694	LAX_RV_EPICARDIAL	11	1.0	15
-7.07174	-26.93267	-26.20386	LAX_RV_EPICARDIAL	11	1.0	15
-6.60801	-28.32643	-28.98417	LAX_RV_EPICARDIAL	11	1.0	15
-6.22970	-28.31655	-31.77109	LAX_RV_EPICARDIAL	11	1.0	15
-5.85139	-28.30667	-34.55801	LAX_RV_EPICARDIAL	11	1.0	15
-5.47308	-28.29679	-37.34493	LAX_RV_EPICARDIAL	11	1.0	15
-5.09476	-28.28691	-40.13186	LAX_RV_EPICARDIAL	11	1.0	15
-4.71645	-28.27704	-42.91878	LAX_RV_EPICARDIAL	11	1.0	15
-4.33814	-28.26716	-45.70570	LAX_RV_EPICARDIAL	11	1.0	15
-3.95983	-28.25728	-48.49263	LAX_RV_EPICARDIAL	11	1.0	15
-3.58152	-28.24740	-51.27955	LAX_RV_EPICARDIAL	11	1.0	15
-3.20320	-28.23752	-54.06647	LAX_RV_EPICARDIAL	11	1.0	15
-2.73948	-29.63128	-56.84678	LAX_RV_EPICARDIAL	11	1.0	15
-2.27575	-31.02504	-59.62708	LAX_RV_EPICARDIAL	11	1.0	15
-1.98285	-29.61152	-62.42062	LAX_RV_EPICARDIAL	11	1.0	15
-1.60454	-29.60164	-65.20755	LAX_RV_EPICARDIAL	11	1.0	15
-1.14081	-30.99540	-67.98785	LAX_RV_EPICARDIAL	11	1.0	15
-0.76250	-30.98552	-70.77477	LAX_RV_EPICARDIAL	11	1.0	15
-0.38419	-30.97565	-73.56170	LAX_RV_EPICARDIAL	11	1.0	15
-0.09129	-29.56213	-76.35524	LAX_RV_EPICARDIAL	11	1.0	15
0.28702	-29.55225	-79.14216	LAX_RV_EPICARDIAL	11	1.0	15
0.66533	-29.54237	-81.92909	LAX_RV_EPICARDIAL	11	1.0	15
1.04365	-29.53249	-84.71601	LAX_RV_EPICARDIAL	11	1.0	15
1.42196	-29.52261	-87.50293	LAX_RV_EPICARDIAL	11	1.0	15
1.80027	-29.51273	-90.28985	LAX_RV_EPICARDIAL	11	1.0	15
2.17858	-29.50286	-93.07678	LAX_RV_EPICARDIAL	11	1.0	15
2.55690	-29.49298	-95.86370	LAX_RV_EPICARDIAL	11	1.0	15
2.93521	-29.48310	-98.65062	LAX_RV_EPICARDIAL	11	1.0	15
3.31352	-29.47322	-101.43755	LAX_RV_EPICARDIAL	11	1.0	15
3.60642	-28.05970	-104.23109	LAX_RV_EPICARDIAL	11	1.0	15
3.98473	-28.04982	-107.01801	LAX_RV_EPICARDIAL	11	1.0	15
4.27762	-26.63631	-109.81156	LAX_RV_EPICARDIAL	11	1.0	15
4.48510	-23.81915	-112.61172	LAX_RV_EPICARDIAL	11	1.0	15
4.31427	-21.01187	-112.62496	LAX_RV_EPICARDIAL	11	1.0	15
4.14344	-18.20460	-112.63819	LAX_RV_EPICARDIAL	11	1.0	15
3.97261	-15.39732	-112.65143	LAX_RV_EPICARDIAL	11	1.0	15
3.61262	-12.59498	-111.27121	LAX_RV_EPICARDIAL	11	1.0	15
3.25263	-9.79264	-109.89099	LAX_RV_EPICARDIAL	11	1.0	15
2.70349	-6.99524	-107.11730	LAX_RV_EPICARDIAL	11	1.0	15
2.34350	-4.19291	-105.73708	LAX_RV_EPICARDIAL	11	1.0	15
1.98351	-1.39057	-104.35686	LAX_RV_EPICARDIAL	11	1.0	15
1.43437	1.40683	-101.58317	LAX_RV_EPICARDIAL	11	1.0	15
0.88523	4.20423	-98.80949	LAX_RV_EPICARDIAL	11	1.0	15
0.33608	7.00163	-96.03580	LAX_RV_EPICARDIAL	11	1.0	15
-0.21306	9.79902	-93.26212	LAX_RV_EPICARDIAL	11	1.0	15
-0.57305	12.60136	-91.88190	LAX_RV_EPICARDIAL	11	1.0	15
-0.95136	12.59148	-89.09497	LAX_RV_EPICARDIAL	11	1.0	15
-0.78053	9.78421	-89.08174	LAX_RV_EPICARDIAL	11	1.0	15
-11.17177	0.18595	-8.31388	PULMONARY_VALVE	11	1.0	15
-11.83761	-13.76920	2.89505	PULMONARY_VALVE	11	1.0	15
