x	y	z	contour type	frameID	weight	time frame
-36.57707	-23.16351	-27.41370	SAX_RV_FREEWALL	2	1.0	21
-38.27364	-22.05874	-29.81971	SAX_RV_FREEWALL	2	1.0	21
-40.50133	-22.05875	-31.53655	SAX_RV_FREEWALL	2	1.0	21
-42.72901	-22.05875	-33.25340	SAX_RV_FREEWALL	2	1.0	21
-44.95670	-22.05875	-34.97024	SAX_RV_FREEWALL	2	1.0	21
-47.18439	-22.05875	-36.68709	SAX_RV_FREEWALL	2	1.0	21
-49.41208	-22.05876	-38.40394	SAX_RV_FREEWALL	2	1.0	21
-51.63977	-22.05876	-40.12078	SAX_RV_FREEWALL	2	1.0	21
-53.86746	-22.05876	-41.83763	SAX_RV_FREEWALL	2	1.0	21
-56.09515	-22.05876	-43.55447	SAX_RV_FREEWALL	2	1.0	21
-58.32283	-22.05876	-45.27132	SAX_RV_FREEWALL	2	1.0	21
-60.01940	-20.95400	-47.67732	SAX_RV_FREEWALL	2	1.0	21
-62.24709	-20.95400	-49.39417	SAX_RV_FREEWALL	2	1.0	21
-63.94366	-19.84923	-51.80017	SAX_RV_FREEWALL	2	1.0	21
-65.64022	-18.74447	-54.20617	SAX_RV_FREEWALL	2	1.0	21
-66.80567	-16.53493	-57.30133	SAX_RV_FREEWALL	2	1.0	21
-68.50224	-15.43017	-59.70733	SAX_RV_FREEWALL	2	1.0	21
-69.66769	-13.22063	-62.80249	SAX_RV_FREEWALL	2	1.0	21
-70.83313	-11.01110	-65.89765	SAX_RV_FREEWALL	2	1.0	21
-70.88473	-8.80156	-68.13439	SAX_RV_FREEWALL	2	1.0	21
-69.82249	-6.59203	-69.51270	SAX_RV_FREEWALL	2	1.0	21
-68.76025	-4.38249	-70.89101	SAX_RV_FREEWALL	2	1.0	21
-67.69801	-2.17295	-72.26933	SAX_RV_FREEWALL	2	1.0	21
-66.63577	0.03658	-73.64764	SAX_RV_FREEWALL	2	1.0	21
-65.57352	2.24612	-75.02595	SAX_RV_FREEWALL	2	1.0	21
-63.39744	4.45566	-75.54584	SAX_RV_FREEWALL	2	1.0	21
-61.22135	6.66519	-76.06573	SAX_RV_FREEWALL	2	1.0	21
-59.04527	8.87473	-76.58563	SAX_RV_FREEWALL	2	1.0	21
-56.86918	11.08427	-77.10552	SAX_RV_FREEWALL	2	1.0	21
-53.57925	13.29381	-76.76698	SAX_RV_FREEWALL	2	1.0	21
-51.40316	15.50335	-77.28687	SAX_RV_FREEWALL	2	1.0	21
-48.64435	16.60812	-76.25919	SAX_RV_FREEWALL	2	1.0	21
-45.88555	17.71289	-75.23150	SAX_RV_FREEWALL	2	1.0	21
-43.12674	18.81766	-74.20381	SAX_RV_FREEWALL	2	1.0	21
-40.36793	19.92243	-73.17612	SAX_RV_FREEWALL	2	1.0	21
-37.60912	21.02720	-72.14843	SAX_RV_FREEWALL	2	1.0	21
-34.85031	22.13197	-71.12074	SAX_RV_FREEWALL	2	1.0	21
-32.62262	22.13197	-69.40390	SAX_RV_FREEWALL	2	1.0	21
-29.86381	23.23674	-68.37621	SAX_RV_FREEWALL	2	1.0	21
-28.16724	22.13198	-65.97020	SAX_RV_FREEWALL	2	1.0	21
-26.47068	21.02721	-63.56420	SAX_RV_FREEWALL	2	1.0	21
9.73997	-3.27765	-11.49057	SAX_RV_FREEWALL	2	1.0	21
8.67772	-5.48718	-10.11226	SAX_RV_FREEWALL	2	1.0	21
9.84317	-7.69672	-7.01710	SAX_RV_FREEWALL	2	1.0	21
8.78093	-9.90625	-5.63879	SAX_RV_FREEWALL	2	1.0	21
5.49100	-12.11579	-5.97732	SAX_RV_FREEWALL	2	1.0	21
2.20107	-14.32533	-6.31585	SAX_RV_FREEWALL	2	1.0	21
-0.55774	-15.43010	-7.34354	SAX_RV_FREEWALL	2	1.0	21
-3.31655	-16.53487	-8.37123	SAX_RV_FREEWALL	2	1.0	21
-6.07536	-17.63964	-9.39892	SAX_RV_FREEWALL	2	1.0	21
-8.83417	-18.74441	-10.42661	SAX_RV_FREEWALL	2	1.0	21
-11.59298	-19.84918	-11.45430	SAX_RV_FREEWALL	2	1.0	21
-13.82067	-19.84918	-13.17114	SAX_RV_FREEWALL	2	1.0	21
-16.04836	-19.84919	-14.88799	SAX_RV_FREEWALL	2	1.0	21
-18.80717	-20.95396	-15.91568	SAX_RV_FREEWALL	2	1.0	21
-21.03485	-20.95396	-17.63252	SAX_RV_FREEWALL	2	1.0	21
-23.79366	-22.05873	-18.66021	SAX_RV_FREEWALL	2	1.0	21
-26.02135	-22.05873	-20.37706	SAX_RV_FREEWALL	2	1.0	21
-28.24904	-22.05873	-22.09390	SAX_RV_FREEWALL	2	1.0	21
-31.00785	-23.16351	-23.12159	SAX_RV_FREEWALL	2	1.0	21
-33.23554	-23.16351	-24.83844	SAX_RV_FREEWALL	2	1.0	21
-35.46323	-23.16351	-26.55528	SAX_RV_FREEWALL	2	1.0	21
-40.98084	-25.37305	-28.61066	SAX_RV_EPICARDIAL	2	1.0	21
-42.67741	-24.26828	-31.01666	SAX_RV_EPICARDIAL	2	1.0	21
-44.90510	-24.26829	-32.73351	SAX_RV_EPICARDIAL	2	1.0	21
-47.13279	-24.26829	-34.45035	SAX_RV_EPICARDIAL	2	1.0	21
-49.36048	-24.26829	-36.16720	SAX_RV_EPICARDIAL	2	1.0	21
-51.58817	-24.26829	-37.88404	SAX_RV_EPICARDIAL	2	1.0	21
-53.81585	-24.26830	-39.60089	SAX_RV_EPICARDIAL	2	1.0	21
-56.04354	-24.26830	-41.31774	SAX_RV_EPICARDIAL	2	1.0	21
-58.27123	-24.26830	-43.03458	SAX_RV_EPICARDIAL	2	1.0	21
-60.49892	-24.26830	-44.75143	SAX_RV_EPICARDIAL	2	1.0	21
-62.19549	-23.16354	-47.15743	SAX_RV_EPICARDIAL	2	1.0	21
-64.42318	-23.16354	-48.87428	SAX_RV_EPICARDIAL	2	1.0	21
-66.11974	-22.05877	-51.28028	SAX_RV_EPICARDIAL	2	1.0	21
-67.28519	-19.84924	-54.37544	SAX_RV_EPICARDIAL	2	1.0	21
-68.98176	-18.74447	-56.78144	SAX_RV_EPICARDIAL	2	1.0	21
-70.14720	-16.53494	-59.87660	SAX_RV_EPICARDIAL	2	1.0	21
-71.84377	-15.43017	-62.28260	SAX_RV_EPICARDIAL	2	1.0	21
-73.00922	-13.22064	-65.37776	SAX_RV_EPICARDIAL	2	1.0	21
-73.06082	-11.01110	-67.61450	SAX_RV_EPICARDIAL	2	1.0	21
-71.99858	-8.80157	-68.99281	SAX_RV_EPICARDIAL	2	1.0	21
-72.05018	-6.59203	-71.22955	SAX_RV_EPICARDIAL	2	1.0	21
-70.98794	-4.38249	-72.60786	SAX_RV_EPICARDIAL	2	1.0	21
-69.92570	-2.17296	-73.98617	SAX_RV_EPICARDIAL	2	1.0	21
-68.86346	0.03658	-75.36449	SAX_RV_EPICARDIAL	2	1.0	21
-66.68737	2.24612	-75.88438	SAX_RV_EPICARDIAL	2	1.0	21
-65.62513	4.45565	-77.26269	SAX_RV_EPICARDIAL	2	1.0	21
-63.44904	6.66519	-77.78258	SAX_RV_EPICARDIAL	2	1.0	21
-61.27296	8.87473	-78.30247	SAX_RV_EPICARDIAL	2	1.0	21
-59.09687	11.08427	-78.82236	SAX_RV_EPICARDIAL	2	1.0	21
-56.92078	13.29380	-79.34225	SAX_RV_EPICARDIAL	2	1.0	21
-53.63085	15.50334	-79.00372	SAX_RV_EPICARDIAL	2	1.0	21
-50.34092	17.71288	-78.66519	SAX_RV_EPICARDIAL	2	1.0	21
-47.05099	19.92242	-78.32666	SAX_RV_EPICARDIAL	2	1.0	21
-44.29218	21.02719	-77.29897	SAX_RV_EPICARDIAL	2	1.0	21
-41.53337	22.13196	-76.27128	SAX_RV_EPICARDIAL	2	1.0	21
-38.77456	23.23673	-75.24359	SAX_RV_EPICARDIAL	2	1.0	21
-36.54688	23.23673	-73.52674	SAX_RV_EPICARDIAL	2	1.0	21
-33.78807	24.34151	-72.49905	SAX_RV_EPICARDIAL	2	1.0	21
-31.02926	25.44628	-71.47137	SAX_RV_EPICARDIAL	2	1.0	21
-28.80157	25.44628	-69.75452	SAX_RV_EPICARDIAL	2	1.0	21
-26.57388	25.44628	-68.03767	SAX_RV_EPICARDIAL	2	1.0	21
-24.87731	24.34151	-65.63167	SAX_RV_EPICARDIAL	2	1.0	21
-23.71187	22.13198	-62.53651	SAX_RV_EPICARDIAL	2	1.0	21
10.32269	-4.38241	-9.94299	SAX_RV_EPICARDIAL	2	1.0	21
12.01926	-5.48718	-7.53699	SAX_RV_EPICARDIAL	2	1.0	21
13.18470	-7.69671	-4.44183	SAX_RV_EPICARDIAL	2	1.0	21
12.12246	-9.90625	-3.06352	SAX_RV_EPICARDIAL	2	1.0	21
9.94638	-12.11579	-2.54363	SAX_RV_EPICARDIAL	2	1.0	21
6.65644	-14.32533	-2.88216	SAX_RV_EPICARDIAL	2	1.0	21
3.89764	-15.43010	-3.90985	SAX_RV_EPICARDIAL	2	1.0	21
0.60771	-17.63964	-4.24838	SAX_RV_EPICARDIAL	2	1.0	21
-2.15110	-18.74441	-5.27607	SAX_RV_EPICARDIAL	2	1.0	21
-4.90991	-19.84918	-6.30376	SAX_RV_EPICARDIAL	2	1.0	21
-7.13760	-19.84918	-8.02060	SAX_RV_EPICARDIAL	2	1.0	21
-9.89641	-20.95395	-9.04829	SAX_RV_EPICARDIAL	2	1.0	21
-12.12410	-20.95395	-10.76514	SAX_RV_EPICARDIAL	2	1.0	21
-14.88291	-22.05872	-11.79283	SAX_RV_EPICARDIAL	2	1.0	21
-17.64172	-23.16349	-12.82052	SAX_RV_EPICARDIAL	2	1.0	21
-19.86941	-23.16349	-14.53736	SAX_RV_EPICARDIAL	2	1.0	21
-22.09710	-23.16350	-16.25421	SAX_RV_EPICARDIAL	2	1.0	21
-24.85590	-24.26827	-17.28190	SAX_RV_EPICARDIAL	2	1.0	21
-27.08359	-24.26827	-18.99874	SAX_RV_EPICARDIAL	2	1.0	21
-29.84240	-25.37304	-20.02643	SAX_RV_EPICARDIAL	2	1.0	21
-32.07009	-25.37304	-21.74328	SAX_RV_EPICARDIAL	2	1.0	21
-34.29778	-25.37304	-23.46012	SAX_RV_EPICARDIAL	2	1.0	21
-36.52547	-25.37305	-25.17697	SAX_RV_EPICARDIAL	2	1.0	21
-38.75316	-25.37305	-26.89381	SAX_RV_EPICARDIAL	2	1.0	21
-24.77411	19.92244	-61.15820	SAX_RV_SEPTUM	2	1.0	21
-24.19138	18.81768	-59.61062	SAX_RV_SEPTUM	2	1.0	21
-24.13978	16.60814	-57.37388	SAX_RV_SEPTUM	2	1.0	21
-24.08818	14.39861	-55.13715	SAX_RV_SEPTUM	2	1.0	21
-25.15042	12.18907	-53.75883	SAX_RV_SEPTUM	2	1.0	21
-25.09882	9.97953	-51.52210	SAX_RV_SEPTUM	2	1.0	21
-25.04722	7.77000	-49.28536	SAX_RV_SEPTUM	2	1.0	21
-24.99561	5.56046	-47.04863	SAX_RV_SEPTUM	2	1.0	21
-23.83017	3.35093	-43.95347	SAX_RV_SEPTUM	2	1.0	21
-23.77857	1.14139	-41.71673	SAX_RV_SEPTUM	2	1.0	21
-22.61312	-1.06814	-38.62157	SAX_RV_SEPTUM	2	1.0	21
-22.56152	-3.27768	-36.38483	SAX_RV_SEPTUM	2	1.0	21
-21.39607	-5.48721	-33.28968	SAX_RV_SEPTUM	2	1.0	21
-19.69950	-6.59198	-30.88367	SAX_RV_SEPTUM	2	1.0	21
-18.00294	-7.69674	-28.47767	SAX_RV_SEPTUM	2	1.0	21
-16.30637	-8.80151	-26.07167	SAX_RV_SEPTUM	2	1.0	21
-14.07868	-8.80151	-24.35482	SAX_RV_SEPTUM	2	1.0	21
-11.85099	-8.80151	-22.63798	SAX_RV_SEPTUM	2	1.0	21
-9.09218	-7.69673	-21.61029	SAX_RV_SEPTUM	2	1.0	21
-6.86449	-7.69673	-19.89344	SAX_RV_SEPTUM	2	1.0	21
-4.10568	-6.59196	-18.86575	SAX_RV_SEPTUM	2	1.0	21
-1.87799	-6.59196	-17.14891	SAX_RV_SEPTUM	2	1.0	21
1.41194	-4.38242	-16.81038	SAX_RV_SEPTUM	2	1.0	21
4.17074	-3.27765	-15.78269	SAX_RV_SEPTUM	2	1.0	21
6.92955	-2.17288	-14.75500	SAX_RV_SEPTUM	2	1.0	21
9.68836	-1.06811	-13.72731	SAX_RV_SEPTUM	2	1.0	21
-21.53578	24.34152	-63.05640	SAX_LV_EPICARDIAL	2	1.0	21
-20.47354	26.55105	-64.43472	SAX_LV_EPICARDIAL	2	1.0	21
-18.29745	28.76059	-64.95461	SAX_LV_EPICARDIAL	2	1.0	21
-17.23521	30.97013	-66.33292	SAX_LV_EPICARDIAL	2	1.0	21
-15.05912	33.17967	-66.85281	SAX_LV_EPICARDIAL	2	1.0	21
-12.88304	35.38920	-67.37270	SAX_LV_EPICARDIAL	2	1.0	21
-10.70695	37.59874	-67.89259	SAX_LV_EPICARDIAL	2	1.0	21
-8.53087	39.80828	-68.41248	SAX_LV_EPICARDIAL	2	1.0	21
-5.24094	42.01782	-68.07395	SAX_LV_EPICARDIAL	2	1.0	21
-1.95100	44.22736	-67.73542	SAX_LV_EPICARDIAL	2	1.0	21
0.80780	45.33213	-66.70773	SAX_LV_EPICARDIAL	2	1.0	21
3.56661	46.43690	-65.68004	SAX_LV_EPICARDIAL	2	1.0	21
6.32542	47.54167	-64.65235	SAX_LV_EPICARDIAL	2	1.0	21
9.08423	48.64644	-63.62466	SAX_LV_EPICARDIAL	2	1.0	21
11.31192	48.64644	-61.90782	SAX_LV_EPICARDIAL	2	1.0	21
14.07073	49.75121	-60.88013	SAX_LV_EPICARDIAL	2	1.0	21
16.29842	49.75121	-59.16328	SAX_LV_EPICARDIAL	2	1.0	21
19.05723	50.85598	-58.13559	SAX_LV_EPICARDIAL	2	1.0	21
21.28492	50.85599	-56.41875	SAX_LV_EPICARDIAL	2	1.0	21
23.51261	50.85599	-54.70190	SAX_LV_EPICARDIAL	2	1.0	21
25.20917	49.75122	-52.29590	SAX_LV_EPICARDIAL	2	1.0	21
27.43686	49.75122	-50.57906	SAX_LV_EPICARDIAL	2	1.0	21
29.66455	49.75123	-48.86221	SAX_LV_EPICARDIAL	2	1.0	21
31.36112	48.64646	-46.45621	SAX_LV_EPICARDIAL	2	1.0	21
33.05768	47.54169	-44.05020	SAX_LV_EPICARDIAL	2	1.0	21
34.75425	46.43693	-41.64420	SAX_LV_EPICARDIAL	2	1.0	21
35.91970	44.22739	-38.54904	SAX_LV_EPICARDIAL	2	1.0	21
37.08515	42.01786	-35.45388	SAX_LV_EPICARDIAL	2	1.0	21
38.25059	39.80833	-32.35873	SAX_LV_EPICARDIAL	2	1.0	21
39.41604	37.59879	-29.26357	SAX_LV_EPICARDIAL	2	1.0	21
39.46764	35.38926	-27.02683	SAX_LV_EPICARDIAL	2	1.0	21
39.51924	33.17972	-24.79009	SAX_LV_EPICARDIAL	2	1.0	21
39.57085	30.97018	-22.55336	SAX_LV_EPICARDIAL	2	1.0	21
39.62245	28.76065	-20.31662	SAX_LV_EPICARDIAL	2	1.0	21
38.56021	26.55111	-18.93831	SAX_LV_EPICARDIAL	2	1.0	21
37.49796	24.34158	-17.55999	SAX_LV_EPICARDIAL	2	1.0	21
36.43572	22.13204	-16.18168	SAX_LV_EPICARDIAL	2	1.0	21
35.37348	19.92250	-14.80337	SAX_LV_EPICARDIAL	2	1.0	21
34.31124	17.71297	-13.42505	SAX_LV_EPICARDIAL	2	1.0	21
33.24900	15.50343	-12.04674	SAX_LV_EPICARDIAL	2	1.0	21
31.07291	13.29389	-11.52685	SAX_LV_EPICARDIAL	2	1.0	21
28.89682	11.08435	-11.00696	SAX_LV_EPICARDIAL	2	1.0	21
25.60689	8.87482	-11.34549	SAX_LV_EPICARDIAL	2	1.0	21
22.31696	6.66528	-11.68402	SAX_LV_EPICARDIAL	2	1.0	21
19.02703	4.45574	-12.02256	SAX_LV_EPICARDIAL	2	1.0	21
15.73710	2.24620	-12.36109	SAX_LV_EPICARDIAL	2	1.0	21
-13.17124	0.03664	-32.44334	SAX_LV_ENDOCARDIAL	2	1.0	21
-14.86781	1.14140	-34.84935	SAX_LV_ENDOCARDIAL	2	1.0	21
-16.56438	2.24617	-37.25535	SAX_LV_ENDOCARDIAL	2	1.0	21
-16.61598	4.45570	-39.49209	SAX_LV_ENDOCARDIAL	2	1.0	21
-17.78143	6.66524	-42.58724	SAX_LV_ENDOCARDIAL	2	1.0	21
-17.83303	8.87477	-44.82398	SAX_LV_ENDOCARDIAL	2	1.0	21
-17.88463	11.08431	-47.06072	SAX_LV_ENDOCARDIAL	2	1.0	21
-17.93624	13.29384	-49.29745	SAX_LV_ENDOCARDIAL	2	1.0	21
-16.87399	15.50338	-50.67577	SAX_LV_ENDOCARDIAL	2	1.0	21
-16.92560	17.71292	-52.91250	SAX_LV_ENDOCARDIAL	2	1.0	21
-16.97720	19.92245	-55.14924	SAX_LV_ENDOCARDIAL	2	1.0	21
-15.91496	22.13199	-56.52755	SAX_LV_ENDOCARDIAL	2	1.0	21
-14.85271	24.34152	-57.90587	SAX_LV_ENDOCARDIAL	2	1.0	21
-13.79047	26.55106	-59.28418	SAX_LV_ENDOCARDIAL	2	1.0	21
-12.72823	28.76060	-60.66249	SAX_LV_ENDOCARDIAL	2	1.0	21
-10.55214	30.97013	-61.18238	SAX_LV_ENDOCARDIAL	2	1.0	21
-8.37606	33.17967	-61.70227	SAX_LV_ENDOCARDIAL	2	1.0	21
-5.08613	35.38921	-61.36374	SAX_LV_ENDOCARDIAL	2	1.0	21
-1.79620	37.59875	-61.02521	SAX_LV_ENDOCARDIAL	2	1.0	21
0.96261	38.70352	-59.99752	SAX_LV_ENDOCARDIAL	2	1.0	21
3.72142	39.80829	-58.96983	SAX_LV_ENDOCARDIAL	2	1.0	21
6.48023	40.91306	-57.94214	SAX_LV_ENDOCARDIAL	2	1.0	21
9.23904	42.01783	-56.91445	SAX_LV_ENDOCARDIAL	2	1.0	21
11.99785	43.12260	-55.88677	SAX_LV_ENDOCARDIAL	2	1.0	21
14.75666	44.22737	-54.85908	SAX_LV_ENDOCARDIAL	2	1.0	21
16.98435	44.22738	-53.14223	SAX_LV_ENDOCARDIAL	2	1.0	21
19.21204	44.22738	-51.42539	SAX_LV_ENDOCARDIAL	2	1.0	21
21.43972	44.22738	-49.70854	SAX_LV_ENDOCARDIAL	2	1.0	21
23.13629	43.12261	-47.30254	SAX_LV_ENDOCARDIAL	2	1.0	21
25.36398	43.12262	-45.58569	SAX_LV_ENDOCARDIAL	2	1.0	21
27.06055	42.01785	-43.17969	SAX_LV_ENDOCARDIAL	2	1.0	21
28.75711	40.91308	-40.77369	SAX_LV_ENDOCARDIAL	2	1.0	21
29.92256	38.70355	-37.67853	SAX_LV_ENDOCARDIAL	2	1.0	21
31.08801	36.49402	-34.58337	SAX_LV_ENDOCARDIAL	2	1.0	21
32.25345	34.28448	-31.48821	SAX_LV_ENDOCARDIAL	2	1.0	21
32.30506	32.07495	-29.25147	SAX_LV_ENDOCARDIAL	2	1.0	21
33.47050	29.86541	-26.15631	SAX_LV_ENDOCARDIAL	2	1.0	21
33.52211	27.65588	-23.91958	SAX_LV_ENDOCARDIAL	2	1.0	21
32.45986	25.44634	-22.54127	SAX_LV_ENDOCARDIAL	2	1.0	21
32.51147	23.23680	-20.30453	SAX_LV_ENDOCARDIAL	2	1.0	21
31.44922	21.02727	-18.92622	SAX_LV_ENDOCARDIAL	2	1.0	21
29.27314	18.81773	-18.40632	SAX_LV_ENDOCARDIAL	2	1.0	21
27.09705	16.60819	-17.88643	SAX_LV_ENDOCARDIAL	2	1.0	21
23.80712	14.39865	-18.22497	SAX_LV_ENDOCARDIAL	2	1.0	21
21.63104	12.18912	-17.70508	SAX_LV_ENDOCARDIAL	2	1.0	21
18.87223	11.08434	-18.73276	SAX_LV_ENDOCARDIAL	2	1.0	21
16.11342	9.97957	-19.76045	SAX_LV_ENDOCARDIAL	2	1.0	21
13.35461	8.87480	-20.78814	SAX_LV_ENDOCARDIAL	2	1.0	21
10.06468	6.66526	-21.12667	SAX_LV_ENDOCARDIAL	2	1.0	21
7.30587	5.56049	-22.15436	SAX_LV_ENDOCARDIAL	2	1.0	21
4.54706	4.45572	-23.18205	SAX_LV_ENDOCARDIAL	2	1.0	21
1.78825	3.35095	-24.20974	SAX_LV_ENDOCARDIAL	2	1.0	21
-0.97056	2.24618	-25.23743	SAX_LV_ENDOCARDIAL	2	1.0	21
-3.72937	1.14141	-26.26512	SAX_LV_ENDOCARDIAL	2	1.0	21
-5.95706	1.14141	-27.98196	SAX_LV_ENDOCARDIAL	2	1.0	21
-8.71587	0.03664	-29.00965	SAX_LV_ENDOCARDIAL	2	1.0	21
-10.94356	0.03664	-30.72650	SAX_LV_ENDOCARDIAL	2	1.0	21
9.73997	-3.27765	-11.49057	RV_INSERT	2	1.0	21
-26.47068	21.02721	-63.56420	RV_INSERT	2	1.0	21
-47.70935	-28.59119	-59.04194	SAX_RV_FREEWALL	3	1.0	21
-49.40592	-27.48643	-61.44795	SAX_RV_FREEWALL	3	1.0	21
-51.63361	-27.48643	-63.16479	SAX_RV_FREEWALL	3	1.0	21
-53.33017	-26.38166	-65.57079	SAX_RV_FREEWALL	3	1.0	21
-55.02674	-25.27690	-67.97680	SAX_RV_FREEWALL	3	1.0	21
-56.19219	-23.06736	-71.07196	SAX_RV_FREEWALL	3	1.0	21
-57.88875	-21.96260	-73.47796	SAX_RV_FREEWALL	3	1.0	21
-59.05420	-19.75306	-76.57312	SAX_RV_FREEWALL	3	1.0	21
-60.21965	-17.54353	-79.66828	SAX_RV_FREEWALL	3	1.0	21
-60.27125	-15.33399	-81.90501	SAX_RV_FREEWALL	3	1.0	21
-59.20901	-13.12445	-83.28333	SAX_RV_FREEWALL	3	1.0	21
-58.14677	-10.91492	-84.66164	SAX_RV_FREEWALL	3	1.0	21
-55.97068	-8.70538	-85.18153	SAX_RV_FREEWALL	3	1.0	21
-53.79459	-6.49584	-85.70142	SAX_RV_FREEWALL	3	1.0	21
-50.50466	-4.28630	-85.36289	SAX_RV_FREEWALL	3	1.0	21
-48.32858	-2.07677	-85.88278	SAX_RV_FREEWALL	3	1.0	21
-45.03865	0.13277	-85.54425	SAX_RV_FREEWALL	3	1.0	21
-41.74872	2.34231	-85.20572	SAX_RV_FREEWALL	3	1.0	21
-38.45879	4.55185	-84.86718	SAX_RV_FREEWALL	3	1.0	21
-35.16886	6.76139	-84.52865	SAX_RV_FREEWALL	3	1.0	21
-31.87893	8.97093	-84.19012	SAX_RV_FREEWALL	3	1.0	21
-28.58900	11.18047	-83.85159	SAX_RV_FREEWALL	3	1.0	21
-25.83019	12.28524	-82.82390	SAX_RV_FREEWALL	3	1.0	21
-23.07138	13.39001	-81.79621	SAX_RV_FREEWALL	3	1.0	21
-20.31257	14.49478	-80.76852	SAX_RV_FREEWALL	3	1.0	21
-17.55376	15.59955	-79.74083	SAX_RV_FREEWALL	3	1.0	21
-14.79495	16.70432	-78.71314	SAX_RV_FREEWALL	3	1.0	21
4.38332	-17.54346	-29.87975	SAX_RV_FREEWALL	3	1.0	21
1.62451	-18.64823	-30.90744	SAX_RV_FREEWALL	3	1.0	21
-1.13430	-19.75300	-31.93513	SAX_RV_FREEWALL	3	1.0	21
-3.89311	-20.85777	-32.96282	SAX_RV_FREEWALL	3	1.0	21
-6.65192	-21.96254	-33.99051	SAX_RV_FREEWALL	3	1.0	21
-9.94185	-24.17208	-34.32904	SAX_RV_FREEWALL	3	1.0	21
-12.70066	-25.27685	-35.35673	SAX_RV_FREEWALL	3	1.0	21
-15.45947	-26.38162	-36.38442	SAX_RV_FREEWALL	3	1.0	21
-18.21828	-27.48639	-37.41211	SAX_RV_FREEWALL	3	1.0	21
-20.44597	-27.48640	-39.12895	SAX_RV_FREEWALL	3	1.0	21
-23.20478	-28.59117	-40.15664	SAX_RV_FREEWALL	3	1.0	21
-25.43247	-28.59117	-41.87349	SAX_RV_FREEWALL	3	1.0	21
-27.66015	-28.59117	-43.59033	SAX_RV_FREEWALL	3	1.0	21
-29.88784	-28.59117	-45.30718	SAX_RV_FREEWALL	3	1.0	21
-32.11553	-28.59118	-47.02403	SAX_RV_FREEWALL	3	1.0	21
-34.34322	-28.59118	-48.74087	SAX_RV_FREEWALL	3	1.0	21
-36.57091	-28.59118	-50.45772	SAX_RV_FREEWALL	3	1.0	21
-38.79860	-28.59118	-52.17456	SAX_RV_FREEWALL	3	1.0	21
-41.02628	-28.59118	-53.89141	SAX_RV_FREEWALL	3	1.0	21
-43.25397	-28.59119	-55.60825	SAX_RV_FREEWALL	3	1.0	21
-45.48166	-28.59119	-57.32510	SAX_RV_FREEWALL	3	1.0	21
-49.30271	-31.90550	-56.97447	SAX_RV_EPICARDIAL	3	1.0	21
-50.99928	-30.80073	-59.38048	SAX_RV_EPICARDIAL	3	1.0	21
-53.22697	-30.80073	-61.09732	SAX_RV_EPICARDIAL	3	1.0	21
-54.92354	-29.69597	-63.50332	SAX_RV_EPICARDIAL	3	1.0	21
-56.62010	-28.59120	-65.90933	SAX_RV_EPICARDIAL	3	1.0	21
-58.31667	-27.48643	-68.31533	SAX_RV_EPICARDIAL	3	1.0	21
-59.48212	-25.27690	-71.41049	SAX_RV_EPICARDIAL	3	1.0	21
-60.64756	-23.06737	-74.50565	SAX_RV_EPICARDIAL	3	1.0	21
-61.81301	-20.85783	-77.60081	SAX_RV_EPICARDIAL	3	1.0	21
-62.97846	-18.64830	-80.69597	SAX_RV_EPICARDIAL	3	1.0	21
-63.03006	-16.43876	-82.93270	SAX_RV_EPICARDIAL	3	1.0	21
-61.96782	-14.22922	-84.31102	SAX_RV_EPICARDIAL	3	1.0	21
-60.90558	-12.01969	-85.68933	SAX_RV_EPICARDIAL	3	1.0	21
-59.84333	-9.81015	-87.06764	SAX_RV_EPICARDIAL	3	1.0	21
-57.66725	-7.60061	-87.58753	SAX_RV_EPICARDIAL	3	1.0	21
-55.49116	-5.39108	-88.10742	SAX_RV_EPICARDIAL	3	1.0	21
-53.31508	-3.18154	-88.62731	SAX_RV_EPICARDIAL	3	1.0	21
-50.02515	-0.97200	-88.28878	SAX_RV_EPICARDIAL	3	1.0	21
-46.73522	1.23754	-87.95025	SAX_RV_EPICARDIAL	3	1.0	21
-44.55913	3.44708	-88.47014	SAX_RV_EPICARDIAL	3	1.0	21
-41.26920	5.65662	-88.13161	SAX_RV_EPICARDIAL	3	1.0	21
-37.97927	7.86615	-87.79308	SAX_RV_EPICARDIAL	3	1.0	21
-34.68934	10.07569	-87.45454	SAX_RV_EPICARDIAL	3	1.0	21
-31.93053	11.18046	-86.42685	SAX_RV_EPICARDIAL	3	1.0	21
-28.64060	13.39000	-86.08832	SAX_RV_EPICARDIAL	3	1.0	21
-25.88179	14.49477	-85.06063	SAX_RV_EPICARDIAL	3	1.0	21
-23.12298	15.59954	-84.03294	SAX_RV_EPICARDIAL	3	1.0	21
-20.36417	16.70431	-83.00526	SAX_RV_EPICARDIAL	3	1.0	21
-17.60536	17.80908	-81.97757	SAX_RV_EPICARDIAL	3	1.0	21
-14.84655	18.91385	-80.94988	SAX_RV_EPICARDIAL	3	1.0	21
-12.08774	20.01862	-79.92219	SAX_RV_EPICARDIAL	3	1.0	21
-12.56726	16.70432	-76.99630	SAX_RV_EPICARDIAL	3	1.0	21
9.36981	-16.43869	-27.13522	SAX_RV_EPICARDIAL	3	1.0	21
11.59750	-16.43869	-25.41837	SAX_RV_EPICARDIAL	3	1.0	21
8.30757	-18.64823	-25.75691	SAX_RV_EPICARDIAL	3	1.0	21
5.54876	-19.75300	-26.78459	SAX_RV_EPICARDIAL	3	1.0	21
2.78995	-20.85777	-27.81228	SAX_RV_EPICARDIAL	3	1.0	21
0.56227	-20.85777	-29.52913	SAX_RV_EPICARDIAL	3	1.0	21
-2.72767	-23.06731	-29.86766	SAX_RV_EPICARDIAL	3	1.0	21
-5.48647	-24.17208	-30.89535	SAX_RV_EPICARDIAL	3	1.0	21
-8.77640	-26.38162	-31.23388	SAX_RV_EPICARDIAL	3	1.0	21
-11.53521	-27.48639	-32.26157	SAX_RV_EPICARDIAL	3	1.0	21
-14.29402	-28.59116	-33.28926	SAX_RV_EPICARDIAL	3	1.0	21
-17.05283	-29.69593	-34.31695	SAX_RV_EPICARDIAL	3	1.0	21
-19.81164	-30.80070	-35.34464	SAX_RV_EPICARDIAL	3	1.0	21
-22.03933	-30.80070	-37.06148	SAX_RV_EPICARDIAL	3	1.0	21
-24.26702	-30.80070	-38.77833	SAX_RV_EPICARDIAL	3	1.0	21
-27.02583	-31.90547	-39.80602	SAX_RV_EPICARDIAL	3	1.0	21
-29.25352	-31.90548	-41.52286	SAX_RV_EPICARDIAL	3	1.0	21
-31.48121	-31.90548	-43.23971	SAX_RV_EPICARDIAL	3	1.0	21
-33.70889	-31.90548	-44.95656	SAX_RV_EPICARDIAL	3	1.0	21
-35.93658	-31.90548	-46.67340	SAX_RV_EPICARDIAL	3	1.0	21
-38.16427	-31.90549	-48.39025	SAX_RV_EPICARDIAL	3	1.0	21
-40.39196	-31.90549	-50.10709	SAX_RV_EPICARDIAL	3	1.0	21
-42.61965	-31.90549	-51.82394	SAX_RV_EPICARDIAL	3	1.0	21
-44.84734	-31.90549	-53.54078	SAX_RV_EPICARDIAL	3	1.0	21
-47.07502	-31.90549	-55.25763	SAX_RV_EPICARDIAL	3	1.0	21
-13.09838	15.59955	-76.30714	SAX_RV_SEPTUM	3	1.0	21
-14.16062	13.39002	-74.92883	SAX_RV_SEPTUM	3	1.0	21
-14.10902	11.18048	-72.69209	SAX_RV_SEPTUM	3	1.0	21
-14.05742	8.97095	-70.45535	SAX_RV_SEPTUM	3	1.0	21
-14.00582	6.76141	-68.21862	SAX_RV_SEPTUM	3	1.0	21
-13.95421	4.55187	-65.98188	SAX_RV_SEPTUM	3	1.0	21
-13.90261	2.34234	-63.74514	SAX_RV_SEPTUM	3	1.0	21
-13.85101	0.13280	-61.50841	SAX_RV_SEPTUM	3	1.0	21
-13.79941	-2.07673	-59.27167	SAX_RV_SEPTUM	3	1.0	21
-12.63396	-4.28627	-56.17651	SAX_RV_SEPTUM	3	1.0	21
-11.46851	-6.49580	-53.08135	SAX_RV_SEPTUM	3	1.0	21
-10.30307	-8.70533	-49.98620	SAX_RV_SEPTUM	3	1.0	21
-9.13762	-10.91487	-46.89104	SAX_RV_SEPTUM	3	1.0	21
-7.44105	-12.01964	-44.48503	SAX_RV_SEPTUM	3	1.0	21
-5.74449	-13.12440	-42.07903	SAX_RV_SEPTUM	3	1.0	21
-4.04792	-14.22917	-39.67303	SAX_RV_SEPTUM	3	1.0	21
-1.82023	-14.22917	-37.95618	SAX_RV_SEPTUM	3	1.0	21
0.40746	-14.22916	-36.23934	SAX_RV_SEPTUM	3	1.0	21
2.10403	-15.33393	-33.83334	SAX_RV_SEPTUM	3	1.0	21
4.33171	-15.33393	-32.11649	SAX_RV_SEPTUM	3	1.0	21
6.55940	-15.33392	-30.39964	SAX_RV_SEPTUM	3	1.0	21
8.78709	-15.33392	-28.68280	SAX_RV_SEPTUM	3	1.0	21
6.61101	-17.54346	-28.16291	SAX_RV_SEPTUM	3	1.0	21
-9.86005	20.01863	-78.20534	SAX_LV_EPICARDIAL	3	1.0	21
-7.68397	22.22816	-78.72523	SAX_LV_EPICARDIAL	3	1.0	21
-5.50788	24.43770	-79.24512	SAX_LV_EPICARDIAL	3	1.0	21
-3.33180	26.64724	-79.76502	SAX_LV_EPICARDIAL	3	1.0	21
-0.04187	28.85678	-79.42648	SAX_LV_EPICARDIAL	3	1.0	21
3.24806	31.06632	-79.08795	SAX_LV_EPICARDIAL	3	1.0	21
6.53800	33.27586	-78.74942	SAX_LV_EPICARDIAL	3	1.0	21
9.29680	34.38063	-77.72173	SAX_LV_EPICARDIAL	3	1.0	21
12.58673	36.59017	-77.38320	SAX_LV_EPICARDIAL	3	1.0	21
15.34554	37.69494	-76.35551	SAX_LV_EPICARDIAL	3	1.0	21
18.10435	38.79971	-75.32782	SAX_LV_EPICARDIAL	3	1.0	21
20.86316	39.90448	-74.30013	SAX_LV_EPICARDIAL	3	1.0	21
23.09085	39.90448	-72.58329	SAX_LV_EPICARDIAL	3	1.0	21
25.84966	41.00925	-71.55560	SAX_LV_EPICARDIAL	3	1.0	21
28.07735	41.00925	-69.83875	SAX_LV_EPICARDIAL	3	1.0	21
30.30504	41.00925	-68.12191	SAX_LV_EPICARDIAL	3	1.0	21
32.53273	41.00926	-66.40506	SAX_LV_EPICARDIAL	3	1.0	21
34.76041	41.00926	-64.68821	SAX_LV_EPICARDIAL	3	1.0	21
36.98810	41.00926	-62.97137	SAX_LV_EPICARDIAL	3	1.0	21
38.68467	39.90449	-60.56537	SAX_LV_EPICARDIAL	3	1.0	21
40.91236	39.90450	-58.84852	SAX_LV_EPICARDIAL	3	1.0	21
42.60893	38.79973	-56.44252	SAX_LV_EPICARDIAL	3	1.0	21
44.30549	37.69497	-54.03652	SAX_LV_EPICARDIAL	3	1.0	21
46.00206	36.59020	-51.63051	SAX_LV_EPICARDIAL	3	1.0	21
47.16751	34.38066	-48.53535	SAX_LV_EPICARDIAL	3	1.0	21
48.33295	32.17113	-45.44020	SAX_LV_EPICARDIAL	3	1.0	21
49.49840	29.96160	-42.34504	SAX_LV_EPICARDIAL	3	1.0	21
49.55000	27.75206	-40.10830	SAX_LV_EPICARDIAL	3	1.0	21
50.71545	25.54253	-37.01314	SAX_LV_EPICARDIAL	3	1.0	21
50.76705	23.33299	-34.77640	SAX_LV_EPICARDIAL	3	1.0	21
50.81865	21.12346	-32.53967	SAX_LV_EPICARDIAL	3	1.0	21
49.75641	18.91392	-31.16136	SAX_LV_EPICARDIAL	3	1.0	21
49.80802	16.70438	-28.92462	SAX_LV_EPICARDIAL	3	1.0	21
48.74577	14.49485	-27.54631	SAX_LV_EPICARDIAL	3	1.0	21
47.68353	12.28531	-26.16799	SAX_LV_EPICARDIAL	3	1.0	21
46.62129	10.07577	-24.78968	SAX_LV_EPICARDIAL	3	1.0	21
45.55905	7.86624	-23.41137	SAX_LV_EPICARDIAL	3	1.0	21
44.49681	5.65670	-22.03305	SAX_LV_EPICARDIAL	3	1.0	21
42.32072	3.44716	-21.51316	SAX_LV_EPICARDIAL	3	1.0	21
41.25848	1.23763	-20.13485	SAX_LV_EPICARDIAL	3	1.0	21
39.08239	-0.97191	-19.61496	SAX_LV_EPICARDIAL	3	1.0	21
35.79246	-3.18145	-19.95349	SAX_LV_EPICARDIAL	3	1.0	21
33.61638	-5.39099	-19.43360	SAX_LV_EPICARDIAL	3	1.0	21
30.32645	-7.60053	-19.77213	SAX_LV_EPICARDIAL	3	1.0	21
27.03651	-9.81007	-20.11066	SAX_LV_EPICARDIAL	3	1.0	21
24.27771	-10.91484	-21.13835	SAX_LV_EPICARDIAL	3	1.0	21
21.51890	-12.01961	-22.16604	SAX_LV_EPICARDIAL	3	1.0	21
18.76009	-13.12438	-23.19373	SAX_LV_EPICARDIAL	3	1.0	21
16.00128	-14.22915	-24.22142	SAX_LV_EPICARDIAL	3	1.0	21
13.77359	-14.22915	-25.93826	SAX_LV_EPICARDIAL	3	1.0	21
12.50494	-7.60054	-33.50690	SAX_LV_ENDOCARDIAL	3	1.0	21
10.80837	-6.49578	-35.91290	SAX_LV_ENDOCARDIAL	3	1.0	21
8.58068	-6.49578	-37.62974	SAX_LV_ENDOCARDIAL	3	1.0	21
6.88411	-5.39101	-40.03575	SAX_LV_ENDOCARDIAL	3	1.0	21
4.65643	-5.39102	-41.75259	SAX_LV_ENDOCARDIAL	3	1.0	21
2.95986	-4.28625	-44.15859	SAX_LV_ENDOCARDIAL	3	1.0	21
1.26329	-3.18148	-46.56460	SAX_LV_ENDOCARDIAL	3	1.0	21
-0.43328	-2.07672	-48.97060	SAX_LV_ENDOCARDIAL	3	1.0	21
-1.59872	0.13282	-52.06576	SAX_LV_ENDOCARDIAL	3	1.0	21
-2.76417	2.34235	-55.16092	SAX_LV_ENDOCARDIAL	3	1.0	21
-3.92962	4.55188	-58.25608	SAX_LV_ENDOCARDIAL	3	1.0	21
-3.98122	6.76142	-60.49281	SAX_LV_ENDOCARDIAL	3	1.0	21
-5.14667	8.97095	-63.58797	SAX_LV_ENDOCARDIAL	3	1.0	21
-5.19827	11.18049	-65.82471	SAX_LV_ENDOCARDIAL	3	1.0	21
-4.13603	13.39003	-67.20302	SAX_LV_ENDOCARDIAL	3	1.0	21
-4.18763	15.59956	-69.43976	SAX_LV_ENDOCARDIAL	3	1.0	21
-3.12539	17.80910	-70.81807	SAX_LV_ENDOCARDIAL	3	1.0	21
-0.94930	20.01864	-71.33796	SAX_LV_ENDOCARDIAL	3	1.0	21
0.11294	22.22817	-72.71627	SAX_LV_ENDOCARDIAL	3	1.0	21
3.40287	24.43771	-72.37774	SAX_LV_ENDOCARDIAL	3	1.0	21
5.57896	26.64725	-72.89763	SAX_LV_ENDOCARDIAL	3	1.0	21
8.86889	28.85679	-72.55910	SAX_LV_ENDOCARDIAL	3	1.0	21
12.15882	31.06633	-72.22057	SAX_LV_ENDOCARDIAL	3	1.0	21
14.91763	32.17110	-71.19288	SAX_LV_ENDOCARDIAL	3	1.0	21
17.67644	33.27587	-70.16519	SAX_LV_ENDOCARDIAL	3	1.0	21
19.90413	33.27587	-68.44835	SAX_LV_ENDOCARDIAL	3	1.0	21
22.66294	34.38064	-67.42066	SAX_LV_ENDOCARDIAL	3	1.0	21
24.89062	34.38064	-65.70381	SAX_LV_ENDOCARDIAL	3	1.0	21
27.11831	34.38064	-63.98697	SAX_LV_ENDOCARDIAL	3	1.0	21
29.34600	34.38065	-62.27012	SAX_LV_ENDOCARDIAL	3	1.0	21
31.57369	34.38065	-60.55327	SAX_LV_ENDOCARDIAL	3	1.0	21
33.80138	34.38065	-58.83643	SAX_LV_ENDOCARDIAL	3	1.0	21
36.02907	34.38065	-57.11958	SAX_LV_ENDOCARDIAL	3	1.0	21
38.25675	34.38066	-55.40274	SAX_LV_ENDOCARDIAL	3	1.0	21
39.95332	33.27589	-52.99673	SAX_LV_ENDOCARDIAL	3	1.0	21
41.11877	31.06636	-49.90158	SAX_LV_ENDOCARDIAL	3	1.0	21
42.28422	28.85682	-46.80642	SAX_LV_ENDOCARDIAL	3	1.0	21
43.44966	26.64729	-43.71126	SAX_LV_ENDOCARDIAL	3	1.0	21
44.61511	24.43775	-40.61610	SAX_LV_ENDOCARDIAL	3	1.0	21
44.66671	22.22822	-38.37936	SAX_LV_ENDOCARDIAL	3	1.0	21
44.71831	20.01868	-36.14263	SAX_LV_ENDOCARDIAL	3	1.0	21
44.76992	17.80915	-33.90589	SAX_LV_ENDOCARDIAL	3	1.0	21
43.70767	15.59961	-32.52758	SAX_LV_ENDOCARDIAL	3	1.0	21
42.64543	13.39007	-31.14926	SAX_LV_ENDOCARDIAL	3	1.0	21
41.58319	11.18054	-29.77095	SAX_LV_ENDOCARDIAL	3	1.0	21
40.52095	8.97100	-28.39264	SAX_LV_ENDOCARDIAL	3	1.0	21
39.45871	6.76146	-27.01432	SAX_LV_ENDOCARDIAL	3	1.0	21
37.28262	4.55193	-26.49443	SAX_LV_ENDOCARDIAL	3	1.0	21
36.22038	2.34239	-25.11612	SAX_LV_ENDOCARDIAL	3	1.0	21
34.04429	0.13285	-24.59623	SAX_LV_ENDOCARDIAL	3	1.0	21
31.86821	-2.07669	-24.07634	SAX_LV_ENDOCARDIAL	3	1.0	21
29.10940	-3.18146	-25.10403	SAX_LV_ENDOCARDIAL	3	1.0	21
26.35059	-4.28623	-26.13171	SAX_LV_ENDOCARDIAL	3	1.0	21
23.59178	-5.39100	-27.15940	SAX_LV_ENDOCARDIAL	3	1.0	21
20.83297	-6.49577	-28.18709	SAX_LV_ENDOCARDIAL	3	1.0	21
18.60528	-6.49577	-29.90394	SAX_LV_ENDOCARDIAL	3	1.0	21
15.84647	-7.60054	-30.93163	SAX_LV_ENDOCARDIAL	3	1.0	21
13.61878	-7.60054	-32.64847	SAX_LV_ENDOCARDIAL	3	1.0	21
6.61101	-17.54346	-28.16291	RV_INSERT	3	1.0	21
-14.79495	16.70432	-78.71314	RV_INSERT	3	1.0	21
-34.92078	-32.91358	-73.33196	SAX_RV_FREEWALL	4	1.0	21
-36.61735	-31.80881	-75.73796	SAX_RV_FREEWALL	4	1.0	21
-38.84504	-31.80882	-77.45481	SAX_RV_FREEWALL	4	1.0	21
-40.54160	-30.70405	-79.86081	SAX_RV_FREEWALL	4	1.0	21
-42.76929	-30.70405	-81.57766	SAX_RV_FREEWALL	4	1.0	21
-44.46586	-29.59929	-83.98366	SAX_RV_FREEWALL	4	1.0	21
-45.63131	-27.38975	-87.07882	SAX_RV_FREEWALL	4	1.0	21
-46.79675	-25.18022	-90.17398	SAX_RV_FREEWALL	4	1.0	21
-46.84836	-22.97068	-92.41071	SAX_RV_FREEWALL	4	1.0	21
-46.89996	-20.76115	-94.64745	SAX_RV_FREEWALL	4	1.0	21
-44.72387	-18.55161	-95.16734	SAX_RV_FREEWALL	4	1.0	21
-42.54779	-16.34207	-95.68723	SAX_RV_FREEWALL	4	1.0	21
-39.25785	-14.13253	-95.34870	SAX_RV_FREEWALL	4	1.0	21
-35.96792	-11.92299	-95.01017	SAX_RV_FREEWALL	4	1.0	21
-32.67799	-9.71346	-94.67164	SAX_RV_FREEWALL	4	1.0	21
-29.38806	-7.50392	-94.33310	SAX_RV_FREEWALL	4	1.0	21
-26.09813	-5.29438	-93.99457	SAX_RV_FREEWALL	4	1.0	21
-23.33932	-4.18961	-92.96688	SAX_RV_FREEWALL	4	1.0	21
-20.04939	-1.98007	-92.62835	SAX_RV_FREEWALL	4	1.0	21
-16.75946	0.22947	-92.28982	SAX_RV_FREEWALL	4	1.0	21
-14.00065	1.33424	-91.26213	SAX_RV_FREEWALL	4	1.0	21
-10.71072	3.54378	-90.92360	SAX_RV_FREEWALL	4	1.0	21
-7.95191	4.64855	-89.89591	SAX_RV_FREEWALL	4	1.0	21
-5.19311	5.75332	-88.86822	SAX_RV_FREEWALL	4	1.0	21
-2.96542	5.75332	-87.15137	SAX_RV_FREEWALL	4	1.0	21
3.85736	-24.07540	-52.23411	SAX_RV_FREEWALL	4	1.0	21
1.09855	-25.18017	-53.26180	SAX_RV_FREEWALL	4	1.0	21
-1.66026	-26.28494	-54.28949	SAX_RV_FREEWALL	4	1.0	21
-4.41907	-27.38971	-55.31718	SAX_RV_FREEWALL	4	1.0	21
-6.64676	-27.38971	-57.03402	SAX_RV_FREEWALL	4	1.0	21
-9.40557	-28.49448	-58.06171	SAX_RV_FREEWALL	4	1.0	21
-11.63326	-28.49449	-59.77856	SAX_RV_FREEWALL	4	1.0	21
-14.39207	-29.59926	-60.80624	SAX_RV_FREEWALL	4	1.0	21
-17.15088	-30.70403	-61.83393	SAX_RV_FREEWALL	4	1.0	21
-19.37856	-30.70403	-63.55078	SAX_RV_FREEWALL	4	1.0	21
-22.13737	-31.80880	-64.57847	SAX_RV_FREEWALL	4	1.0	21
-24.36506	-31.80880	-66.29531	SAX_RV_FREEWALL	4	1.0	21
-26.59275	-31.80880	-68.01216	SAX_RV_FREEWALL	4	1.0	21
-29.35156	-32.91358	-69.03985	SAX_RV_FREEWALL	4	1.0	21
-31.57925	-32.91358	-70.75669	SAX_RV_FREEWALL	4	1.0	21
-33.80694	-32.91358	-72.47354	SAX_RV_FREEWALL	4	1.0	21
-39.32455	-35.12312	-74.52892	SAX_RV_EPICARDIAL	4	1.0	21
-41.02112	-34.01835	-76.93492	SAX_RV_EPICARDIAL	4	1.0	21
-43.24881	-34.01836	-78.65177	SAX_RV_EPICARDIAL	4	1.0	21
-44.94538	-32.91359	-81.05777	SAX_RV_EPICARDIAL	4	1.0	21
-46.64195	-31.80882	-83.46377	SAX_RV_EPICARDIAL	4	1.0	21
-48.33851	-30.70406	-85.86977	SAX_RV_EPICARDIAL	4	1.0	21
-49.50396	-28.49452	-88.96493	SAX_RV_EPICARDIAL	4	1.0	21
-50.66941	-26.28499	-92.06009	SAX_RV_EPICARDIAL	4	1.0	21
-49.60716	-24.07545	-93.43840	SAX_RV_EPICARDIAL	4	1.0	21
-49.65877	-21.86592	-95.67514	SAX_RV_EPICARDIAL	4	1.0	21
-48.59652	-19.65638	-97.05345	SAX_RV_EPICARDIAL	4	1.0	21
-46.42044	-17.44684	-97.57334	SAX_RV_EPICARDIAL	4	1.0	21
-45.35820	-15.23731	-98.95166	SAX_RV_EPICARDIAL	4	1.0	21
-42.06827	-13.02777	-98.61313	SAX_RV_EPICARDIAL	4	1.0	21
-38.77834	-10.81823	-98.27459	SAX_RV_EPICARDIAL	4	1.0	21
-35.48841	-8.60869	-97.93606	SAX_RV_EPICARDIAL	4	1.0	21
-32.19848	-6.39915	-97.59753	SAX_RV_EPICARDIAL	4	1.0	21
-28.90855	-4.18961	-97.25900	SAX_RV_EPICARDIAL	4	1.0	21
-25.61862	-1.98007	-96.92046	SAX_RV_EPICARDIAL	4	1.0	21
-22.85981	-0.87530	-95.89278	SAX_RV_EPICARDIAL	4	1.0	21
-19.56988	1.33423	-95.55424	SAX_RV_EPICARDIAL	4	1.0	21
-16.81107	2.43901	-94.52655	SAX_RV_EPICARDIAL	4	1.0	21
-14.05226	3.54378	-93.49887	SAX_RV_EPICARDIAL	4	1.0	21
-10.76233	5.75331	-93.16033	SAX_RV_EPICARDIAL	4	1.0	21
-8.00352	6.85809	-92.13264	SAX_RV_EPICARDIAL	4	1.0	21
-5.24471	7.96286	-91.10496	SAX_RV_EPICARDIAL	4	1.0	21
-2.48590	9.06763	-90.07727	SAX_RV_EPICARDIAL	4	1.0	21
-0.25821	9.06763	-88.36042	SAX_RV_EPICARDIAL	4	1.0	21
-0.20661	6.85809	-86.12368	SAX_RV_EPICARDIAL	4	1.0	21
8.26113	-21.86586	-51.03715	SAX_RV_EPICARDIAL	4	1.0	21
6.66777	-25.18017	-48.96968	SAX_RV_EPICARDIAL	4	1.0	21
3.90896	-26.28494	-49.99737	SAX_RV_EPICARDIAL	4	1.0	21
1.15015	-27.38971	-51.02506	SAX_RV_EPICARDIAL	4	1.0	21
-1.60866	-28.49448	-52.05275	SAX_RV_EPICARDIAL	4	1.0	21
-4.36747	-29.59925	-53.08044	SAX_RV_EPICARDIAL	4	1.0	21
-6.59516	-29.59925	-54.79728	SAX_RV_EPICARDIAL	4	1.0	21
-9.35397	-30.70402	-55.82497	SAX_RV_EPICARDIAL	4	1.0	21
-12.11277	-31.80879	-56.85266	SAX_RV_EPICARDIAL	4	1.0	21
-14.87158	-32.91356	-57.88035	SAX_RV_EPICARDIAL	4	1.0	21
-17.09927	-32.91356	-59.59720	SAX_RV_EPICARDIAL	4	1.0	21
-19.85808	-34.01833	-60.62489	SAX_RV_EPICARDIAL	4	1.0	21
-22.08577	-34.01834	-62.34173	SAX_RV_EPICARDIAL	4	1.0	21
-24.84458	-35.12311	-63.36942	SAX_RV_EPICARDIAL	4	1.0	21
-27.07227	-35.12311	-65.08627	SAX_RV_EPICARDIAL	4	1.0	21
-29.29996	-35.12311	-66.80311	SAX_RV_EPICARDIAL	4	1.0	21
-31.52765	-35.12311	-68.51996	SAX_RV_EPICARDIAL	4	1.0	21
-33.75533	-35.12312	-70.23680	SAX_RV_EPICARDIAL	4	1.0	21
-35.98302	-35.12312	-71.95365	SAX_RV_EPICARDIAL	4	1.0	21
-38.21071	-35.12312	-73.67049	SAX_RV_EPICARDIAL	4	1.0	21
-0.73773	5.75332	-85.43453	SAX_RV_SEPTUM	4	1.0	21
-1.79997	3.54379	-84.05621	SAX_RV_SEPTUM	4	1.0	21
-2.86221	1.33425	-82.67790	SAX_RV_SEPTUM	4	1.0	21
-3.92445	-0.87529	-81.29959	SAX_RV_SEPTUM	4	1.0	21
-3.87285	-3.08482	-79.06285	SAX_RV_SEPTUM	4	1.0	21
-3.82125	-5.29436	-76.82612	SAX_RV_SEPTUM	4	1.0	21
-3.76965	-7.50389	-74.58938	SAX_RV_SEPTUM	4	1.0	21
-3.71804	-9.71343	-72.35264	SAX_RV_SEPTUM	4	1.0	21
-3.66644	-11.92296	-70.11591	SAX_RV_SEPTUM	4	1.0	21
-2.50100	-14.13250	-67.02075	SAX_RV_SEPTUM	4	1.0	21
-0.80443	-15.23726	-64.61474	SAX_RV_SEPTUM	4	1.0	21
0.36102	-17.44680	-61.51959	SAX_RV_SEPTUM	4	1.0	21
2.05759	-18.55156	-59.11358	SAX_RV_SEPTUM	4	1.0	21
3.75415	-19.65633	-56.70758	SAX_RV_SEPTUM	4	1.0	21
5.45072	-20.76110	-54.30158	SAX_RV_SEPTUM	4	1.0	21
7.14729	-21.86586	-51.89558	SAX_RV_SEPTUM	4	1.0	21
6.61617	-22.97063	-51.20642	SAX_RV_SEPTUM	4	1.0	21
3.08332	9.06763	-85.78515	SAX_LV_EPICARDIAL	4	1.0	21
4.14556	11.27717	-87.16347	SAX_LV_EPICARDIAL	4	1.0	21
6.32165	13.48671	-87.68336	SAX_LV_EPICARDIAL	4	1.0	21
9.61158	15.69624	-87.34482	SAX_LV_EPICARDIAL	4	1.0	21
11.78767	17.90578	-87.86471	SAX_LV_EPICARDIAL	4	1.0	21
15.07760	20.11532	-87.52618	SAX_LV_EPICARDIAL	4	1.0	21
18.36753	22.32486	-87.18765	SAX_LV_EPICARDIAL	4	1.0	21
21.12634	23.42963	-86.15996	SAX_LV_EPICARDIAL	4	1.0	21
23.88515	24.53440	-85.13227	SAX_LV_EPICARDIAL	4	1.0	21
26.64396	25.63917	-84.10458	SAX_LV_EPICARDIAL	4	1.0	21
29.40277	26.74394	-83.07689	SAX_LV_EPICARDIAL	4	1.0	21
31.63045	26.74394	-81.36005	SAX_LV_EPICARDIAL	4	1.0	21
33.85814	26.74395	-79.64320	SAX_LV_EPICARDIAL	4	1.0	21
36.08583	26.74395	-77.92636	SAX_LV_EPICARDIAL	4	1.0	21
38.31352	26.74395	-76.20951	SAX_LV_EPICARDIAL	4	1.0	21
40.54121	26.74395	-74.49267	SAX_LV_EPICARDIAL	4	1.0	21
42.76890	26.74396	-72.77582	SAX_LV_EPICARDIAL	4	1.0	21
44.46546	25.63919	-70.36982	SAX_LV_EPICARDIAL	4	1.0	21
46.69315	25.63919	-68.65297	SAX_LV_EPICARDIAL	4	1.0	21
48.38972	24.53443	-66.24697	SAX_LV_EPICARDIAL	4	1.0	21
50.08629	23.42966	-63.84097	SAX_LV_EPICARDIAL	4	1.0	21
51.78285	22.32489	-61.43497	SAX_LV_EPICARDIAL	4	1.0	21
52.94830	20.11536	-58.33981	SAX_LV_EPICARDIAL	4	1.0	21
54.11375	17.90582	-55.24465	SAX_LV_EPICARDIAL	4	1.0	21
54.16535	15.69629	-53.00791	SAX_LV_EPICARDIAL	4	1.0	21
54.21695	13.48675	-50.77118	SAX_LV_EPICARDIAL	4	1.0	21
54.26855	11.27722	-48.53444	SAX_LV_EPICARDIAL	4	1.0	21
54.32016	9.06768	-46.29770	SAX_LV_EPICARDIAL	4	1.0	21
53.25792	6.85815	-44.91939	SAX_LV_EPICARDIAL	4	1.0	21
52.19567	4.64861	-43.54108	SAX_LV_EPICARDIAL	4	1.0	21
51.13343	2.43907	-42.16276	SAX_LV_EPICARDIAL	4	1.0	21
50.07119	0.22954	-40.78445	SAX_LV_EPICARDIAL	4	1.0	21
49.00895	-1.98000	-39.40614	SAX_LV_EPICARDIAL	4	1.0	21
47.94671	-4.18954	-38.02782	SAX_LV_EPICARDIAL	4	1.0	21
45.77062	-6.39907	-37.50793	SAX_LV_EPICARDIAL	4	1.0	21
43.59453	-8.60861	-36.98804	SAX_LV_EPICARDIAL	4	1.0	21
41.41845	-10.81815	-36.46815	SAX_LV_EPICARDIAL	4	1.0	21
38.12852	-13.02769	-36.80668	SAX_LV_EPICARDIAL	4	1.0	21
34.83859	-15.23723	-37.14521	SAX_LV_EPICARDIAL	4	1.0	21
31.54866	-17.44677	-37.48375	SAX_LV_EPICARDIAL	4	1.0	21
28.78985	-18.55154	-38.51144	SAX_LV_EPICARDIAL	4	1.0	21
26.03104	-19.65631	-39.53912	SAX_LV_EPICARDIAL	4	1.0	21
23.27223	-20.76108	-40.56681	SAX_LV_EPICARDIAL	4	1.0	21
21.04454	-20.76108	-42.28366	SAX_LV_EPICARDIAL	4	1.0	21
18.28573	-21.86585	-43.31135	SAX_LV_EPICARDIAL	4	1.0	21
16.05804	-21.86585	-45.02819	SAX_LV_EPICARDIAL	4	1.0	21
13.83035	-21.86585	-46.74504	SAX_LV_EPICARDIAL	4	1.0	21
11.60267	-21.86586	-48.46189	SAX_LV_EPICARDIAL	4	1.0	21
18.13092	-15.23724	-50.02156	SAX_LV_ENDOCARDIAL	4	1.0	21
16.43436	-14.13248	-52.42756	SAX_LV_ENDOCARDIAL	4	1.0	21
14.20667	-14.13248	-54.14441	SAX_LV_ENDOCARDIAL	4	1.0	21
12.51010	-13.02771	-56.55041	SAX_LV_ENDOCARDIAL	4	1.0	21
10.28241	-13.02772	-58.26725	SAX_LV_ENDOCARDIAL	4	1.0	21
8.58584	-11.92295	-60.67326	SAX_LV_ENDOCARDIAL	4	1.0	21
7.42040	-9.71342	-63.76841	SAX_LV_ENDOCARDIAL	4	1.0	21
5.72383	-8.60865	-66.17442	SAX_LV_ENDOCARDIAL	4	1.0	21
4.55838	-6.39912	-69.26958	SAX_LV_ENDOCARDIAL	4	1.0	21
4.50678	-4.18958	-71.50631	SAX_LV_ENDOCARDIAL	4	1.0	21
4.45518	-1.98004	-73.74305	SAX_LV_ENDOCARDIAL	4	1.0	21
4.40358	0.22949	-75.97978	SAX_LV_ENDOCARDIAL	4	1.0	21
5.46582	2.43903	-77.35810	SAX_LV_ENDOCARDIAL	4	1.0	21
5.41422	4.64856	-79.59483	SAX_LV_ENDOCARDIAL	4	1.0	21
6.47646	6.85810	-80.97315	SAX_LV_ENDOCARDIAL	4	1.0	21
8.65254	9.06764	-81.49304	SAX_LV_ENDOCARDIAL	4	1.0	21
10.82863	11.27717	-82.01293	SAX_LV_ENDOCARDIAL	4	1.0	21
13.00472	13.48671	-82.53282	SAX_LV_ENDOCARDIAL	4	1.0	21
15.18080	15.69625	-83.05271	SAX_LV_ENDOCARDIAL	4	1.0	21
17.93961	16.80102	-82.02502	SAX_LV_ENDOCARDIAL	4	1.0	21
21.22954	19.01056	-81.68649	SAX_LV_ENDOCARDIAL	4	1.0	21
23.98835	20.11533	-80.65880	SAX_LV_ENDOCARDIAL	4	1.0	21
26.21604	20.11533	-78.94195	SAX_LV_ENDOCARDIAL	4	1.0	21
28.97485	21.22010	-77.91427	SAX_LV_ENDOCARDIAL	4	1.0	21
31.20254	21.22010	-76.19742	SAX_LV_ENDOCARDIAL	4	1.0	21
33.43023	21.22011	-74.48057	SAX_LV_ENDOCARDIAL	4	1.0	21
35.65791	21.22011	-72.76373	SAX_LV_ENDOCARDIAL	4	1.0	21
37.88560	21.22011	-71.04688	SAX_LV_ENDOCARDIAL	4	1.0	21
40.11329	21.22011	-69.33004	SAX_LV_ENDOCARDIAL	4	1.0	21
42.34098	21.22012	-67.61319	SAX_LV_ENDOCARDIAL	4	1.0	21
44.03755	20.11535	-65.20719	SAX_LV_ENDOCARDIAL	4	1.0	21
45.73411	19.01058	-62.80119	SAX_LV_ENDOCARDIAL	4	1.0	21
46.89956	16.80105	-59.70603	SAX_LV_ENDOCARDIAL	4	1.0	21
48.06501	14.59152	-56.61087	SAX_LV_ENDOCARDIAL	4	1.0	21
49.23045	12.38198	-53.51571	SAX_LV_ENDOCARDIAL	4	1.0	21
49.28206	10.17245	-51.27897	SAX_LV_ENDOCARDIAL	4	1.0	21
48.21981	7.96291	-49.90066	SAX_LV_ENDOCARDIAL	4	1.0	21
48.27142	5.75337	-47.66392	SAX_LV_ENDOCARDIAL	4	1.0	21
47.20918	3.54384	-46.28561	SAX_LV_ENDOCARDIAL	4	1.0	21
46.14693	1.33430	-44.90730	SAX_LV_ENDOCARDIAL	4	1.0	21
43.97085	-0.87524	-44.38741	SAX_LV_ENDOCARDIAL	4	1.0	21
41.79476	-3.08478	-43.86752	SAX_LV_ENDOCARDIAL	4	1.0	21
40.73252	-5.29431	-42.48920	SAX_LV_ENDOCARDIAL	4	1.0	21
37.44259	-7.50385	-42.82773	SAX_LV_ENDOCARDIAL	4	1.0	21
35.26650	-9.71339	-42.30784	SAX_LV_ENDOCARDIAL	4	1.0	21
32.50769	-10.81816	-43.33553	SAX_LV_ENDOCARDIAL	4	1.0	21
29.21776	-13.02770	-43.67407	SAX_LV_ENDOCARDIAL	4	1.0	21
26.45895	-14.13247	-44.70175	SAX_LV_ENDOCARDIAL	4	1.0	21
24.23127	-14.13247	-46.41860	SAX_LV_ENDOCARDIAL	4	1.0	21
21.47246	-15.23724	-47.44629	SAX_LV_ENDOCARDIAL	4	1.0	21
19.24477	-15.23724	-49.16313	SAX_LV_ENDOCARDIAL	4	1.0	21
-2.96542	5.75332	-87.15137	RV_INSERT	4	1.0	21
6.61617	-22.97063	-51.20642	RV_INSERT	4	1.0	21
-24.51471	-30.60737	-96.04953	SAX_RV_FREEWALL	5	1.0	21
-25.68015	-28.39783	-99.14469	SAX_RV_FREEWALL	5	1.0	21
-23.50407	-26.18829	-99.66458	SAX_RV_FREEWALL	5	1.0	21
-21.32798	-23.97876	-100.18447	SAX_RV_FREEWALL	5	1.0	21
-19.15189	-21.76922	-100.70436	SAX_RV_FREEWALL	5	1.0	21
-16.97581	-19.55968	-101.22426	SAX_RV_FREEWALL	5	1.0	21
-13.68588	-17.35014	-100.88572	SAX_RV_FREEWALL	5	1.0	21
-10.39595	-15.14060	-100.54719	SAX_RV_FREEWALL	5	1.0	21
-7.10602	-12.93106	-100.20866	SAX_RV_FREEWALL	5	1.0	21
-3.81609	-10.72153	-99.87013	SAX_RV_FREEWALL	5	1.0	21
-0.52616	-8.51199	-99.53159	SAX_RV_FREEWALL	5	1.0	21
2.23265	-7.40722	-98.50391	SAX_RV_FREEWALL	5	1.0	21
5.52258	-5.19768	-98.16537	SAX_RV_FREEWALL	5	1.0	21
8.28139	-4.09291	-97.13768	SAX_RV_FREEWALL	5	1.0	21
10.50908	-4.09290	-95.42084	SAX_RV_FREEWALL	5	1.0	21
11.55623	-25.08349	-73.74263	SAX_RV_FREEWALL	5	1.0	21
9.32854	-25.08349	-75.45948	SAX_RV_FREEWALL	5	1.0	21
7.10085	-25.08350	-77.17632	SAX_RV_FREEWALL	5	1.0	21
4.34204	-26.18827	-78.20401	SAX_RV_FREEWALL	5	1.0	21
2.11435	-26.18827	-79.92086	SAX_RV_FREEWALL	5	1.0	21
-0.64446	-27.29304	-80.94855	SAX_RV_FREEWALL	5	1.0	21
-2.87215	-27.29304	-82.66539	SAX_RV_FREEWALL	5	1.0	21
-5.63096	-28.39781	-83.69308	SAX_RV_FREEWALL	5	1.0	21
-7.85864	-28.39781	-85.40993	SAX_RV_FREEWALL	5	1.0	21
-10.61745	-29.50258	-86.43762	SAX_RV_FREEWALL	5	1.0	21
-13.37626	-30.60735	-87.46531	SAX_RV_FREEWALL	5	1.0	21
-15.60395	-30.60736	-89.18215	SAX_RV_FREEWALL	5	1.0	21
-17.83164	-30.60736	-90.89900	SAX_RV_FREEWALL	5	1.0	21
-20.05933	-30.60736	-92.61584	SAX_RV_FREEWALL	5	1.0	21
-22.28702	-30.60736	-94.33269	SAX_RV_FREEWALL	5	1.0	21
-24.99422	-33.92167	-93.12364	SAX_RV_EPICARDIAL	5	1.0	21
-26.69079	-32.81690	-95.52964	SAX_RV_EPICARDIAL	5	1.0	21
-28.38736	-31.71214	-97.93565	SAX_RV_EPICARDIAL	5	1.0	21
-28.43896	-29.50260	-100.17238	SAX_RV_EPICARDIAL	5	1.0	21
-26.26288	-27.29306	-100.69227	SAX_RV_EPICARDIAL	5	1.0	21
-25.20063	-25.08353	-102.07059	SAX_RV_EPICARDIAL	5	1.0	21
-23.02455	-22.87399	-102.59048	SAX_RV_EPICARDIAL	5	1.0	21
-20.84846	-20.66445	-103.11037	SAX_RV_EPICARDIAL	5	1.0	21
-18.67238	-18.45491	-103.63026	SAX_RV_EPICARDIAL	5	1.0	21
-15.38245	-16.24538	-103.29173	SAX_RV_EPICARDIAL	5	1.0	21
-12.09251	-14.03584	-102.95319	SAX_RV_EPICARDIAL	5	1.0	21
-8.80258	-11.82630	-102.61466	SAX_RV_EPICARDIAL	5	1.0	21
-5.51265	-9.61676	-102.27613	SAX_RV_EPICARDIAL	5	1.0	21
-2.22272	-7.40722	-101.93760	SAX_RV_EPICARDIAL	5	1.0	21
1.06721	-5.19768	-101.59906	SAX_RV_EPICARDIAL	5	1.0	21
3.82602	-4.09291	-100.57138	SAX_RV_EPICARDIAL	5	1.0	21
6.58483	-2.98814	-99.54369	SAX_RV_EPICARDIAL	5	1.0	21
9.34363	-1.88337	-98.51600	SAX_RV_EPICARDIAL	5	1.0	21
12.10244	-0.77860	-97.48831	SAX_RV_EPICARDIAL	5	1.0	21
14.33013	-0.77860	-95.77146	SAX_RV_EPICARDIAL	5	1.0	21
13.85061	-4.09290	-92.84557	SAX_RV_EPICARDIAL	5	1.0	21
14.31503	-23.97872	-72.71494	SAX_RV_EPICARDIAL	5	1.0	21
12.72167	-27.29303	-70.64747	SAX_RV_EPICARDIAL	5	1.0	21
10.49398	-27.29303	-72.36432	SAX_RV_EPICARDIAL	5	1.0	21
7.73517	-28.39780	-73.39201	SAX_RV_EPICARDIAL	5	1.0	21
5.50749	-28.39780	-75.10885	SAX_RV_EPICARDIAL	5	1.0	21
3.27980	-28.39780	-76.82570	SAX_RV_EPICARDIAL	5	1.0	21
0.52099	-29.50257	-77.85339	SAX_RV_EPICARDIAL	5	1.0	21
-1.70670	-29.50258	-79.57023	SAX_RV_EPICARDIAL	5	1.0	21
-4.46551	-30.60735	-80.59792	SAX_RV_EPICARDIAL	5	1.0	21
-7.22432	-31.71212	-81.62561	SAX_RV_EPICARDIAL	5	1.0	21
-9.45201	-31.71212	-83.34246	SAX_RV_EPICARDIAL	5	1.0	21
-12.21082	-32.81689	-84.37015	SAX_RV_EPICARDIAL	5	1.0	21
-14.43851	-32.81689	-86.08699	SAX_RV_EPICARDIAL	5	1.0	21
-17.19731	-33.92166	-87.11468	SAX_RV_EPICARDIAL	5	1.0	21
-19.42500	-33.92166	-88.83153	SAX_RV_EPICARDIAL	5	1.0	21
-21.65269	-33.92167	-90.54837	SAX_RV_EPICARDIAL	5	1.0	21
-23.88038	-33.92167	-92.26522	SAX_RV_EPICARDIAL	5	1.0	21
12.20565	-5.19767	-93.01484	SAX_RV_SEPTUM	5	1.0	21
12.78837	-6.30244	-91.46726	SAX_RV_SEPTUM	5	1.0	21
11.72613	-8.51197	-90.08894	SAX_RV_SEPTUM	5	1.0	21
10.66389	-10.72151	-88.71063	SAX_RV_SEPTUM	5	1.0	21
10.71549	-12.93105	-86.47389	SAX_RV_SEPTUM	5	1.0	21
10.76709	-15.14058	-84.23716	SAX_RV_SEPTUM	5	1.0	21
10.81870	-17.35012	-82.00042	SAX_RV_SEPTUM	5	1.0	21
11.98414	-19.55965	-78.90526	SAX_RV_SEPTUM	5	1.0	21
13.14959	-21.76919	-75.81010	SAX_RV_SEPTUM	5	1.0	21
14.31503	-23.97872	-72.71494	SAX_RV_SEPTUM	5	1.0	21
23.27739	-26.18825	-63.61083	SAX_LV_EPICARDIAL	5	1.0	21
21.58082	-25.08348	-66.01683	SAX_LV_EPICARDIAL	5	1.0	21
19.35313	-25.08348	-67.73367	SAX_LV_EPICARDIAL	5	1.0	21
17.65657	-23.97872	-70.13968	SAX_LV_EPICARDIAL	5	1.0	21
17.14054	-1.88336	-92.50704	SAX_LV_EPICARDIAL	5	1.0	21
19.31663	0.32617	-93.02693	SAX_LV_EPICARDIAL	5	1.0	21
21.49272	2.53571	-93.54682	SAX_LV_EPICARDIAL	5	1.0	21
24.78265	4.74525	-93.20829	SAX_LV_EPICARDIAL	5	1.0	21
27.54146	5.85002	-92.18060	SAX_LV_EPICARDIAL	5	1.0	21
30.30027	6.95479	-91.15291	SAX_LV_EPICARDIAL	5	1.0	21
33.05907	8.05956	-90.12522	SAX_LV_EPICARDIAL	5	1.0	21
35.81788	9.16433	-89.09753	SAX_LV_EPICARDIAL	5	1.0	21
38.04557	9.16434	-87.38069	SAX_LV_EPICARDIAL	5	1.0	21
40.27326	9.16434	-85.66384	SAX_LV_EPICARDIAL	5	1.0	21
42.50095	9.16434	-83.94699	SAX_LV_EPICARDIAL	5	1.0	21
44.72864	9.16434	-82.23015	SAX_LV_EPICARDIAL	5	1.0	21
46.95633	9.16434	-80.51330	SAX_LV_EPICARDIAL	5	1.0	21
48.65289	8.05958	-78.10730	SAX_LV_EPICARDIAL	5	1.0	21
50.34946	6.95481	-75.70130	SAX_LV_EPICARDIAL	5	1.0	21
52.57715	6.95481	-73.98445	SAX_LV_EPICARDIAL	5	1.0	21
53.74260	4.74528	-70.88929	SAX_LV_EPICARDIAL	5	1.0	21
54.90804	2.53575	-67.79414	SAX_LV_EPICARDIAL	5	1.0	21
54.95965	0.32621	-65.55740	SAX_LV_EPICARDIAL	5	1.0	21
55.01125	-1.88333	-63.32066	SAX_LV_EPICARDIAL	5	1.0	21
55.06285	-4.09286	-61.08393	SAX_LV_EPICARDIAL	5	1.0	21
54.00061	-6.30240	-59.70561	SAX_LV_EPICARDIAL	5	1.0	21
52.93837	-8.51193	-58.32730	SAX_LV_EPICARDIAL	5	1.0	21
51.87612	-10.72147	-56.94899	SAX_LV_EPICARDIAL	5	1.0	21
50.81388	-12.93101	-55.57067	SAX_LV_EPICARDIAL	5	1.0	21
48.63780	-15.14054	-55.05078	SAX_LV_EPICARDIAL	5	1.0	21
46.46171	-17.35008	-54.53089	SAX_LV_EPICARDIAL	5	1.0	21
43.17178	-19.55962	-54.86942	SAX_LV_EPICARDIAL	5	1.0	21
39.88185	-21.76916	-55.20796	SAX_LV_EPICARDIAL	5	1.0	21
37.12304	-22.87393	-56.23564	SAX_LV_EPICARDIAL	5	1.0	21
34.36423	-23.97870	-57.26333	SAX_LV_EPICARDIAL	5	1.0	21
31.60542	-25.08347	-58.29102	SAX_LV_EPICARDIAL	5	1.0	21
29.37773	-25.08347	-60.00787	SAX_LV_EPICARDIAL	5	1.0	21
27.15004	-25.08348	-61.72471	SAX_LV_EPICARDIAL	5	1.0	21
24.39124	-26.18825	-62.75240	SAX_LV_EPICARDIAL	5	1.0	21
24.23643	-19.55964	-69.46261	SAX_LV_ENDOCARDIAL	5	1.0	21
22.53986	-18.45487	-71.86861	SAX_LV_ENDOCARDIAL	5	1.0	21
20.84329	-17.35011	-74.27462	SAX_LV_ENDOCARDIAL	5	1.0	21
19.67785	-15.14057	-77.36978	SAX_LV_ENDOCARDIAL	5	1.0	21
17.98128	-14.03581	-79.77578	SAX_LV_ENDOCARDIAL	5	1.0	21
17.92968	-11.82627	-82.01251	SAX_LV_ENDOCARDIAL	5	1.0	21
17.87807	-9.61674	-84.24925	SAX_LV_ENDOCARDIAL	5	1.0	21
17.82647	-7.40720	-86.48599	SAX_LV_ENDOCARDIAL	5	1.0	21
18.88871	-5.19766	-87.86430	SAX_LV_ENDOCARDIAL	5	1.0	21
21.06480	-2.98813	-88.38419	SAX_LV_ENDOCARDIAL	5	1.0	21
23.24089	-0.77859	-88.90408	SAX_LV_ENDOCARDIAL	5	1.0	21
26.53082	1.43095	-88.56555	SAX_LV_ENDOCARDIAL	5	1.0	21
29.28963	2.53572	-87.53786	SAX_LV_ENDOCARDIAL	5	1.0	21
32.04844	3.64049	-86.51017	SAX_LV_ENDOCARDIAL	5	1.0	21
34.27612	3.64049	-84.79333	SAX_LV_ENDOCARDIAL	5	1.0	21
37.03493	4.74526	-83.76564	SAX_LV_ENDOCARDIAL	5	1.0	21
39.26262	4.74527	-82.04879	SAX_LV_ENDOCARDIAL	5	1.0	21
41.49031	4.74527	-80.33195	SAX_LV_ENDOCARDIAL	5	1.0	21
43.18688	3.64050	-77.92594	SAX_LV_ENDOCARDIAL	5	1.0	21
45.41457	3.64050	-76.20910	SAX_LV_ENDOCARDIAL	5	1.0	21
47.11113	2.53574	-73.80309	SAX_LV_ENDOCARDIAL	5	1.0	21
48.27658	0.32620	-70.70794	SAX_LV_ENDOCARDIAL	5	1.0	21
49.44203	-1.88333	-67.61278	SAX_LV_ENDOCARDIAL	5	1.0	21
49.49363	-4.09287	-65.37604	SAX_LV_ENDOCARDIAL	5	1.0	21
48.43139	-6.30240	-63.99773	SAX_LV_ENDOCARDIAL	5	1.0	21
47.36914	-8.51194	-62.61941	SAX_LV_ENDOCARDIAL	5	1.0	21
45.19306	-10.72148	-62.09952	SAX_LV_ENDOCARDIAL	5	1.0	21
43.01697	-12.93101	-61.57963	SAX_LV_ENDOCARDIAL	5	1.0	21
40.84089	-15.14055	-61.05974	SAX_LV_ENDOCARDIAL	5	1.0	21
38.08208	-16.24532	-62.08743	SAX_LV_ENDOCARDIAL	5	1.0	21
34.79215	-18.45486	-62.42596	SAX_LV_ENDOCARDIAL	5	1.0	21
32.56446	-18.45486	-64.14281	SAX_LV_ENDOCARDIAL	5	1.0	21
29.80565	-19.55963	-65.17050	SAX_LV_ENDOCARDIAL	5	1.0	21
27.57796	-19.55964	-66.88734	SAX_LV_ENDOCARDIAL	5	1.0	21
25.35027	-19.55964	-68.60419	SAX_LV_ENDOCARDIAL	5	1.0	21
12.20565	-5.19767	-93.01484	RV_INSERT	5	1.0	21
14.31503	-23.97872	-72.71494	RV_INSERT	5	1.0	21
10.39694	-28.30213	-99.88180	SAX_RV_FREEWALL	6	1.0	21
8.70037	-27.19736	-102.28781	SAX_RV_FREEWALL	6	1.0	21
7.00381	-26.09259	-104.69381	SAX_RV_FREEWALL	6	1.0	21
6.95220	-23.88306	-106.93054	SAX_RV_FREEWALL	6	1.0	21
6.90060	-21.67352	-109.16728	SAX_RV_FREEWALL	6	1.0	21
10.19053	-19.46398	-108.82875	SAX_RV_FREEWALL	6	1.0	21
12.94934	-18.35921	-107.80106	SAX_RV_FREEWALL	6	1.0	21
15.70815	-17.25444	-106.77337	SAX_RV_FREEWALL	6	1.0	21
18.46696	-16.14967	-105.74568	SAX_RV_FREEWALL	6	1.0	21
16.49728	-27.19735	-96.27885	SAX_RV_FREEWALL	6	1.0	21
13.73847	-28.30212	-97.30654	SAX_RV_FREEWALL	6	1.0	21
11.51079	-28.30213	-99.02338	SAX_RV_FREEWALL	6	1.0	21
7.10701	-30.51167	-100.22034	SAX_RV_EPICARDIAL	6	1.0	21
5.41044	-29.40690	-102.62634	SAX_RV_EPICARDIAL	6	1.0	21
3.71388	-28.30213	-105.03234	SAX_RV_EPICARDIAL	6	1.0	21
3.66227	-26.09260	-107.26908	SAX_RV_EPICARDIAL	6	1.0	21
3.61067	-23.88306	-109.50581	SAX_RV_EPICARDIAL	6	1.0	21
4.67291	-21.67353	-110.88413	SAX_RV_EPICARDIAL	6	1.0	21
7.96284	-19.46399	-110.54559	SAX_RV_EPICARDIAL	6	1.0	21
9.60781	-18.35922	-110.37633	SAX_RV_EPICARDIAL	6	1.0	21
12.89774	-16.14968	-110.03780	SAX_RV_EPICARDIAL	6	1.0	21
15.65655	-15.04491	-109.01011	SAX_RV_EPICARDIAL	6	1.0	21
17.88424	-15.04491	-107.29326	SAX_RV_EPICARDIAL	6	1.0	21
20.11193	-15.04490	-105.57642	SAX_RV_EPICARDIAL	6	1.0	21
22.33961	-15.04490	-103.85957	SAX_RV_EPICARDIAL	6	1.0	21
22.92234	-16.14967	-102.31199	SAX_RV_EPICARDIAL	6	1.0	21
20.42154	-28.30212	-92.15600	SAX_RV_EPICARDIAL	6	1.0	21
17.66273	-29.40689	-93.18369	SAX_RV_EPICARDIAL	6	1.0	21
15.43504	-29.40689	-94.90053	SAX_RV_EPICARDIAL	6	1.0	21
12.67623	-30.51166	-95.92822	SAX_RV_EPICARDIAL	6	1.0	21
10.44854	-30.51166	-97.64507	SAX_RV_EPICARDIAL	6	1.0	21
8.22086	-30.51166	-99.36191	SAX_RV_EPICARDIAL	6	1.0	21
20.16353	-17.25444	-103.33968	SAX_RV_SEPTUM	6	1.0	21
20.74625	-18.35921	-101.79210	SAX_RV_SEPTUM	6	1.0	21
20.79785	-20.56874	-99.55536	SAX_RV_SEPTUM	6	1.0	21
20.84946	-22.77828	-97.31863	SAX_RV_SEPTUM	6	1.0	21
20.90106	-24.98781	-95.08189	SAX_RV_SEPTUM	6	1.0	21
19.25609	-26.09258	-95.25116	SAX_RV_SEPTUM	6	1.0	21
28.27005	-30.51164	-83.91030	SAX_LV_EPICARDIAL	6	1.0	21
26.57348	-29.40688	-86.31631	SAX_LV_EPICARDIAL	6	1.0	21
24.87692	-28.30211	-88.72231	SAX_LV_EPICARDIAL	6	1.0	21
23.18035	-27.19735	-91.12831	SAX_LV_EPICARDIAL	6	1.0	21
25.09842	-13.94013	-102.83188	SAX_LV_EPICARDIAL	6	1.0	21
27.27451	-11.73059	-103.35177	SAX_LV_EPICARDIAL	6	1.0	21
30.56444	-9.52105	-103.01324	SAX_LV_EPICARDIAL	6	1.0	21
33.32325	-8.41628	-101.98555	SAX_LV_EPICARDIAL	6	1.0	21
36.08206	-7.31151	-100.95786	SAX_LV_EPICARDIAL	6	1.0	21
38.84087	-6.20674	-99.93017	SAX_LV_EPICARDIAL	6	1.0	21
41.06856	-6.20674	-98.21333	SAX_LV_EPICARDIAL	6	1.0	21
43.29624	-6.20674	-96.49648	SAX_LV_EPICARDIAL	6	1.0	21
45.52393	-6.20674	-94.77964	SAX_LV_EPICARDIAL	6	1.0	21
47.22050	-7.31150	-92.37363	SAX_LV_EPICARDIAL	6	1.0	21
48.91707	-8.41627	-89.96763	SAX_LV_EPICARDIAL	6	1.0	21
50.61364	-9.52103	-87.56163	SAX_LV_EPICARDIAL	6	1.0	21
50.66524	-11.73057	-85.32489	SAX_LV_EPICARDIAL	6	1.0	21
50.71684	-13.94011	-83.08816	SAX_LV_EPICARDIAL	6	1.0	21
50.76844	-16.14964	-80.85142	SAX_LV_EPICARDIAL	6	1.0	21
49.70620	-18.35918	-79.47311	SAX_LV_EPICARDIAL	6	1.0	21
48.64396	-20.56871	-78.09479	SAX_LV_EPICARDIAL	6	1.0	21
46.46787	-22.77825	-77.57490	SAX_LV_EPICARDIAL	6	1.0	21
44.29179	-24.98779	-77.05501	SAX_LV_EPICARDIAL	6	1.0	21
42.11570	-27.19733	-76.53512	SAX_LV_EPICARDIAL	6	1.0	21
39.35689	-28.30210	-77.56281	SAX_LV_EPICARDIAL	6	1.0	21
36.59808	-29.40687	-78.59050	SAX_LV_EPICARDIAL	6	1.0	21
34.37039	-29.40687	-80.30735	SAX_LV_EPICARDIAL	6	1.0	21
31.61158	-30.51164	-81.33503	SAX_LV_EPICARDIAL	6	1.0	21
29.38390	-30.51164	-83.05188	SAX_LV_EPICARDIAL	6	1.0	21
29.81181	-24.98780	-88.21451	SAX_LV_ENDOCARDIAL	6	1.0	21
28.11524	-23.88304	-90.62051	SAX_LV_ENDOCARDIAL	6	1.0	21
26.94980	-21.67350	-93.71567	SAX_LV_ENDOCARDIAL	6	1.0	21
26.89820	-19.46397	-95.95241	SAX_LV_ENDOCARDIAL	6	1.0	21
26.84659	-17.25443	-98.18914	SAX_LV_ENDOCARDIAL	6	1.0	21
29.02268	-15.04489	-98.70903	SAX_LV_ENDOCARDIAL	6	1.0	21
30.08492	-12.83536	-100.08735	SAX_LV_ENDOCARDIAL	6	1.0	21
32.84373	-11.73059	-99.05966	SAX_LV_ENDOCARDIAL	6	1.0	21
36.13366	-9.52105	-98.72113	SAX_LV_ENDOCARDIAL	6	1.0	21
38.36135	-9.52105	-97.00428	SAX_LV_ENDOCARDIAL	6	1.0	21
40.58904	-9.52104	-95.28743	SAX_LV_ENDOCARDIAL	6	1.0	21
42.28560	-10.62581	-92.88143	SAX_LV_ENDOCARDIAL	6	1.0	21
44.51329	-10.62581	-91.16459	SAX_LV_ENDOCARDIAL	6	1.0	21
45.67874	-12.83534	-88.06943	SAX_LV_ENDOCARDIAL	6	1.0	21
45.73034	-15.04488	-85.83269	SAX_LV_ENDOCARDIAL	6	1.0	21
44.66810	-17.25441	-84.45438	SAX_LV_ENDOCARDIAL	6	1.0	21
43.60586	-19.46395	-83.07606	SAX_LV_ENDOCARDIAL	6	1.0	21
42.54362	-21.67349	-81.69775	SAX_LV_ENDOCARDIAL	6	1.0	21
39.25369	-23.88303	-82.03628	SAX_LV_ENDOCARDIAL	6	1.0	21
36.49488	-24.98780	-83.06397	SAX_LV_ENDOCARDIAL	6	1.0	21
34.26719	-24.98780	-84.78082	SAX_LV_ENDOCARDIAL	6	1.0	21
32.03950	-24.98780	-86.49766	SAX_LV_ENDOCARDIAL	6	1.0	21
19.25609	-26.09258	-95.25116	RV_INSERT	6	1.0	21
20.16353	-17.25444	-103.33968	RV_INSERT	6	1.0	21
9.26390	18.11540	-18.50498	LAX_LV_ENDOCARDIAL	9	1.0	21
11.06669	15.94707	-19.89637	LAX_LV_ENDOCARDIAL	9	1.0	21
12.81444	13.74358	-19.88302	LAX_LV_ENDOCARDIAL	9	1.0	21
14.61723	11.57524	-21.27441	LAX_LV_ENDOCARDIAL	9	1.0	21
16.42002	9.40691	-22.66580	LAX_LV_ENDOCARDIAL	9	1.0	21
18.16777	7.20342	-22.65245	LAX_LV_ENDOCARDIAL	9	1.0	21
19.97056	5.03509	-24.04384	LAX_LV_ENDOCARDIAL	9	1.0	21
21.71831	2.83160	-24.03049	LAX_LV_ENDOCARDIAL	9	1.0	21
23.46605	0.62811	-24.01715	LAX_LV_ENDOCARDIAL	9	1.0	21
25.26884	-1.54022	-25.40853	LAX_LV_ENDOCARDIAL	9	1.0	21
27.07163	-3.70856	-26.79992	LAX_LV_ENDOCARDIAL	9	1.0	21
28.92947	-5.84174	-29.59604	LAX_LV_ENDOCARDIAL	9	1.0	21
30.78731	-7.97492	-32.39216	LAX_LV_ENDOCARDIAL	9	1.0	21
31.77127	-9.00636	-35.19495	LAX_LV_ENDOCARDIAL	9	1.0	21
31.88136	-8.93606	-38.00442	LAX_LV_ENDOCARDIAL	9	1.0	21
32.86532	-9.96750	-40.80721	LAX_LV_ENDOCARDIAL	9	1.0	21
33.84928	-10.99894	-43.61000	LAX_LV_ENDOCARDIAL	9	1.0	21
34.83324	-12.03038	-46.41279	LAX_LV_ENDOCARDIAL	9	1.0	21
35.81721	-13.06182	-49.21559	LAX_LV_ENDOCARDIAL	9	1.0	21
36.80117	-14.09326	-52.01838	LAX_LV_ENDOCARDIAL	9	1.0	21
37.78513	-15.12470	-54.82117	LAX_LV_ENDOCARDIAL	9	1.0	21
38.76909	-16.15614	-57.62396	LAX_LV_ENDOCARDIAL	9	1.0	21
38.87918	-16.08583	-60.43343	LAX_LV_ENDOCARDIAL	9	1.0	21
39.86315	-17.11727	-63.23622	LAX_LV_ENDOCARDIAL	9	1.0	21
40.84711	-18.14871	-66.03901	LAX_LV_ENDOCARDIAL	9	1.0	21
40.95720	-18.07841	-68.84848	LAX_LV_ENDOCARDIAL	9	1.0	21
41.94116	-19.10985	-71.65127	LAX_LV_ENDOCARDIAL	9	1.0	21
42.05125	-19.03954	-74.46074	LAX_LV_ENDOCARDIAL	9	1.0	21
43.03521	-20.07098	-77.26353	LAX_LV_ENDOCARDIAL	9	1.0	21
43.14530	-20.00068	-80.07299	LAX_LV_ENDOCARDIAL	9	1.0	21
43.25539	-19.93038	-82.88246	LAX_LV_ENDOCARDIAL	9	1.0	21
43.36548	-19.86007	-85.69193	LAX_LV_ENDOCARDIAL	9	1.0	21
42.60169	-18.68803	-88.50806	LAX_LV_ENDOCARDIAL	9	1.0	21
42.71178	-18.61772	-91.31753	LAX_LV_ENDOCARDIAL	9	1.0	21
41.94800	-17.44567	-94.13367	LAX_LV_ENDOCARDIAL	9	1.0	21
41.18422	-16.27363	-96.94981	LAX_LV_ENDOCARDIAL	9	1.0	21
39.54656	-13.99984	-99.77262	LAX_LV_ENDOCARDIAL	9	1.0	21
37.79881	-11.79635	-99.78596	LAX_LV_ENDOCARDIAL	9	1.0	21
35.99602	-9.62801	-98.39458	LAX_LV_ENDOCARDIAL	9	1.0	21
34.19323	-7.45968	-97.00319	LAX_LV_ENDOCARDIAL	9	1.0	21
32.39044	-5.29134	-95.61180	LAX_LV_ENDOCARDIAL	9	1.0	21
30.58765	-3.12301	-94.22041	LAX_LV_ENDOCARDIAL	9	1.0	21
28.78486	-0.95467	-92.82903	LAX_LV_ENDOCARDIAL	9	1.0	21
26.98206	1.21366	-91.43764	LAX_LV_ENDOCARDIAL	9	1.0	21
25.17927	3.38200	-90.04625	LAX_LV_ENDOCARDIAL	9	1.0	21
23.37648	5.55033	-88.65487	LAX_LV_ENDOCARDIAL	9	1.0	21
21.62874	7.75382	-88.66821	LAX_LV_ENDOCARDIAL	9	1.0	21
19.82594	9.92215	-87.27683	LAX_LV_ENDOCARDIAL	9	1.0	21
18.02315	12.09049	-85.88544	LAX_LV_ENDOCARDIAL	9	1.0	21
16.27541	14.29397	-85.89879	LAX_LV_ENDOCARDIAL	9	1.0	21
14.47262	16.46231	-84.50740	LAX_LV_ENDOCARDIAL	9	1.0	21
12.66982	18.63064	-83.11601	LAX_LV_ENDOCARDIAL	9	1.0	21
10.86703	20.79898	-81.72462	LAX_LV_ENDOCARDIAL	9	1.0	21
9.00920	22.93216	-78.92850	LAX_LV_ENDOCARDIAL	9	1.0	21
7.20641	25.10050	-77.53712	LAX_LV_ENDOCARDIAL	9	1.0	21
5.40362	27.26883	-76.14573	LAX_LV_ENDOCARDIAL	9	1.0	21
3.60082	29.43717	-74.75434	LAX_LV_ENDOCARDIAL	9	1.0	21
1.74299	31.57035	-71.95822	LAX_LV_ENDOCARDIAL	9	1.0	21
0.75903	32.60179	-69.15543	LAX_LV_ENDOCARDIAL	9	1.0	21
-0.22494	33.63323	-66.35264	LAX_LV_ENDOCARDIAL	9	1.0	21
-1.20890	34.66467	-63.54985	LAX_LV_ENDOCARDIAL	9	1.0	21
-3.06673	36.79785	-60.75373	LAX_LV_ENDOCARDIAL	9	1.0	21
-4.05070	37.82929	-57.95094	LAX_LV_ENDOCARDIAL	9	1.0	21
17.78246	6.95736	-12.81932	LAX_LV_EPICARDIAL	9	1.0	21
19.58525	4.78902	-14.21071	LAX_LV_EPICARDIAL	9	1.0	21
21.38804	2.62069	-15.60210	LAX_LV_EPICARDIAL	9	1.0	21
23.13578	0.41720	-15.58875	LAX_LV_EPICARDIAL	9	1.0	21
24.93858	-1.75113	-16.98014	LAX_LV_EPICARDIAL	9	1.0	21
26.74137	-3.91947	-18.37152	LAX_LV_EPICARDIAL	9	1.0	21
28.54416	-6.08780	-19.76291	LAX_LV_EPICARDIAL	9	1.0	21
30.40199	-8.22099	-22.55903	LAX_LV_EPICARDIAL	9	1.0	21
32.25983	-10.35417	-25.35515	LAX_LV_EPICARDIAL	9	1.0	21
33.24379	-11.38561	-28.15794	LAX_LV_EPICARDIAL	9	1.0	21
35.10163	-13.51879	-30.95406	LAX_LV_EPICARDIAL	9	1.0	21
36.08559	-14.55023	-33.75685	LAX_LV_EPICARDIAL	9	1.0	21
37.06955	-15.58167	-36.55965	LAX_LV_EPICARDIAL	9	1.0	21
38.05352	-16.61311	-39.36244	LAX_LV_EPICARDIAL	9	1.0	21
39.03748	-17.64455	-42.16523	LAX_LV_EPICARDIAL	9	1.0	21
39.14757	-17.57425	-44.97470	LAX_LV_EPICARDIAL	9	1.0	21
40.13153	-18.60569	-47.77749	LAX_LV_EPICARDIAL	9	1.0	21
41.11549	-19.63713	-50.58028	LAX_LV_EPICARDIAL	9	1.0	21
42.09945	-20.66857	-53.38307	LAX_LV_EPICARDIAL	9	1.0	21
43.08342	-21.70001	-56.18587	LAX_LV_EPICARDIAL	9	1.0	21
43.19351	-21.62970	-58.99533	LAX_LV_EPICARDIAL	9	1.0	21
44.17747	-22.66114	-61.79812	LAX_LV_EPICARDIAL	9	1.0	21
44.28756	-22.59084	-64.60759	LAX_LV_EPICARDIAL	9	1.0	21
45.27152	-23.62228	-67.41038	LAX_LV_EPICARDIAL	9	1.0	21
45.38161	-23.55197	-70.21985	LAX_LV_EPICARDIAL	9	1.0	21
46.36557	-24.58341	-73.02264	LAX_LV_EPICARDIAL	9	1.0	21
46.47566	-24.51311	-75.83211	LAX_LV_EPICARDIAL	9	1.0	21
46.58575	-24.44281	-78.64157	LAX_LV_EPICARDIAL	9	1.0	21
46.69584	-24.37250	-81.45104	LAX_LV_EPICARDIAL	9	1.0	21
46.80593	-24.30220	-84.26050	LAX_LV_EPICARDIAL	9	1.0	21
46.04214	-23.13015	-87.07664	LAX_LV_EPICARDIAL	9	1.0	21
46.15223	-23.05985	-89.88610	LAX_LV_EPICARDIAL	9	1.0	21
45.38845	-21.88780	-92.70224	LAX_LV_EPICARDIAL	9	1.0	21
44.62466	-20.71575	-95.51838	LAX_LV_EPICARDIAL	9	1.0	21
44.73475	-20.64545	-98.32785	LAX_LV_EPICARDIAL	9	1.0	21
43.09710	-18.37166	-101.15066	LAX_LV_EPICARDIAL	9	1.0	21
42.33331	-17.19961	-103.96680	LAX_LV_EPICARDIAL	9	1.0	21
40.58556	-14.99612	-103.98014	LAX_LV_EPICARDIAL	9	1.0	21
38.83782	-12.79264	-103.99349	LAX_LV_EPICARDIAL	9	1.0	21
37.09007	-10.58915	-104.00683	LAX_LV_EPICARDIAL	9	1.0	21
35.34233	-8.38566	-104.02018	LAX_LV_EPICARDIAL	9	1.0	21
33.53953	-6.21733	-102.62879	LAX_LV_EPICARDIAL	9	1.0	21
31.73674	-4.04899	-101.23741	LAX_LV_EPICARDIAL	9	1.0	21
29.93395	-1.88066	-99.84602	LAX_LV_EPICARDIAL	9	1.0	21
28.13116	0.28768	-98.45463	LAX_LV_EPICARDIAL	9	1.0	21
26.38341	2.49116	-98.46798	LAX_LV_EPICARDIAL	9	1.0	21
24.58062	4.65950	-97.07659	LAX_LV_EPICARDIAL	9	1.0	21
22.83288	6.86299	-97.08994	LAX_LV_EPICARDIAL	9	1.0	21
21.03009	9.03132	-95.69855	LAX_LV_EPICARDIAL	9	1.0	21
19.22729	11.19966	-94.30716	LAX_LV_EPICARDIAL	9	1.0	21
17.47955	13.40314	-94.32051	LAX_LV_EPICARDIAL	9	1.0	21
15.67676	15.57148	-92.92912	LAX_LV_EPICARDIAL	9	1.0	21
13.87397	17.73981	-91.53773	LAX_LV_EPICARDIAL	9	1.0	21
12.07117	19.90815	-90.14635	LAX_LV_EPICARDIAL	9	1.0	21
10.26838	22.07648	-88.75496	LAX_LV_EPICARDIAL	9	1.0	21
8.52064	24.27997	-88.76831	LAX_LV_EPICARDIAL	9	1.0	21
6.71785	26.44830	-87.37692	LAX_LV_EPICARDIAL	9	1.0	21
4.91505	28.61664	-85.98553	LAX_LV_EPICARDIAL	9	1.0	21
3.05722	30.74982	-83.18941	LAX_LV_EPICARDIAL	9	1.0	21
1.25443	32.91816	-81.79803	LAX_LV_EPICARDIAL	9	1.0	21
-0.54836	35.08649	-80.40664	LAX_LV_EPICARDIAL	9	1.0	21
-2.40620	37.21968	-77.61052	LAX_LV_EPICARDIAL	9	1.0	21
-4.26403	39.35286	-74.81440	LAX_LV_EPICARDIAL	9	1.0	21
-6.12187	41.48604	-72.01828	LAX_LV_EPICARDIAL	9	1.0	21
-7.10583	42.51748	-69.21549	LAX_LV_EPICARDIAL	9	1.0	21
-7.21592	42.44718	-66.40602	LAX_LV_EPICARDIAL	9	1.0	21
-8.19988	43.47862	-63.60323	LAX_LV_EPICARDIAL	9	1.0	21
-8.30997	43.40831	-60.79377	LAX_LV_EPICARDIAL	9	1.0	21
-7.54619	42.23627	-57.97763	LAX_LV_EPICARDIAL	9	1.0	21
-5.85349	39.99763	-56.55955	LAX_LV_EPICARDIAL	9	1.0	21
7.40607	20.24858	-15.70886	LAX_LV_EPICARDIAL	9	1.0	21
9.09877	18.00994	-14.29078	LAX_LV_EPICARDIAL	9	1.0	21
10.79147	15.77131	-12.87271	LAX_LV_EPICARDIAL	9	1.0	21
12.53922	13.56782	-12.85936	LAX_LV_EPICARDIAL	9	1.0	21
14.28696	11.36433	-12.84601	LAX_LV_EPICARDIAL	9	1.0	21
16.03471	9.16085	-12.83267	LAX_LV_EPICARDIAL	9	1.0	21
6.69733	21.45578	-19.92973	MITRAL_VALVE	9	1.0	21
-4.21583	37.72384	-53.73674	MITRAL_VALVE	9	1.0	21
-31.94176	-10.52195	-0.97588	LAX_RV_FREEWALL	8	1.0	1.0
-30.69571	-13.23885	-3.60002	LAX_RV_FREEWALL	8	1.0	1.0
-29.17074	-14.59730	-5.99100	LAX_RV_FREEWALL	8	1.0	1.0
-27.36686	-14.59730	-8.14882	LAX_RV_FREEWALL	8	1.0	1.0
-25.84189	-15.95575	-10.53979	LAX_RV_FREEWALL	8	1.0	1.0
-24.31692	-17.31420	-12.93077	LAX_RV_FREEWALL	8	1.0	1.0
-22.79195	-18.67265	-15.32175	LAX_RV_FREEWALL	8	1.0	1.0
-21.26699	-20.03110	-17.71273	LAX_RV_FREEWALL	8	1.0	1.0
-19.74202	-21.38955	-20.10371	LAX_RV_FREEWALL	8	1.0	1.0
-18.21705	-22.74800	-22.49469	LAX_RV_FREEWALL	8	1.0	1.0
-16.69208	-24.10645	-24.88567	LAX_RV_FREEWALL	8	1.0	1.0
-14.88820	-24.10646	-27.04349	LAX_RV_FREEWALL	8	1.0	1.0
-13.08432	-24.10646	-29.20131	LAX_RV_FREEWALL	8	1.0	1.0
-11.28044	-24.10646	-31.35912	LAX_RV_FREEWALL	8	1.0	1.0
-9.47655	-24.10646	-33.51694	LAX_RV_FREEWALL	8	1.0	1.0
-7.67267	-24.10646	-35.67476	LAX_RV_FREEWALL	8	1.0	1.0
-5.58988	-22.74802	-37.59941	LAX_RV_FREEWALL	8	1.0	1.0
-4.06491	-24.10647	-39.99039	LAX_RV_FREEWALL	8	1.0	1.0
-2.26103	-24.10647	-42.14821	LAX_RV_FREEWALL	8	1.0	1.0
-0.45715	-24.10647	-44.30603	LAX_RV_FREEWALL	8	1.0	1.0
1.06782	-25.46492	-46.69701	LAX_RV_FREEWALL	8	1.0	1.0
3.15061	-24.10647	-48.62166	LAX_RV_FREEWALL	8	1.0	1.0
4.95450	-24.10648	-50.77948	LAX_RV_FREEWALL	8	1.0	1.0
6.75838	-24.10648	-52.93730	LAX_RV_FREEWALL	8	1.0	1.0
-13.62404	-9.16352	-22.32089	LAX_RV_FREEWALL	8	1.0	1.0
-15.42792	-9.16352	-20.16307	LAX_RV_FREEWALL	8	1.0	1.0
-17.23180	-9.16351	-18.00526	LAX_RV_FREEWALL	8	1.0	1.0
-19.03568	-9.16351	-15.84744	LAX_RV_FREEWALL	8	1.0	1.0
-20.56065	-7.80506	-13.45646	LAX_RV_FREEWALL	8	1.0	1.0
-22.36453	-7.80506	-11.29864	LAX_RV_FREEWALL	8	1.0	1.0
-24.16841	-7.80506	-9.14082	LAX_RV_FREEWALL	8	1.0	1.0
-25.97229	-7.80506	-6.98301	LAX_RV_FREEWALL	8	1.0	1.0
-27.77618	-7.80506	-4.82519	LAX_RV_FREEWALL	8	1.0	1.0
-29.58006	-7.80505	-2.66737	LAX_RV_FREEWALL	8	1.0	1.0
-30.76091	-9.16350	-1.82162	LAX_RV_FREEWALL	8	1.0	1.0
-34.02456	-11.88040	0.94878	LAX_RV_EPICARDIAL	8	1.0	1.0
-32.77850	-14.59730	-1.67536	LAX_RV_EPICARDIAL	8	1.0	1.0
-31.25353	-15.95575	-4.06634	LAX_RV_EPICARDIAL	8	1.0	1.0
-29.72857	-17.31420	-6.45732	LAX_RV_EPICARDIAL	8	1.0	1.0
-28.20360	-18.67265	-8.84830	LAX_RV_EPICARDIAL	8	1.0	1.0
-26.67863	-20.03110	-11.23928	LAX_RV_EPICARDIAL	8	1.0	1.0
-25.15366	-21.38955	-13.63026	LAX_RV_EPICARDIAL	8	1.0	1.0
-23.62869	-22.74800	-16.02124	LAX_RV_EPICARDIAL	8	1.0	1.0
-22.10372	-24.10645	-18.41222	LAX_RV_EPICARDIAL	8	1.0	1.0
-20.57876	-25.46490	-20.80320	LAX_RV_EPICARDIAL	8	1.0	1.0
-19.05379	-26.82335	-23.19418	LAX_RV_EPICARDIAL	8	1.0	1.0
-17.24991	-26.82335	-25.35199	LAX_RV_EPICARDIAL	8	1.0	1.0
-15.44602	-26.82335	-27.50981	LAX_RV_EPICARDIAL	8	1.0	1.0
-13.64214	-26.82336	-29.66763	LAX_RV_EPICARDIAL	8	1.0	1.0
-11.83826	-26.82336	-31.82545	LAX_RV_EPICARDIAL	8	1.0	1.0
-10.03438	-26.82336	-33.98326	LAX_RV_EPICARDIAL	8	1.0	1.0
-8.23050	-26.82336	-36.14108	LAX_RV_EPICARDIAL	8	1.0	1.0
-6.42662	-26.82336	-38.29890	LAX_RV_EPICARDIAL	8	1.0	1.0
-4.62274	-26.82336	-40.45672	LAX_RV_EPICARDIAL	8	1.0	1.0
-2.81886	-26.82337	-42.61453	LAX_RV_EPICARDIAL	8	1.0	1.0
-1.01497	-26.82337	-44.77235	LAX_RV_EPICARDIAL	8	1.0	1.0
0.78891	-26.82337	-46.93017	LAX_RV_EPICARDIAL	8	1.0	1.0
2.59279	-26.82337	-49.08799	LAX_RV_EPICARDIAL	8	1.0	1.0
4.39667	-26.82337	-51.24580	LAX_RV_EPICARDIAL	8	1.0	1.0
6.47946	-25.46493	-53.17046	LAX_RV_EPICARDIAL	8	1.0	1.0
8.28334	-25.46493	-55.32828	LAX_RV_EPICARDIAL	8	1.0	1.0
10.08723	-25.46493	-57.48610	LAX_RV_EPICARDIAL	8	1.0	1.0
9.46420	-24.10648	-56.17402	LAX_RV_EPICARDIAL	8	1.0	1.0
-12.78730	-5.08817	-21.62140	LAX_RV_EPICARDIAL	8	1.0	1.0
-14.31227	-3.72972	-19.23043	LAX_RV_EPICARDIAL	8	1.0	1.0
-16.39506	-5.08817	-17.30577	LAX_RV_EPICARDIAL	8	1.0	1.0
-18.19894	-5.08817	-15.14795	LAX_RV_EPICARDIAL	8	1.0	1.0
-20.00283	-5.08816	-12.99013	LAX_RV_EPICARDIAL	8	1.0	1.0
-21.80671	-5.08816	-10.83232	LAX_RV_EPICARDIAL	8	1.0	1.0
-23.61059	-5.08816	-8.67450	LAX_RV_EPICARDIAL	8	1.0	1.0
-25.41447	-5.08816	-6.51668	LAX_RV_EPICARDIAL	8	1.0	1.0
-27.49726	-6.44661	-4.59203	LAX_RV_EPICARDIAL	8	1.0	1.0
-29.30114	-6.44660	-2.43421	LAX_RV_EPICARDIAL	8	1.0	1.0
-31.10503	-6.44660	-0.27639	LAX_RV_EPICARDIAL	8	1.0	1.0
-33.46673	-9.16350	1.41510	LAX_RV_EPICARDIAL	8	1.0	1.0
8.84117	-22.74803	-54.86195	LAX_RV_SEPTUM	8	1.0	1.0
7.31620	-21.38958	-52.47097	LAX_RV_SEPTUM	8	1.0	1.0
5.79123	-20.03113	-50.08000	LAX_RV_SEPTUM	8	1.0	1.0
4.26627	-18.67268	-47.68902	LAX_RV_SEPTUM	8	1.0	1.0
2.74130	-17.31423	-45.29804	LAX_RV_SEPTUM	8	1.0	1.0
0.93742	-17.31423	-43.14022	LAX_RV_SEPTUM	8	1.0	1.0
-0.58755	-15.95578	-40.74924	LAX_RV_SEPTUM	8	1.0	1.0
-2.11252	-14.59733	-38.35826	LAX_RV_SEPTUM	8	1.0	1.0
-3.63749	-13.23887	-35.96728	LAX_RV_SEPTUM	8	1.0	1.0
-5.16246	-11.88042	-33.57630	LAX_RV_SEPTUM	8	1.0	1.0
-6.68743	-10.52197	-31.18532	LAX_RV_SEPTUM	8	1.0	1.0
-8.49131	-10.52197	-29.02750	LAX_RV_SEPTUM	8	1.0	1.0
-10.01628	-9.16352	-26.63653	LAX_RV_SEPTUM	8	1.0	1.0
-11.82016	-9.16352	-24.47871	LAX_RV_SEPTUM	8	1.0	1.0
-11.26233	-6.44662	-24.01238	LAX_LV_EPICARDIAL	8	1.0	1.0
11.54699	-22.74803	-58.09868	LAX_LV_EPICARDIAL	8	1.0	1.0
13.07196	-24.10648	-60.48966	LAX_LV_EPICARDIAL	8	1.0	1.0
14.87584	-24.10648	-62.64748	LAX_LV_EPICARDIAL	8	1.0	1.0
16.40081	-25.46494	-65.03846	LAX_LV_EPICARDIAL	8	1.0	1.0
18.20469	-25.46494	-67.19627	LAX_LV_EPICARDIAL	8	1.0	1.0
20.00857	-25.46494	-69.35409	LAX_LV_EPICARDIAL	8	1.0	1.0
21.53354	-26.82339	-71.74507	LAX_LV_EPICARDIAL	8	1.0	1.0
23.33742	-26.82339	-73.90289	LAX_LV_EPICARDIAL	8	1.0	1.0
25.14130	-26.82339	-76.06071	LAX_LV_EPICARDIAL	8	1.0	1.0
26.66627	-28.18184	-78.45169	LAX_LV_EPICARDIAL	8	1.0	1.0
28.47015	-28.18184	-80.60950	LAX_LV_EPICARDIAL	8	1.0	1.0
30.27403	-28.18185	-82.76732	LAX_LV_EPICARDIAL	8	1.0	1.0
32.07792	-28.18185	-84.92514	LAX_LV_EPICARDIAL	8	1.0	1.0
33.88180	-28.18185	-87.08296	LAX_LV_EPICARDIAL	8	1.0	1.0
35.96459	-26.82340	-89.00761	LAX_LV_EPICARDIAL	8	1.0	1.0
37.76847	-26.82340	-91.16543	LAX_LV_EPICARDIAL	8	1.0	1.0
39.85127	-25.46496	-93.09008	LAX_LV_EPICARDIAL	8	1.0	1.0
42.21297	-22.74806	-94.78158	LAX_LV_EPICARDIAL	8	1.0	1.0
43.67274	-20.03117	-95.39416	LAX_LV_EPICARDIAL	8	1.0	1.0
45.13251	-17.31427	-96.00675	LAX_LV_EPICARDIAL	8	1.0	1.0
46.59227	-14.59737	-96.61933	LAX_LV_EPICARDIAL	8	1.0	1.0
47.15010	-11.88047	-96.15301	LAX_LV_EPICARDIAL	8	1.0	1.0
47.70792	-9.16358	-95.68669	LAX_LV_EPICARDIAL	8	1.0	1.0
47.36381	-6.44668	-94.14145	LAX_LV_EPICARDIAL	8	1.0	1.0
47.01969	-3.72978	-92.59622	LAX_LV_EPICARDIAL	8	1.0	1.0
46.67558	-1.01288	-91.05099	LAX_LV_EPICARDIAL	8	1.0	1.0
45.42952	1.70402	-88.42685	LAX_LV_EPICARDIAL	8	1.0	1.0
45.08541	4.42092	-86.88161	LAX_LV_EPICARDIAL	8	1.0	1.0
44.74129	7.13781	-85.33638	LAX_LV_EPICARDIAL	8	1.0	1.0
44.39718	9.85471	-83.79115	LAX_LV_EPICARDIAL	8	1.0	1.0
44.05306	12.57161	-82.24592	LAX_LV_EPICARDIAL	8	1.0	1.0
43.70895	15.28851	-80.70068	LAX_LV_EPICARDIAL	8	1.0	1.0
43.36483	18.00541	-79.15545	LAX_LV_EPICARDIAL	8	1.0	1.0
43.02072	20.72231	-77.61022	LAX_LV_EPICARDIAL	8	1.0	1.0
41.77466	23.43921	-74.98608	LAX_LV_EPICARDIAL	8	1.0	1.0
41.43055	26.15610	-73.44084	LAX_LV_EPICARDIAL	8	1.0	1.0
41.08643	28.87300	-71.89561	LAX_LV_EPICARDIAL	8	1.0	1.0
40.74232	31.58990	-70.35038	LAX_LV_EPICARDIAL	8	1.0	1.0
40.39820	34.30680	-68.80515	LAX_LV_EPICARDIAL	8	1.0	1.0
39.15215	37.02370	-66.18101	LAX_LV_EPICARDIAL	8	1.0	1.0
37.90609	39.74060	-63.55686	LAX_LV_EPICARDIAL	8	1.0	1.0
36.66004	42.45750	-60.93272	LAX_LV_EPICARDIAL	8	1.0	1.0
35.41398	45.17440	-58.30858	LAX_LV_EPICARDIAL	8	1.0	1.0
33.88901	46.53285	-55.91760	LAX_LV_EPICARDIAL	8	1.0	1.0
32.36404	47.89130	-53.52662	LAX_LV_EPICARDIAL	8	1.0	1.0
30.83907	49.24975	-51.13564	LAX_LV_EPICARDIAL	8	1.0	1.0
29.31411	50.60820	-48.74467	LAX_LV_EPICARDIAL	8	1.0	1.0
27.51022	50.60820	-46.58685	LAX_LV_EPICARDIAL	8	1.0	1.0
25.98526	51.96665	-44.19587	LAX_LV_EPICARDIAL	8	1.0	1.0
24.18138	51.96665	-42.03805	LAX_LV_EPICARDIAL	8	1.0	1.0
22.37749	51.96665	-39.88023	LAX_LV_EPICARDIAL	8	1.0	1.0
20.57361	51.96665	-37.72242	LAX_LV_EPICARDIAL	8	1.0	1.0
18.49082	50.60821	-35.79776	LAX_LV_EPICARDIAL	8	1.0	1.0
17.30997	49.24976	-34.95201	LAX_LV_EPICARDIAL	8	1.0	1.0
-4.78214	20.72235	-20.42806	LAX_LV_EPICARDIAL	8	1.0	1.0
-6.58602	20.72235	-18.27024	LAX_LV_EPICARDIAL	8	1.0	1.0
-9.86777	0.34562	-22.84657	LAX_LV_ENDOCARDIAL	8	1.0	1.0
-8.06389	0.34562	-25.00439	LAX_LV_ENDOCARDIAL	8	1.0	1.0
-5.98109	1.70407	-26.92905	LAX_LV_ENDOCARDIAL	8	1.0	1.0
-4.17721	1.70407	-29.08686	LAX_LV_ENDOCARDIAL	8	1.0	1.0
-2.37333	1.70406	-31.24468	LAX_LV_ENDOCARDIAL	8	1.0	1.0
-0.56945	1.70406	-33.40250	LAX_LV_ENDOCARDIAL	8	1.0	1.0
0.95552	0.34561	-35.79348	LAX_LV_ENDOCARDIAL	8	1.0	1.0
2.48049	-1.01284	-38.18446	LAX_LV_ENDOCARDIAL	8	1.0	1.0
4.00546	-2.37129	-40.57544	LAX_LV_ENDOCARDIAL	8	1.0	1.0
5.25151	-5.08819	-43.19958	LAX_LV_ENDOCARDIAL	8	1.0	1.0
6.77648	-6.44664	-45.59056	LAX_LV_ENDOCARDIAL	8	1.0	1.0
8.30145	-7.80509	-47.98154	LAX_LV_ENDOCARDIAL	8	1.0	1.0
9.82642	-9.16354	-50.37252	LAX_LV_ENDOCARDIAL	8	1.0	1.0
11.07247	-11.88044	-52.99666	LAX_LV_ENDOCARDIAL	8	1.0	1.0
12.59744	-13.23889	-55.38764	LAX_LV_ENDOCARDIAL	8	1.0	1.0
14.40132	-13.23889	-57.54546	LAX_LV_ENDOCARDIAL	8	1.0	1.0
15.92629	-14.59734	-59.93644	LAX_LV_ENDOCARDIAL	8	1.0	1.0
17.45126	-15.95579	-62.32741	LAX_LV_ENDOCARDIAL	8	1.0	1.0
19.25514	-15.95579	-64.48523	LAX_LV_ENDOCARDIAL	8	1.0	1.0
20.78011	-17.31425	-66.87621	LAX_LV_ENDOCARDIAL	8	1.0	1.0
22.30508	-18.67270	-69.26719	LAX_LV_ENDOCARDIAL	8	1.0	1.0
24.10896	-18.67270	-71.42501	LAX_LV_ENDOCARDIAL	8	1.0	1.0
25.63393	-20.03115	-73.81599	LAX_LV_ENDOCARDIAL	8	1.0	1.0
27.15890	-21.38960	-76.20697	LAX_LV_ENDOCARDIAL	8	1.0	1.0
28.96278	-21.38960	-78.36478	LAX_LV_ENDOCARDIAL	8	1.0	1.0
30.76666	-21.38960	-80.52260	LAX_LV_ENDOCARDIAL	8	1.0	1.0
32.29163	-22.74805	-82.91358	LAX_LV_ENDOCARDIAL	8	1.0	1.0
34.37442	-21.38961	-84.83824	LAX_LV_ENDOCARDIAL	8	1.0	1.0
35.89939	-22.74806	-87.22922	LAX_LV_ENDOCARDIAL	8	1.0	1.0
37.70327	-22.74806	-89.38703	LAX_LV_ENDOCARDIAL	8	1.0	1.0
39.78606	-21.38961	-91.31169	LAX_LV_ENDOCARDIAL	8	1.0	1.0
42.14777	-18.67271	-93.00318	LAX_LV_ENDOCARDIAL	8	1.0	1.0
43.60754	-15.95582	-93.61577	LAX_LV_ENDOCARDIAL	8	1.0	1.0
44.16536	-13.23892	-93.14944	LAX_LV_ENDOCARDIAL	8	1.0	1.0
43.82125	-10.52202	-91.60421	LAX_LV_ENDOCARDIAL	8	1.0	1.0
43.47713	-7.80512	-90.05898	LAX_LV_ENDOCARDIAL	8	1.0	1.0
42.23108	-5.08822	-87.43484	LAX_LV_ENDOCARDIAL	8	1.0	1.0
41.88696	-2.37133	-85.88961	LAX_LV_ENDOCARDIAL	8	1.0	1.0
41.54285	0.34557	-84.34437	LAX_LV_ENDOCARDIAL	8	1.0	1.0
40.29679	3.06247	-81.72023	LAX_LV_ENDOCARDIAL	8	1.0	1.0
39.95268	5.77937	-80.17500	LAX_LV_ENDOCARDIAL	8	1.0	1.0
39.60856	8.49627	-78.62977	LAX_LV_ENDOCARDIAL	8	1.0	1.0
38.36251	11.21317	-76.00563	LAX_LV_ENDOCARDIAL	8	1.0	1.0
38.01839	13.93007	-74.46039	LAX_LV_ENDOCARDIAL	8	1.0	1.0
37.67428	16.64696	-72.91516	LAX_LV_ENDOCARDIAL	8	1.0	1.0
38.23210	19.36386	-72.44884	LAX_LV_ENDOCARDIAL	8	1.0	1.0
36.98605	22.08076	-69.82470	LAX_LV_ENDOCARDIAL	8	1.0	1.0
36.64193	24.79766	-68.27946	LAX_LV_ENDOCARDIAL	8	1.0	1.0
35.39588	27.51456	-65.65532	LAX_LV_ENDOCARDIAL	8	1.0	1.0
35.05176	30.23146	-64.11009	LAX_LV_ENDOCARDIAL	8	1.0	1.0
33.80571	32.94836	-61.48595	LAX_LV_ENDOCARDIAL	8	1.0	1.0
32.28074	34.30681	-59.09497	LAX_LV_ENDOCARDIAL	8	1.0	1.0
30.75577	35.66526	-56.70399	LAX_LV_ENDOCARDIAL	8	1.0	1.0
29.23080	37.02371	-54.31301	LAX_LV_ENDOCARDIAL	8	1.0	1.0
27.70583	38.38216	-51.92203	LAX_LV_ENDOCARDIAL	8	1.0	1.0
26.45978	41.09906	-49.29789	LAX_LV_ENDOCARDIAL	8	1.0	1.0
24.93481	42.45751	-46.90691	LAX_LV_ENDOCARDIAL	8	1.0	1.0
23.40984	43.81596	-44.51593	LAX_LV_ENDOCARDIAL	8	1.0	1.0
21.88487	45.17441	-42.12495	LAX_LV_ENDOCARDIAL	8	1.0	1.0
20.08099	45.17441	-39.96713	LAX_LV_ENDOCARDIAL	8	1.0	1.0
-3.88019	20.72235	-21.50696	LAX_LV_ENDOCARDIAL	8	1.0	1.0
-5.68408	20.72235	-19.34915	LAX_LV_ENDOCARDIAL	8	1.0	1.0
-34.02456	-11.88040	0.94878	LAX_RV_EPICARDIAL	8	1.0	1.0
-32.77850	-14.59730	-1.67536	LAX_RV_EPICARDIAL	8	1.0	1.0
-31.25353	-15.95575	-4.06634	LAX_RV_EPICARDIAL	8	1.0	1.0
-29.72857	-17.31420	-6.45732	LAX_RV_EPICARDIAL	8	1.0	1.0
-28.20360	-18.67265	-8.84830	LAX_RV_EPICARDIAL	8	1.0	1.0
-26.67863	-20.03110	-11.23928	LAX_RV_EPICARDIAL	8	1.0	1.0
-25.15366	-21.38955	-13.63026	LAX_RV_EPICARDIAL	8	1.0	1.0
-23.62869	-22.74800	-16.02124	LAX_RV_EPICARDIAL	8	1.0	1.0
-22.10372	-24.10645	-18.41222	LAX_RV_EPICARDIAL	8	1.0	1.0
-20.57876	-25.46490	-20.80320	LAX_RV_EPICARDIAL	8	1.0	1.0
-19.05379	-26.82335	-23.19418	LAX_RV_EPICARDIAL	8	1.0	1.0
-17.24991	-26.82335	-25.35199	LAX_RV_EPICARDIAL	8	1.0	1.0
-15.44602	-26.82335	-27.50981	LAX_RV_EPICARDIAL	8	1.0	1.0
-13.64214	-26.82336	-29.66763	LAX_RV_EPICARDIAL	8	1.0	1.0
-11.83826	-26.82336	-31.82545	LAX_RV_EPICARDIAL	8	1.0	1.0
-10.03438	-26.82336	-33.98326	LAX_RV_EPICARDIAL	8	1.0	1.0
-8.23050	-26.82336	-36.14108	LAX_RV_EPICARDIAL	8	1.0	1.0
-6.42662	-26.82336	-38.29890	LAX_RV_EPICARDIAL	8	1.0	1.0
-4.62274	-26.82336	-40.45672	LAX_RV_EPICARDIAL	8	1.0	1.0
-2.81886	-26.82337	-42.61453	LAX_RV_EPICARDIAL	8	1.0	1.0
-1.01497	-26.82337	-44.77235	LAX_RV_EPICARDIAL	8	1.0	1.0
0.78891	-26.82337	-46.93017	LAX_RV_EPICARDIAL	8	1.0	1.0
2.59279	-26.82337	-49.08799	LAX_RV_EPICARDIAL	8	1.0	1.0
4.39667	-26.82337	-51.24580	LAX_RV_EPICARDIAL	8	1.0	1.0
6.47946	-25.46493	-53.17046	LAX_RV_EPICARDIAL	8	1.0	1.0
8.28334	-25.46493	-55.32828	LAX_RV_EPICARDIAL	8	1.0	1.0
10.08723	-25.46493	-57.48610	LAX_RV_EPICARDIAL	8	1.0	1.0
9.46420	-24.10648	-56.17402	LAX_RV_EPICARDIAL	8	1.0	1.0
-12.78730	-5.08817	-21.62140	LAX_RV_EPICARDIAL	8	1.0	1.0
-14.31227	-3.72972	-19.23043	LAX_RV_EPICARDIAL	8	1.0	1.0
-16.39506	-5.08817	-17.30577	LAX_RV_EPICARDIAL	8	1.0	1.0
-18.19894	-5.08817	-15.14795	LAX_RV_EPICARDIAL	8	1.0	1.0
-20.00283	-5.08816	-12.99013	LAX_RV_EPICARDIAL	8	1.0	1.0
-21.80671	-5.08816	-10.83232	LAX_RV_EPICARDIAL	8	1.0	1.0
-23.61059	-5.08816	-8.67450	LAX_RV_EPICARDIAL	8	1.0	1.0
-25.41447	-5.08816	-6.51668	LAX_RV_EPICARDIAL	8	1.0	1.0
-27.49726	-6.44661	-4.59203	LAX_RV_EPICARDIAL	8	1.0	1.0
-29.30114	-6.44660	-2.43421	LAX_RV_EPICARDIAL	8	1.0	1.0
-31.10503	-6.44660	-0.27639	LAX_RV_EPICARDIAL	8	1.0	1.0
-33.46673	-9.16350	1.41510	LAX_RV_EPICARDIAL	8	1.0	1.0
16.81734	42.45752	-37.19673	MITRAL_VALVE	8	1.0	1.0
-1.79740	22.08080	-23.43162	MITRAL_VALVE	8	1.0	1.0
-8.66881	19.36391	-16.34558	AORTA_VALVE	8	1.0	1.0
-11.67165	0.34562	-20.68876	AORTA_VALVE	8	1.0	1.0
-62.02654	7.09152	-69.00317	LAX_RV_FREEWALL	7	1.0	21
-64.71535	6.29088	-70.42338	LAX_RV_FREEWALL	7	1.0	21
-66.00437	5.49023	-71.70886	LAX_RV_FREEWALL	7	1.0	21
-65.78286	3.88894	-74.01037	LAX_RV_FREEWALL	7	1.0	21
-65.56135	2.28765	-76.31188	LAX_RV_FREEWALL	7	1.0	21
-65.33983	0.68636	-78.61339	LAX_RV_FREEWALL	7	1.0	21
-63.71854	-0.91494	-80.78018	LAX_RV_FREEWALL	7	1.0	21
-62.09725	-2.51623	-82.94696	LAX_RV_FREEWALL	7	1.0	21
-60.47595	-4.11752	-85.11375	LAX_RV_FREEWALL	7	1.0	21
-58.85466	-5.71881	-87.28054	LAX_RV_FREEWALL	7	1.0	21
-57.23336	-7.32010	-89.44732	LAX_RV_FREEWALL	7	1.0	21
-55.61207	-8.92139	-91.61411	LAX_RV_FREEWALL	7	1.0	21
-52.59099	-10.52269	-93.64617	LAX_RV_FREEWALL	7	1.0	21
-49.56992	-12.12398	-95.67823	LAX_RV_FREEWALL	7	1.0	21
-46.54884	-13.72527	-97.71029	LAX_RV_FREEWALL	7	1.0	21
-43.63852	-14.52592	-98.59160	LAX_RV_FREEWALL	7	1.0	21
-40.61745	-16.12721	-100.62366	LAX_RV_FREEWALL	7	1.0	21
-37.70713	-16.92785	-101.50497	LAX_RV_FREEWALL	7	1.0	21
-34.79681	-17.72850	-102.38628	LAX_RV_FREEWALL	7	1.0	21
-31.88649	-18.52915	-103.26758	LAX_RV_FREEWALL	7	1.0	21
-29.08693	-18.52915	-102.99813	LAX_RV_FREEWALL	7	1.0	21
-26.17661	-19.32979	-103.87944	LAX_RV_FREEWALL	7	1.0	21
-23.26629	-20.13044	-104.76074	LAX_RV_FREEWALL	7	1.0	21
-20.35597	-20.93109	-105.64205	LAX_RV_FREEWALL	7	1.0	21
-17.44565	-21.73173	-106.52336	LAX_RV_FREEWALL	7	1.0	21
-14.64609	-21.73173	-106.25391	LAX_RV_FREEWALL	7	1.0	21
-11.73577	-22.53238	-107.13521	LAX_RV_FREEWALL	7	1.0	21
-8.93621	-22.53238	-106.86576	LAX_RV_FREEWALL	7	1.0	21
-6.13664	-22.53238	-106.59631	LAX_RV_FREEWALL	7	1.0	21
-3.22633	-23.33303	-107.47762	LAX_RV_FREEWALL	7	1.0	21
-0.42676	-23.33303	-107.20817	LAX_RV_FREEWALL	7	1.0	21
2.37280	-23.33303	-106.93872	LAX_RV_FREEWALL	7	1.0	21
5.28312	-24.13368	-107.82003	LAX_RV_FREEWALL	7	1.0	21
8.08268	-24.13368	-107.55058	LAX_RV_FREEWALL	7	1.0	21
10.99300	-24.93432	-108.43189	LAX_RV_FREEWALL	7	1.0	21
13.79256	-24.93433	-108.16244	LAX_RV_FREEWALL	7	1.0	21
16.59212	-24.93433	-107.89299	LAX_RV_FREEWALL	7	1.0	21
19.28093	-24.13368	-106.47278	LAX_RV_FREEWALL	7	1.0	21
21.96974	-23.33304	-105.05258	LAX_RV_FREEWALL	7	1.0	21
-62.24806	8.69281	-66.70166	LAX_RV_EPICARDIAL	7	1.0	21
-65.15837	9.49346	-65.82036	LAX_RV_EPICARDIAL	7	1.0	21
-67.95794	9.49346	-66.08981	LAX_RV_EPICARDIAL	7	1.0	21
-70.53599	7.89217	-68.66077	LAX_RV_EPICARDIAL	7	1.0	21
-71.71425	6.29088	-71.09700	LAX_RV_EPICARDIAL	7	1.0	21
-71.49274	4.68959	-73.39851	LAX_RV_EPICARDIAL	7	1.0	21
-71.27123	3.08829	-75.70002	LAX_RV_EPICARDIAL	7	1.0	21
-71.04972	1.48700	-78.00154	LAX_RV_EPICARDIAL	7	1.0	21
-69.42842	-0.11429	-80.16832	LAX_RV_EPICARDIAL	7	1.0	21
-69.20691	-1.71558	-82.46983	LAX_RV_EPICARDIAL	7	1.0	21
-67.58561	-3.31687	-84.63662	LAX_RV_EPICARDIAL	7	1.0	21
-65.96432	-4.91816	-86.80341	LAX_RV_EPICARDIAL	7	1.0	21
-64.34303	-6.51945	-88.97019	LAX_RV_EPICARDIAL	7	1.0	21
-62.72173	-8.12075	-91.13698	LAX_RV_EPICARDIAL	7	1.0	21
-61.10044	-9.72204	-93.30376	LAX_RV_EPICARDIAL	7	1.0	21
-58.07936	-11.32333	-95.33583	LAX_RV_EPICARDIAL	7	1.0	21
-55.05829	-12.92462	-97.36789	LAX_RV_EPICARDIAL	7	1.0	21
-52.03721	-14.52591	-99.39995	LAX_RV_EPICARDIAL	7	1.0	21
-49.01613	-16.12721	-101.43201	LAX_RV_EPICARDIAL	7	1.0	21
-45.99506	-17.72850	-103.46407	LAX_RV_EPICARDIAL	7	1.0	21
-43.08474	-18.52914	-104.34538	LAX_RV_EPICARDIAL	7	1.0	21
-40.17442	-19.32979	-105.22668	LAX_RV_EPICARDIAL	7	1.0	21
-37.26410	-20.13044	-106.10799	LAX_RV_EPICARDIAL	7	1.0	21
-34.46454	-20.13044	-105.83854	LAX_RV_EPICARDIAL	7	1.0	21
-31.55422	-20.93108	-106.71985	LAX_RV_EPICARDIAL	7	1.0	21
-28.64390	-21.73173	-107.60115	LAX_RV_EPICARDIAL	7	1.0	21
-25.84434	-21.73173	-107.33170	LAX_RV_EPICARDIAL	7	1.0	21
-22.93402	-22.53238	-108.21301	LAX_RV_EPICARDIAL	7	1.0	21
-20.02370	-23.33302	-109.09432	LAX_RV_EPICARDIAL	7	1.0	21
-17.11338	-24.13367	-109.97562	LAX_RV_EPICARDIAL	7	1.0	21
-14.20306	-24.93432	-110.85693	LAX_RV_EPICARDIAL	7	1.0	21
-11.40350	-24.93432	-110.58748	LAX_RV_EPICARDIAL	7	1.0	21
-8.60394	-24.93432	-110.31803	LAX_RV_EPICARDIAL	7	1.0	21
-5.80438	-24.93432	-110.04858	LAX_RV_EPICARDIAL	7	1.0	21
-3.00481	-24.93432	-109.77913	LAX_RV_EPICARDIAL	7	1.0	21
-0.20525	-24.93432	-109.50968	LAX_RV_EPICARDIAL	7	1.0	21
2.59431	-24.93432	-109.24023	LAX_RV_EPICARDIAL	7	1.0	21
5.50463	-25.73497	-110.12154	LAX_RV_EPICARDIAL	7	1.0	21
8.30419	-25.73497	-109.85209	LAX_RV_EPICARDIAL	7	1.0	21
11.10376	-25.73497	-109.58264	LAX_RV_EPICARDIAL	7	1.0	21
14.01408	-26.53562	-110.46395	LAX_RV_EPICARDIAL	7	1.0	21
16.81364	-26.53562	-110.19450	LAX_RV_EPICARDIAL	7	1.0	21
19.50244	-25.73497	-108.77429	LAX_RV_EPICARDIAL	7	1.0	21
22.30201	-25.73497	-108.50484	LAX_RV_EPICARDIAL	7	1.0	21
24.99081	-24.93433	-107.08464	LAX_RV_EPICARDIAL	7	1.0	21
27.56886	-23.33304	-104.51368	LAX_RV_EPICARDIAL	7	1.0	21
25.94757	-21.73175	-102.34689	LAX_RV_EPICARDIAL	7	1.0	21
24.54779	-21.73175	-102.48162	LAX_RV_SEPTUM	7	1.0	21
21.52671	-20.13045	-100.44956	LAX_RV_SEPTUM	7	1.0	21
18.50564	-18.52916	-98.41749	LAX_RV_SEPTUM	7	1.0	21
15.48456	-16.92787	-96.38543	LAX_RV_SEPTUM	7	1.0	21
12.46348	-15.32658	-94.35337	LAX_RV_SEPTUM	7	1.0	21
9.44241	-13.72529	-92.32131	LAX_RV_SEPTUM	7	1.0	21
6.42133	-12.12399	-90.28925	LAX_RV_SEPTUM	7	1.0	21
3.40026	-10.52270	-88.25719	LAX_RV_SEPTUM	7	1.0	21
0.37918	-8.92141	-86.22512	LAX_RV_SEPTUM	7	1.0	21
-2.64189	-7.32012	-84.19306	LAX_RV_SEPTUM	7	1.0	21
-4.26319	-5.71883	-82.02628	LAX_RV_SEPTUM	7	1.0	21
-5.88448	-4.11753	-79.85949	LAX_RV_SEPTUM	7	1.0	21
-7.50578	-2.51624	-77.69270	LAX_RV_SEPTUM	7	1.0	21
-9.12707	-0.91495	-75.52592	LAX_RV_SEPTUM	7	1.0	21
-10.74837	0.68634	-73.35913	LAX_RV_SEPTUM	7	1.0	21
-12.36966	2.28763	-71.19234	LAX_RV_SEPTUM	7	1.0	21
-13.99095	3.88892	-69.02556	LAX_RV_SEPTUM	7	1.0	21
-15.61225	5.49022	-66.85877	LAX_RV_SEPTUM	7	1.0	21
-18.63332	7.09151	-64.82671	LAX_RV_SEPTUM	7	1.0	21
-20.25462	8.69280	-62.65992	LAX_RV_SEPTUM	7	1.0	21
-21.87591	10.29409	-60.49314	LAX_RV_SEPTUM	7	1.0	21
-23.49721	11.89538	-58.32635	LAX_RV_SEPTUM	7	1.0	21
-23.71872	13.49667	-56.02484	LAX_RV_SEPTUM	7	1.0	21
-25.34001	15.09797	-53.85805	LAX_RV_SEPTUM	7	1.0	21
17.53007	39.11732	-14.88948	LAX_LV_EPICARDIAL	7	1.0	21
-19.55943	23.90507	-40.52612	LAX_LV_EPICARDIAL	7	1.0	21
-23.64802	23.10442	-42.08105	LAX_LV_EPICARDIAL	7	1.0	21
-23.42650	21.50313	-44.38256	LAX_LV_EPICARDIAL	7	1.0	21
-24.60477	19.90184	-46.81880	LAX_LV_EPICARDIAL	7	1.0	21
-24.38326	18.30055	-49.12031	LAX_LV_EPICARDIAL	7	1.0	21
-24.16175	16.69926	-51.42182	LAX_LV_EPICARDIAL	7	1.0	21
28.74713	-21.73175	-102.07744	LAX_LV_EPICARDIAL	7	1.0	21
31.54669	-21.73175	-101.80799	LAX_LV_EPICARDIAL	7	1.0	21
34.45701	-22.53239	-102.68930	LAX_LV_EPICARDIAL	7	1.0	21
37.14582	-21.73175	-101.26909	LAX_LV_EPICARDIAL	7	1.0	21
39.94538	-21.73175	-100.99965	LAX_LV_EPICARDIAL	7	1.0	21
42.52343	-20.13046	-98.42869	LAX_LV_EPICARDIAL	7	1.0	21
45.10148	-18.52917	-95.85773	LAX_LV_EPICARDIAL	7	1.0	21
47.67953	-16.92788	-93.28676	LAX_LV_EPICARDIAL	7	1.0	21
48.85780	-15.32659	-90.85053	LAX_LV_EPICARDIAL	7	1.0	21
50.03606	-13.72530	-88.41429	LAX_LV_EPICARDIAL	7	1.0	21
51.21433	-12.12401	-85.97806	LAX_LV_EPICARDIAL	7	1.0	21
52.39260	-10.52272	-83.54182	LAX_LV_EPICARDIAL	7	1.0	21
53.57087	-8.92142	-81.10559	LAX_LV_EPICARDIAL	7	1.0	21
54.74914	-7.32013	-78.66935	LAX_LV_EPICARDIAL	7	1.0	21
54.52762	-5.71884	-76.36784	LAX_LV_EPICARDIAL	7	1.0	21
55.70589	-4.11755	-73.93160	LAX_LV_EPICARDIAL	7	1.0	21
56.88416	-2.51626	-71.49537	LAX_LV_EPICARDIAL	7	1.0	21
56.66265	-0.91497	-69.19386	LAX_LV_EPICARDIAL	7	1.0	21
56.44113	0.68632	-66.89235	LAX_LV_EPICARDIAL	7	1.0	21
56.21962	2.28761	-64.59084	LAX_LV_EPICARDIAL	7	1.0	21
55.99811	3.88890	-62.28933	LAX_LV_EPICARDIAL	7	1.0	21
55.77660	5.49020	-59.98781	LAX_LV_EPICARDIAL	7	1.0	21
55.55508	7.09149	-57.68630	LAX_LV_EPICARDIAL	7	1.0	21
55.33357	8.69278	-55.38479	LAX_LV_EPICARDIAL	7	1.0	21
53.71227	10.29407	-53.21801	LAX_LV_EPICARDIAL	7	1.0	21
53.49076	11.89536	-50.91650	LAX_LV_EPICARDIAL	7	1.0	21
53.26925	13.49665	-48.61498	LAX_LV_EPICARDIAL	7	1.0	21
53.04774	15.09794	-46.31347	LAX_LV_EPICARDIAL	7	1.0	21
51.42644	16.69924	-44.14669	LAX_LV_EPICARDIAL	7	1.0	21
51.20493	18.30053	-41.84518	LAX_LV_EPICARDIAL	7	1.0	21
50.98342	19.90182	-39.54367	LAX_LV_EPICARDIAL	7	1.0	21
49.36212	21.50311	-37.37688	LAX_LV_EPICARDIAL	7	1.0	21
47.74083	23.10440	-35.21009	LAX_LV_EPICARDIAL	7	1.0	21
47.51931	24.70569	-32.90858	LAX_LV_EPICARDIAL	7	1.0	21
45.89802	26.30698	-30.74180	LAX_LV_EPICARDIAL	7	1.0	21
44.27672	27.90828	-28.57501	LAX_LV_EPICARDIAL	7	1.0	21
42.65543	29.50957	-26.40822	LAX_LV_EPICARDIAL	7	1.0	21
41.03414	31.11086	-24.24144	LAX_LV_EPICARDIAL	7	1.0	21
38.01306	32.71215	-22.20938	LAX_LV_EPICARDIAL	7	1.0	21
34.99199	34.31344	-20.17731	LAX_LV_EPICARDIAL	7	1.0	21
33.37069	35.91473	-18.01053	LAX_LV_EPICARDIAL	7	1.0	21
30.46037	36.71538	-17.12922	LAX_LV_EPICARDIAL	7	1.0	21
27.55005	37.51603	-16.24791	LAX_LV_EPICARDIAL	7	1.0	21
24.63973	38.31667	-15.36661	LAX_LV_EPICARDIAL	7	1.0	21
21.72941	39.11732	-14.48530	LAX_LV_EPICARDIAL	7	1.0	21
18.92985	39.11732	-14.75475	LAX_LV_EPICARDIAL	7	1.0	21
-19.55943	23.90507	-40.52612	LAX_LV_ENDOCARDIAL	7	1.0	21
-19.55943	23.90507	-40.52612	LAX_LV_ENDOCARDIAL	7	1.0	21
-19.33792	22.30377	-42.82763	LAX_LV_ENDOCARDIAL	7	1.0	21
-19.11640	20.70248	-45.12914	LAX_LV_ENDOCARDIAL	7	1.0	21
-18.89489	19.10119	-47.43065	LAX_LV_ENDOCARDIAL	7	1.0	21
-17.27360	17.49990	-49.59744	LAX_LV_ENDOCARDIAL	7	1.0	21
-17.05208	15.89861	-51.89895	LAX_LV_ENDOCARDIAL	7	1.0	21
-15.43079	14.29732	-54.06574	LAX_LV_ENDOCARDIAL	7	1.0	21
-12.40971	12.69603	-56.09780	LAX_LV_ENDOCARDIAL	7	1.0	21
-10.78842	11.09473	-58.26459	LAX_LV_ENDOCARDIAL	7	1.0	21
-7.76734	9.49344	-60.29665	LAX_LV_ENDOCARDIAL	7	1.0	21
-6.14605	7.89215	-62.46343	LAX_LV_ENDOCARDIAL	7	1.0	21
-3.12497	6.29086	-64.49549	LAX_LV_ENDOCARDIAL	7	1.0	21
-1.50368	4.68957	-66.66228	LAX_LV_ENDOCARDIAL	7	1.0	21
0.11761	3.08827	-68.82907	LAX_LV_ENDOCARDIAL	7	1.0	21
1.73891	1.48698	-70.99585	LAX_LV_ENDOCARDIAL	7	1.0	21
3.36020	-0.11431	-73.16264	LAX_LV_ENDOCARDIAL	7	1.0	21
4.98150	-1.71560	-75.32943	LAX_LV_ENDOCARDIAL	7	1.0	21
6.60279	-3.31689	-77.49621	LAX_LV_ENDOCARDIAL	7	1.0	21
8.22409	-4.91818	-79.66300	LAX_LV_ENDOCARDIAL	7	1.0	21
9.84538	-6.51948	-81.82978	LAX_LV_ENDOCARDIAL	7	1.0	21
11.46668	-8.12077	-83.99657	LAX_LV_ENDOCARDIAL	7	1.0	21
14.48775	-9.72206	-86.02863	LAX_LV_ENDOCARDIAL	7	1.0	21
17.50883	-11.32335	-88.06069	LAX_LV_ENDOCARDIAL	7	1.0	21
19.13012	-12.92464	-90.22748	LAX_LV_ENDOCARDIAL	7	1.0	21
22.15120	-14.52593	-92.25954	LAX_LV_ENDOCARDIAL	7	1.0	21
25.17227	-16.12723	-94.29160	LAX_LV_ENDOCARDIAL	7	1.0	21
28.19335	-17.72852	-96.32367	LAX_LV_ENDOCARDIAL	7	1.0	21
31.10367	-18.52917	-97.20497	LAX_LV_ENDOCARDIAL	7	1.0	21
34.01399	-19.32981	-98.08628	LAX_LV_ENDOCARDIAL	7	1.0	21
36.92430	-20.13046	-98.96758	LAX_LV_ENDOCARDIAL	7	1.0	21
39.61311	-19.32981	-97.54738	LAX_LV_ENDOCARDIAL	7	1.0	21
42.19116	-17.72852	-94.97642	LAX_LV_ENDOCARDIAL	7	1.0	21
43.36943	-16.12723	-92.54018	LAX_LV_ENDOCARDIAL	7	1.0	21
44.54770	-14.52594	-90.10395	LAX_LV_ENDOCARDIAL	7	1.0	21
44.32618	-12.92465	-87.80244	LAX_LV_ENDOCARDIAL	7	1.0	21
45.50445	-11.32336	-85.36620	LAX_LV_ENDOCARDIAL	7	1.0	21
45.28294	-9.72207	-83.06469	LAX_LV_ENDOCARDIAL	7	1.0	21
46.46121	-8.12078	-80.62845	LAX_LV_ENDOCARDIAL	7	1.0	21
47.63947	-6.51949	-78.19222	LAX_LV_ENDOCARDIAL	7	1.0	21
47.41796	-4.91819	-75.89071	LAX_LV_ENDOCARDIAL	7	1.0	21
48.59623	-3.31690	-73.45447	LAX_LV_ENDOCARDIAL	7	1.0	21
48.37472	-1.71561	-71.15296	LAX_LV_ENDOCARDIAL	7	1.0	21
49.55298	-0.11432	-68.71673	LAX_LV_ENDOCARDIAL	7	1.0	21
49.33147	1.48697	-66.41522	LAX_LV_ENDOCARDIAL	7	1.0	21
49.10996	3.08826	-64.11370	LAX_LV_ENDOCARDIAL	7	1.0	21
48.88845	4.68955	-61.81219	LAX_LV_ENDOCARDIAL	7	1.0	21
48.66693	6.29084	-59.51068	LAX_LV_ENDOCARDIAL	7	1.0	21
48.44542	7.89213	-57.20917	LAX_LV_ENDOCARDIAL	7	1.0	21
48.22391	9.49343	-54.90766	LAX_LV_ENDOCARDIAL	7	1.0	21
46.60261	11.09472	-52.74087	LAX_LV_ENDOCARDIAL	7	1.0	21
46.38110	12.69601	-50.43936	LAX_LV_ENDOCARDIAL	7	1.0	21
46.15959	14.29730	-48.13785	LAX_LV_ENDOCARDIAL	7	1.0	21
45.93807	15.89859	-45.83634	LAX_LV_ENDOCARDIAL	7	1.0	21
44.31678	17.49988	-43.66956	LAX_LV_ENDOCARDIAL	7	1.0	21
44.09527	19.10117	-41.36804	LAX_LV_ENDOCARDIAL	7	1.0	21
42.47397	20.70247	-39.20126	LAX_LV_ENDOCARDIAL	7	1.0	21
40.85268	22.30376	-37.03447	LAX_LV_ENDOCARDIAL	7	1.0	21
39.23138	23.90505	-34.86769	LAX_LV_ENDOCARDIAL	7	1.0	21
37.61009	25.50634	-32.70090	LAX_LV_ENDOCARDIAL	7	1.0	21
34.58901	27.10763	-30.66884	LAX_LV_ENDOCARDIAL	7	1.0	21
32.96772	28.70892	-28.50205	LAX_LV_ENDOCARDIAL	7	1.0	21
31.34642	30.31022	-26.33526	LAX_LV_ENDOCARDIAL	7	1.0	21
28.32535	31.91151	-24.30320	LAX_LV_ENDOCARDIAL	7	1.0	21
25.41503	32.71215	-23.42190	LAX_LV_ENDOCARDIAL	7	1.0	21
22.39395	34.31345	-21.38984	LAX_LV_ENDOCARDIAL	7	1.0	21
19.48363	35.11409	-20.50853	LAX_LV_ENDOCARDIAL	7	1.0	21
-62.24806	8.69281	-66.70166	LAX_RV_EPICARDIAL	7	1.0	21
-65.15837	9.49346	-65.82036	LAX_RV_EPICARDIAL	7	1.0	21
-67.95794	9.49346	-66.08981	LAX_RV_EPICARDIAL	7	1.0	21
-70.53599	7.89217	-68.66077	LAX_RV_EPICARDIAL	7	1.0	21
-71.71425	6.29088	-71.09700	LAX_RV_EPICARDIAL	7	1.0	21
-71.49274	4.68959	-73.39851	LAX_RV_EPICARDIAL	7	1.0	21
-71.27123	3.08829	-75.70002	LAX_RV_EPICARDIAL	7	1.0	21
-71.04972	1.48700	-78.00154	LAX_RV_EPICARDIAL	7	1.0	21
-69.42842	-0.11429	-80.16832	LAX_RV_EPICARDIAL	7	1.0	21
-69.20691	-1.71558	-82.46983	LAX_RV_EPICARDIAL	7	1.0	21
-67.58561	-3.31687	-84.63662	LAX_RV_EPICARDIAL	7	1.0	21
-65.96432	-4.91816	-86.80341	LAX_RV_EPICARDIAL	7	1.0	21
-64.34303	-6.51945	-88.97019	LAX_RV_EPICARDIAL	7	1.0	21
-62.72173	-8.12075	-91.13698	LAX_RV_EPICARDIAL	7	1.0	21
-61.10044	-9.72204	-93.30376	LAX_RV_EPICARDIAL	7	1.0	21
-58.07936	-11.32333	-95.33583	LAX_RV_EPICARDIAL	7	1.0	21
-55.05829	-12.92462	-97.36789	LAX_RV_EPICARDIAL	7	1.0	21
-52.03721	-14.52591	-99.39995	LAX_RV_EPICARDIAL	7	1.0	21
-49.01613	-16.12721	-101.43201	LAX_RV_EPICARDIAL	7	1.0	21
-45.99506	-17.72850	-103.46407	LAX_RV_EPICARDIAL	7	1.0	21
-43.08474	-18.52914	-104.34538	LAX_RV_EPICARDIAL	7	1.0	21
-40.17442	-19.32979	-105.22668	LAX_RV_EPICARDIAL	7	1.0	21
-37.26410	-20.13044	-106.10799	LAX_RV_EPICARDIAL	7	1.0	21
-34.46454	-20.13044	-105.83854	LAX_RV_EPICARDIAL	7	1.0	21
-31.55422	-20.93108	-106.71985	LAX_RV_EPICARDIAL	7	1.0	21
-28.64390	-21.73173	-107.60115	LAX_RV_EPICARDIAL	7	1.0	21
-25.84434	-21.73173	-107.33170	LAX_RV_EPICARDIAL	7	1.0	21
-22.93402	-22.53238	-108.21301	LAX_RV_EPICARDIAL	7	1.0	21
-20.02370	-23.33302	-109.09432	LAX_RV_EPICARDIAL	7	1.0	21
-17.11338	-24.13367	-109.97562	LAX_RV_EPICARDIAL	7	1.0	21
-14.20306	-24.93432	-110.85693	LAX_RV_EPICARDIAL	7	1.0	21
-11.40350	-24.93432	-110.58748	LAX_RV_EPICARDIAL	7	1.0	21
-8.60394	-24.93432	-110.31803	LAX_RV_EPICARDIAL	7	1.0	21
-5.80438	-24.93432	-110.04858	LAX_RV_EPICARDIAL	7	1.0	21
-3.00481	-24.93432	-109.77913	LAX_RV_EPICARDIAL	7	1.0	21
-0.20525	-24.93432	-109.50968	LAX_RV_EPICARDIAL	7	1.0	21
2.59431	-24.93432	-109.24023	LAX_RV_EPICARDIAL	7	1.0	21
5.50463	-25.73497	-110.12154	LAX_RV_EPICARDIAL	7	1.0	21
8.30419	-25.73497	-109.85209	LAX_RV_EPICARDIAL	7	1.0	21
11.10376	-25.73497	-109.58264	LAX_RV_EPICARDIAL	7	1.0	21
14.01408	-26.53562	-110.46395	LAX_RV_EPICARDIAL	7	1.0	21
16.81364	-26.53562	-110.19450	LAX_RV_EPICARDIAL	7	1.0	21
19.50244	-25.73497	-108.77429	LAX_RV_EPICARDIAL	7	1.0	21
22.30201	-25.73497	-108.50484	LAX_RV_EPICARDIAL	7	1.0	21
24.99081	-24.93433	-107.08464	LAX_RV_EPICARDIAL	7	1.0	21
27.56886	-23.33304	-104.51368	LAX_RV_EPICARDIAL	7	1.0	21
25.94757	-21.73175	-102.34689	LAX_RV_EPICARDIAL	7	1.0	21
-18.38116	25.50636	-38.08989	MITRAL_VALVE	7	1.0	21
15.17353	35.91474	-19.76195	MITRAL_VALVE	7	1.0	21
-60.84827	8.69281	-66.56694	TRICUSPID_VALVE	7	1.0	21
-25.45077	15.89861	-52.70730	TRICUSPID_VALVE	7	1.0	21
39.94538	-21.73175	-100.99965	APEX_POINT	7	1.0	21
-11.34903	-15.79741	0.21895	LAX_RV_FREEWALL	11	1.0	21
-10.97072	-15.78753	-2.56797	LAX_RV_FREEWALL	11	1.0	21
-10.50699	-17.18129	-5.34827	LAX_RV_FREEWALL	11	1.0	21
-10.04327	-18.57505	-8.12858	LAX_RV_FREEWALL	11	1.0	21
-9.57954	-19.96881	-10.90888	LAX_RV_FREEWALL	11	1.0	21
-9.20123	-19.95893	-13.69580	LAX_RV_FREEWALL	11	1.0	21
-8.73750	-21.35269	-16.47611	LAX_RV_FREEWALL	11	1.0	21
-8.27377	-22.74645	-19.25641	LAX_RV_FREEWALL	11	1.0	21
-7.89546	-22.73657	-22.04333	LAX_RV_FREEWALL	11	1.0	21
-7.43173	-24.13033	-24.82364	LAX_RV_FREEWALL	11	1.0	21
-7.05342	-24.12045	-27.61056	LAX_RV_FREEWALL	11	1.0	21
-6.67510	-24.11057	-30.39748	LAX_RV_FREEWALL	11	1.0	21
-6.29679	-24.10070	-33.18441	LAX_RV_FREEWALL	11	1.0	21
-5.91848	-24.09082	-35.97133	LAX_RV_FREEWALL	11	1.0	21
-5.54017	-24.08094	-38.75825	LAX_RV_FREEWALL	11	1.0	21
-5.07644	-25.47470	-41.53856	LAX_RV_FREEWALL	11	1.0	21
-4.69813	-25.46482	-44.32548	LAX_RV_FREEWALL	11	1.0	21
-4.31982	-25.45494	-47.11240	LAX_RV_FREEWALL	11	1.0	21
-3.94150	-25.44506	-49.89933	LAX_RV_FREEWALL	11	1.0	21
-3.47778	-26.83882	-52.67963	LAX_RV_FREEWALL	11	1.0	21
-3.09946	-26.82894	-55.46655	LAX_RV_FREEWALL	11	1.0	21
-2.72115	-26.81906	-58.25348	LAX_RV_FREEWALL	11	1.0	21
-2.34284	-26.80918	-61.04040	LAX_RV_FREEWALL	11	1.0	21
-1.87911	-28.20294	-63.82070	LAX_RV_FREEWALL	11	1.0	21
-1.50080	-28.19307	-66.60763	LAX_RV_FREEWALL	11	1.0	21
-1.12249	-28.18319	-69.39455	LAX_RV_FREEWALL	11	1.0	21
-0.74417	-28.17331	-72.18147	LAX_RV_FREEWALL	11	1.0	21
-0.45128	-26.75979	-74.97502	LAX_RV_FREEWALL	11	1.0	21
-0.07297	-26.74991	-77.76194	LAX_RV_FREEWALL	11	1.0	21
0.39076	-28.14367	-80.54224	LAX_RV_FREEWALL	11	1.0	21
0.68366	-26.73015	-83.33579	LAX_RV_FREEWALL	11	1.0	21
1.06197	-26.72028	-86.12271	LAX_RV_FREEWALL	11	1.0	21
1.44028	-26.71040	-88.90963	LAX_RV_FREEWALL	11	1.0	21
1.81859	-26.70052	-91.69655	LAX_RV_FREEWALL	11	1.0	21
2.19691	-26.69064	-94.48348	LAX_RV_FREEWALL	11	1.0	21
2.57522	-26.68076	-97.27040	LAX_RV_FREEWALL	11	1.0	21
2.95353	-26.67088	-100.05732	LAX_RV_FREEWALL	11	1.0	21
3.33184	-26.66100	-102.84425	LAX_RV_FREEWALL	11	1.0	21
3.62474	-25.24749	-105.63779	LAX_RV_FREEWALL	11	1.0	21
3.91764	-23.83397	-108.43133	LAX_RV_FREEWALL	11	1.0	21
3.93596	-21.02175	-109.83803	LAX_RV_FREEWALL	11	1.0	21
3.76513	-18.21447	-109.85127	LAX_RV_FREEWALL	11	1.0	21
3.40514	-15.41214	-108.47105	LAX_RV_FREEWALL	11	1.0	21
3.04515	-12.60980	-107.09083	LAX_RV_FREEWALL	11	1.0	21
2.68517	-9.80746	-105.71060	LAX_RV_FREEWALL	11	1.0	21
2.32518	-7.00512	-104.33038	LAX_RV_FREEWALL	11	1.0	21
1.96519	-4.20279	-102.95016	LAX_RV_FREEWALL	11	1.0	21
1.41605	-1.40539	-100.17647	LAX_RV_FREEWALL	11	1.0	21
1.05606	1.39695	-98.79625	LAX_RV_FREEWALL	11	1.0	21
0.59233	2.79071	-96.01595	LAX_RV_FREEWALL	11	1.0	21
0.04319	5.58811	-93.24226	LAX_RV_FREEWALL	11	1.0	21
-0.42054	6.98187	-90.46196	LAX_RV_FREEWALL	11	1.0	21
-0.79886	6.97199	-87.67504	LAX_RV_FREEWALL	11	1.0	21
-0.62802	4.16471	-87.66180	LAX_RV_SEPTUM	11	1.0	21
-0.64635	1.35250	-86.25510	LAX_RV_SEPTUM	11	1.0	21
-0.66467	-1.45972	-84.84840	LAX_RV_SEPTUM	11	1.0	21
-0.87215	-4.27688	-82.04823	LAX_RV_SEPTUM	11	1.0	21
-1.07963	-7.09403	-79.24807	LAX_RV_SEPTUM	11	1.0	21
-1.09796	-9.90625	-77.84137	LAX_RV_SEPTUM	11	1.0	21
-1.39085	-11.31977	-75.04783	LAX_RV_SEPTUM	11	1.0	21
-1.68375	-12.73328	-72.25429	LAX_RV_SEPTUM	11	1.0	21
-2.06206	-12.74316	-69.46736	LAX_RV_SEPTUM	11	1.0	21
-2.44037	-12.75304	-66.68044	LAX_RV_SEPTUM	11	1.0	21
-2.73327	-14.16656	-63.88690	LAX_RV_SEPTUM	11	1.0	21
-3.11158	-14.17644	-61.09997	LAX_RV_SEPTUM	11	1.0	21
-3.48989	-14.18632	-58.31305	LAX_RV_SEPTUM	11	1.0	21
-3.86821	-14.19619	-55.52613	LAX_RV_SEPTUM	11	1.0	21
-4.16110	-15.60971	-52.73259	LAX_RV_SEPTUM	11	1.0	21
-4.53942	-15.61959	-49.94566	LAX_RV_SEPTUM	11	1.0	21
-4.91773	-15.62947	-47.15874	LAX_RV_SEPTUM	11	1.0	21
-5.29604	-15.63935	-44.37182	LAX_RV_SEPTUM	11	1.0	21
-5.75977	-14.24559	-41.59151	LAX_RV_SEPTUM	11	1.0	21
-6.22350	-12.85183	-38.81121	LAX_RV_SEPTUM	11	1.0	21
-6.60181	-12.86171	-36.02429	LAX_RV_SEPTUM	11	1.0	21
-7.06554	-11.46795	-33.24398	LAX_RV_SEPTUM	11	1.0	21
-7.52926	-10.07419	-30.46368	LAX_RV_SEPTUM	11	1.0	21
-7.90758	-10.08407	-27.67676	LAX_RV_SEPTUM	11	1.0	21
-8.37130	-8.69031	-24.89645	LAX_RV_SEPTUM	11	1.0	21
-8.83503	-7.29655	-22.11615	LAX_RV_SEPTUM	11	1.0	21
-9.21334	-7.30643	-19.32922	LAX_RV_SEPTUM	11	1.0	21
-9.67707	-5.91267	-16.54892	LAX_RV_SEPTUM	11	1.0	21
-10.14080	-4.51891	-13.76862	LAX_RV_SEPTUM	11	1.0	21
-10.60453	-3.12515	-10.98831	LAX_RV_SEPTUM	11	1.0	21
-10.98284	-3.13503	-8.20139	LAX_RV_SEPTUM	11	1.0	21
-11.91650	-15.81223	4.39934	LAX_RV_EPICARDIAL	11	1.0	21
-11.36736	-18.60963	1.62565	LAX_RV_EPICARDIAL	11	1.0	21
-10.90363	-20.00339	-1.15465	LAX_RV_EPICARDIAL	11	1.0	21
-10.52532	-19.99351	-3.94157	LAX_RV_EPICARDIAL	11	1.0	21
-10.06159	-21.38727	-6.72188	LAX_RV_EPICARDIAL	11	1.0	21
-9.59786	-22.78103	-9.50218	LAX_RV_EPICARDIAL	11	1.0	21
-9.13413	-24.17479	-12.28248	LAX_RV_EPICARDIAL	11	1.0	21
-8.75582	-24.16491	-15.06941	LAX_RV_EPICARDIAL	11	1.0	21
-8.29209	-25.55867	-17.84971	LAX_RV_EPICARDIAL	11	1.0	21
-7.82837	-26.95243	-20.63002	LAX_RV_EPICARDIAL	11	1.0	21
-7.45005	-26.94255	-23.41694	LAX_RV_EPICARDIAL	11	1.0	21
-6.98633	-28.33631	-26.19724	LAX_RV_EPICARDIAL	11	1.0	21
-6.60801	-28.32643	-28.98417	LAX_RV_EPICARDIAL	11	1.0	21
-6.22970	-28.31655	-31.77109	LAX_RV_EPICARDIAL	11	1.0	21
-5.85139	-28.30667	-34.55801	LAX_RV_EPICARDIAL	11	1.0	21
-5.47308	-28.29679	-37.34493	LAX_RV_EPICARDIAL	11	1.0	21
-5.09476	-28.28691	-40.13186	LAX_RV_EPICARDIAL	11	1.0	21
-4.71645	-28.27704	-42.91878	LAX_RV_EPICARDIAL	11	1.0	21
-4.33814	-28.26716	-45.70570	LAX_RV_EPICARDIAL	11	1.0	21
-3.95983	-28.25728	-48.49263	LAX_RV_EPICARDIAL	11	1.0	21
-3.58152	-28.24740	-51.27955	LAX_RV_EPICARDIAL	11	1.0	21
-3.11779	-29.64116	-54.05985	LAX_RV_EPICARDIAL	11	1.0	21
-2.65406	-31.03492	-56.84016	LAX_RV_EPICARDIAL	11	1.0	21
-2.27575	-31.02504	-59.62708	LAX_RV_EPICARDIAL	11	1.0	21
-1.89744	-31.01516	-62.41400	LAX_RV_EPICARDIAL	11	1.0	21
-1.51912	-31.00528	-65.20093	LAX_RV_EPICARDIAL	11	1.0	21
-1.14081	-30.99540	-67.98785	LAX_RV_EPICARDIAL	11	1.0	21
-0.76250	-30.98552	-70.77477	LAX_RV_EPICARDIAL	11	1.0	21
-0.38419	-30.97565	-73.56170	LAX_RV_EPICARDIAL	11	1.0	21
-0.00587	-30.96577	-76.34862	LAX_RV_EPICARDIAL	11	1.0	21
0.28702	-29.55225	-79.14216	LAX_RV_EPICARDIAL	11	1.0	21
0.66533	-29.54237	-81.92909	LAX_RV_EPICARDIAL	11	1.0	21
1.04365	-29.53249	-84.71601	LAX_RV_EPICARDIAL	11	1.0	21
1.42196	-29.52261	-87.50293	LAX_RV_EPICARDIAL	11	1.0	21
1.80027	-29.51273	-90.28985	LAX_RV_EPICARDIAL	11	1.0	21
2.17858	-29.50286	-93.07678	LAX_RV_EPICARDIAL	11	1.0	21
2.55690	-29.49298	-95.86370	LAX_RV_EPICARDIAL	11	1.0	21
2.93521	-29.48310	-98.65062	LAX_RV_EPICARDIAL	11	1.0	21
3.31352	-29.47322	-101.43755	LAX_RV_EPICARDIAL	11	1.0	21
3.69183	-29.46334	-104.22447	LAX_RV_EPICARDIAL	11	1.0	21
3.98473	-28.04982	-107.01801	LAX_RV_EPICARDIAL	11	1.0	21
4.27762	-26.63631	-109.81156	LAX_RV_EPICARDIAL	11	1.0	21
4.57052	-25.22279	-112.60510	LAX_RV_EPICARDIAL	11	1.0	21
4.58884	-22.41057	-114.01180	LAX_RV_EPICARDIAL	11	1.0	21
4.41801	-19.60329	-114.02504	LAX_RV_EPICARDIAL	11	1.0	21
4.24718	-16.79602	-114.03828	LAX_RV_EPICARDIAL	11	1.0	21
3.88719	-13.99368	-112.65805	LAX_RV_EPICARDIAL	11	1.0	21
3.52721	-11.19134	-111.27783	LAX_RV_EPICARDIAL	11	1.0	21
3.16722	-8.38900	-109.89761	LAX_RV_EPICARDIAL	11	1.0	21
2.80723	-5.58667	-108.51738	LAX_RV_EPICARDIAL	11	1.0	21
2.44724	-2.78433	-107.13716	LAX_RV_EPICARDIAL	11	1.0	21
1.89810	0.01307	-104.36348	LAX_RV_EPICARDIAL	11	1.0	21
1.53811	2.81541	-102.98325	LAX_RV_EPICARDIAL	11	1.0	21
0.98897	5.61281	-100.20957	LAX_RV_EPICARDIAL	11	1.0	21
0.43982	8.41020	-97.43589	LAX_RV_EPICARDIAL	11	1.0	21
-0.02391	9.80396	-94.65558	LAX_RV_EPICARDIAL	11	1.0	21
-0.38389	12.60630	-93.27536	LAX_RV_EPICARDIAL	11	1.0	21
-0.84762	14.00006	-90.49506	LAX_RV_EPICARDIAL	11	1.0	21
-0.86595	11.18785	-89.08835	LAX_RV_EPICARDIAL	11	1.0	21
-0.69511	8.38057	-89.07512	LAX_RV_EPICARDIAL	11	1.0	21
-11.44657	-1.74127	-5.42109	PULMONARY_VALVE	11	1.0	21
-11.89818	-13.00001	2.99264	PULMONARY_VALVE	11	1.0	21
