x	y	z	contour type	frameID	weight	time frame
-26.06679	-25.27687	-45.65780	SAX_RV_FREEWALL	3	1.0	10
-27.76336	-24.17210	-48.06381	SAX_RV_FREEWALL	3	1.0	10
-29.99105	-24.17210	-49.78065	SAX_RV_FREEWALL	3	1.0	10
-32.21874	-24.17211	-51.49750	SAX_RV_FREEWALL	3	1.0	10
-33.91530	-23.06734	-53.90350	SAX_RV_FREEWALL	3	1.0	10
-36.14299	-23.06734	-55.62035	SAX_RV_FREEWALL	3	1.0	10
-37.83956	-21.96258	-58.02635	SAX_RV_FREEWALL	3	1.0	10
-39.53613	-20.85781	-60.43235	SAX_RV_FREEWALL	3	1.0	10
-41.23269	-19.75304	-62.83835	SAX_RV_FREEWALL	3	1.0	10
-42.92926	-18.64828	-65.24436	SAX_RV_FREEWALL	3	1.0	10
-44.62583	-17.54351	-67.65036	SAX_RV_FREEWALL	3	1.0	10
-44.67743	-15.33398	-69.88709	SAX_RV_FREEWALL	3	1.0	10
-45.84288	-13.12444	-72.98225	SAX_RV_FREEWALL	3	1.0	10
-44.78064	-10.91490	-74.36057	SAX_RV_FREEWALL	3	1.0	10
-44.83224	-8.70537	-76.59730	SAX_RV_FREEWALL	3	1.0	10
-42.65615	-6.49583	-77.11719	SAX_RV_FREEWALL	3	1.0	10
-41.59391	-4.28629	-78.49551	SAX_RV_FREEWALL	3	1.0	10
-39.41782	-2.07676	-79.01540	SAX_RV_FREEWALL	3	1.0	10
-36.12789	0.13278	-78.67686	SAX_RV_FREEWALL	3	1.0	10
-33.95181	2.34232	-79.19676	SAX_RV_FREEWALL	3	1.0	10
-30.66188	4.55186	-78.85822	SAX_RV_FREEWALL	3	1.0	10
-27.37195	6.76140	-78.51969	SAX_RV_FREEWALL	3	1.0	10
-24.08202	8.97094	-78.18116	SAX_RV_FREEWALL	3	1.0	10
-21.32321	10.07571	-77.15347	SAX_RV_FREEWALL	3	1.0	10
-18.56440	11.18048	-76.12578	SAX_RV_FREEWALL	3	1.0	10
-16.33671	11.18048	-74.40894	SAX_RV_FREEWALL	3	1.0	10
9.90094	-15.33392	-27.82438	SAX_RV_FREEWALL	3	1.0	10
7.14213	-16.43869	-28.85206	SAX_RV_FREEWALL	3	1.0	10
3.85220	-18.64823	-29.19060	SAX_RV_FREEWALL	3	1.0	10
1.09339	-19.75300	-30.21829	SAX_RV_FREEWALL	3	1.0	10
-1.66542	-20.85777	-31.24597	SAX_RV_FREEWALL	3	1.0	10
-4.42423	-21.96254	-32.27366	SAX_RV_FREEWALL	3	1.0	10
-7.18304	-23.06731	-33.30135	SAX_RV_FREEWALL	3	1.0	10
-9.94185	-24.17208	-34.32904	SAX_RV_FREEWALL	3	1.0	10
-12.70066	-25.27685	-35.35673	SAX_RV_FREEWALL	3	1.0	10
-14.92835	-25.27686	-37.07358	SAX_RV_FREEWALL	3	1.0	10
-17.15604	-25.27686	-38.79042	SAX_RV_FREEWALL	3	1.0	10
-19.38373	-25.27686	-40.50727	SAX_RV_FREEWALL	3	1.0	10
-21.61141	-25.27686	-42.22411	SAX_RV_FREEWALL	3	1.0	10
-23.83910	-25.27686	-43.94096	SAX_RV_FREEWALL	3	1.0	10
-23.73590	-29.69594	-39.46749	SAX_RV_EPICARDIAL	3	1.0	10
-25.43247	-28.59117	-41.87349	SAX_RV_EPICARDIAL	3	1.0	10
-27.66015	-28.59117	-43.59033	SAX_RV_EPICARDIAL	3	1.0	10
-29.88784	-28.59117	-45.30718	SAX_RV_EPICARDIAL	3	1.0	10
-32.11553	-28.59118	-47.02403	SAX_RV_EPICARDIAL	3	1.0	10
-33.81210	-27.48641	-49.43003	SAX_RV_EPICARDIAL	3	1.0	10
-36.03979	-27.48641	-51.14687	SAX_RV_EPICARDIAL	3	1.0	10
-37.73635	-26.38165	-53.55288	SAX_RV_EPICARDIAL	3	1.0	10
-39.96404	-26.38165	-55.26972	SAX_RV_EPICARDIAL	3	1.0	10
-41.66061	-25.27688	-57.67572	SAX_RV_EPICARDIAL	3	1.0	10
-43.88830	-25.27688	-59.39257	SAX_RV_EPICARDIAL	3	1.0	10
-45.58487	-24.17212	-61.79857	SAX_RV_EPICARDIAL	3	1.0	10
-47.28143	-23.06735	-64.20457	SAX_RV_EPICARDIAL	3	1.0	10
-48.44688	-20.85782	-67.29973	SAX_RV_EPICARDIAL	3	1.0	10
-49.61233	-18.64828	-70.39489	SAX_RV_EPICARDIAL	3	1.0	10
-49.66393	-16.43875	-72.63163	SAX_RV_EPICARDIAL	3	1.0	10
-49.71553	-14.22921	-74.86836	SAX_RV_EPICARDIAL	3	1.0	10
-48.65329	-12.01968	-76.24668	SAX_RV_EPICARDIAL	3	1.0	10
-47.59105	-9.81014	-77.62499	SAX_RV_EPICARDIAL	3	1.0	10
-46.52881	-7.60060	-79.00330	SAX_RV_EPICARDIAL	3	1.0	10
-45.46656	-5.39107	-80.38162	SAX_RV_EPICARDIAL	3	1.0	10
-44.40432	-3.18153	-81.75993	SAX_RV_EPICARDIAL	3	1.0	10
-42.22824	-0.97199	-82.27982	SAX_RV_EPICARDIAL	3	1.0	10
-40.05215	1.23755	-82.79971	SAX_RV_EPICARDIAL	3	1.0	10
-36.76222	3.44708	-82.46118	SAX_RV_EPICARDIAL	3	1.0	10
-33.47229	5.65662	-82.12265	SAX_RV_EPICARDIAL	3	1.0	10
-30.18236	7.86616	-81.78412	SAX_RV_EPICARDIAL	3	1.0	10
-26.89243	10.07570	-81.44558	SAX_RV_EPICARDIAL	3	1.0	10
-23.60250	12.28524	-81.10705	SAX_RV_EPICARDIAL	3	1.0	10
-20.84369	13.39001	-80.07936	SAX_RV_EPICARDIAL	3	1.0	10
-18.08488	14.49478	-79.05167	SAX_RV_EPICARDIAL	3	1.0	10
-15.32607	15.59955	-78.02399	SAX_RV_EPICARDIAL	3	1.0	10
-12.56726	16.70432	-76.99630	SAX_RV_EPICARDIAL	3	1.0	10
-12.46406	12.28525	-72.52282	SAX_RV_EPICARDIAL	3	1.0	10
12.07702	-13.12438	-28.34427	SAX_RV_EPICARDIAL	3	1.0	10
15.41855	-13.12438	-25.76900	SAX_RV_EPICARDIAL	3	1.0	10
13.24247	-15.33392	-25.24911	SAX_RV_EPICARDIAL	3	1.0	10
11.06638	-17.54346	-24.72922	SAX_RV_EPICARDIAL	3	1.0	10
7.77645	-19.75299	-25.06775	SAX_RV_EPICARDIAL	3	1.0	10
5.01764	-20.85776	-26.09544	SAX_RV_EPICARDIAL	3	1.0	10
1.72771	-23.06730	-26.43397	SAX_RV_EPICARDIAL	3	1.0	10
-1.03110	-24.17207	-27.46166	SAX_RV_EPICARDIAL	3	1.0	10
-4.32103	-26.38161	-27.80019	SAX_RV_EPICARDIAL	3	1.0	10
-7.07984	-27.48638	-28.82788	SAX_RV_EPICARDIAL	3	1.0	10
-9.30753	-27.48639	-30.54473	SAX_RV_EPICARDIAL	3	1.0	10
-12.06634	-28.59116	-31.57241	SAX_RV_EPICARDIAL	3	1.0	10
-14.82514	-29.69593	-32.60010	SAX_RV_EPICARDIAL	3	1.0	10
-17.05283	-29.69593	-34.31695	SAX_RV_EPICARDIAL	3	1.0	10
-19.28052	-29.69593	-36.03379	SAX_RV_EPICARDIAL	3	1.0	10
-21.50821	-29.69593	-37.75064	SAX_RV_EPICARDIAL	3	1.0	10
-14.10902	11.18048	-72.69209	SAX_RV_SEPTUM	3	1.0	10
-12.41245	10.07571	-70.28609	SAX_RV_SEPTUM	3	1.0	10
-12.36085	7.86618	-68.04935	SAX_RV_SEPTUM	3	1.0	10
-12.30925	5.65664	-65.81262	SAX_RV_SEPTUM	3	1.0	10
-12.25765	3.44711	-63.57588	SAX_RV_SEPTUM	3	1.0	10
-12.20604	1.23757	-61.33914	SAX_RV_SEPTUM	3	1.0	10
-12.15444	-0.97196	-59.10241	SAX_RV_SEPTUM	3	1.0	10
-10.98900	-3.18150	-56.00725	SAX_RV_SEPTUM	3	1.0	10
-10.93739	-5.39103	-53.77051	SAX_RV_SEPTUM	3	1.0	10
-9.77195	-7.60057	-50.67535	SAX_RV_SEPTUM	3	1.0	10
-8.07538	-8.70533	-48.26935	SAX_RV_SEPTUM	3	1.0	10
-6.90993	-10.91487	-45.17419	SAX_RV_SEPTUM	3	1.0	10
-5.21337	-12.01963	-42.76819	SAX_RV_SEPTUM	3	1.0	10
-2.98568	-12.01963	-41.05134	SAX_RV_SEPTUM	3	1.0	10
-1.28911	-13.12440	-38.64534	SAX_RV_SEPTUM	3	1.0	10
0.93858	-13.12439	-36.92849	SAX_RV_SEPTUM	3	1.0	10
3.16627	-13.12439	-35.21165	SAX_RV_SEPTUM	3	1.0	10
5.39396	-13.12439	-33.49480	SAX_RV_SEPTUM	3	1.0	10
7.62164	-13.12439	-31.77796	SAX_RV_SEPTUM	3	1.0	10
9.84933	-13.12439	-30.06111	SAX_RV_SEPTUM	3	1.0	10
12.07702	-13.12438	-28.34427	SAX_RV_SEPTUM	3	1.0	10
-10.28797	14.49479	-73.04271	SAX_LV_EPICARDIAL	3	1.0	10
-9.22573	16.70432	-74.42103	SAX_LV_EPICARDIAL	3	1.0	10
-8.16349	18.91386	-75.79934	SAX_LV_EPICARDIAL	3	1.0	10
-5.98740	21.12340	-76.31923	SAX_LV_EPICARDIAL	3	1.0	10
-3.81131	23.33294	-76.83912	SAX_LV_EPICARDIAL	3	1.0	10
-1.63523	25.54247	-77.35901	SAX_LV_EPICARDIAL	3	1.0	10
0.54086	27.75201	-77.87890	SAX_LV_EPICARDIAL	3	1.0	10
2.71694	29.96155	-78.39879	SAX_LV_EPICARDIAL	3	1.0	10
6.00687	32.17109	-78.06026	SAX_LV_EPICARDIAL	3	1.0	10
8.76568	33.27586	-77.03257	SAX_LV_EPICARDIAL	3	1.0	10
12.05561	35.48540	-76.69404	SAX_LV_EPICARDIAL	3	1.0	10
14.81442	36.59017	-75.66635	SAX_LV_EPICARDIAL	3	1.0	10
17.57323	37.69494	-74.63866	SAX_LV_EPICARDIAL	3	1.0	10
20.33204	38.79971	-73.61097	SAX_LV_EPICARDIAL	3	1.0	10
22.55973	38.79971	-71.89413	SAX_LV_EPICARDIAL	3	1.0	10
24.78742	38.79971	-70.17728	SAX_LV_EPICARDIAL	3	1.0	10
27.54623	39.90448	-69.14959	SAX_LV_EPICARDIAL	3	1.0	10
29.77392	39.90449	-67.43275	SAX_LV_EPICARDIAL	3	1.0	10
32.00161	39.90449	-65.71590	SAX_LV_EPICARDIAL	3	1.0	10
34.22929	39.90449	-63.99906	SAX_LV_EPICARDIAL	3	1.0	10
36.45698	39.90449	-62.28221	SAX_LV_EPICARDIAL	3	1.0	10
38.15355	38.79973	-59.87621	SAX_LV_EPICARDIAL	3	1.0	10
39.85012	37.69496	-57.47021	SAX_LV_EPICARDIAL	3	1.0	10
41.54668	36.59019	-55.06420	SAX_LV_EPICARDIAL	3	1.0	10
43.24325	35.48543	-52.65820	SAX_LV_EPICARDIAL	3	1.0	10
44.40870	33.27589	-49.56304	SAX_LV_EPICARDIAL	3	1.0	10
45.57415	31.06636	-46.46788	SAX_LV_EPICARDIAL	3	1.0	10
45.62575	28.85682	-44.23115	SAX_LV_EPICARDIAL	3	1.0	10
45.67735	26.64729	-41.99441	SAX_LV_EPICARDIAL	3	1.0	10
45.72895	24.43775	-39.75768	SAX_LV_EPICARDIAL	3	1.0	10
45.78055	22.22822	-37.52094	SAX_LV_EPICARDIAL	3	1.0	10
44.71831	20.01868	-36.14263	SAX_LV_EPICARDIAL	3	1.0	10
44.76992	17.80915	-33.90589	SAX_LV_EPICARDIAL	3	1.0	10
43.70767	15.59961	-32.52758	SAX_LV_EPICARDIAL	3	1.0	10
42.64543	13.39007	-31.14926	SAX_LV_EPICARDIAL	3	1.0	10
41.58319	11.18054	-29.77095	SAX_LV_EPICARDIAL	3	1.0	10
40.52095	8.97100	-28.39264	SAX_LV_EPICARDIAL	3	1.0	10
39.45871	6.76146	-27.01432	SAX_LV_EPICARDIAL	3	1.0	10
37.28262	4.55193	-26.49443	SAX_LV_EPICARDIAL	3	1.0	10
36.22038	2.34239	-25.11612	SAX_LV_EPICARDIAL	3	1.0	10
34.04429	0.13285	-24.59623	SAX_LV_EPICARDIAL	3	1.0	10
30.75436	-2.07669	-24.93476	SAX_LV_EPICARDIAL	3	1.0	10
28.57828	-4.28623	-24.41487	SAX_LV_EPICARDIAL	3	1.0	10
25.28835	-6.49576	-24.75340	SAX_LV_EPICARDIAL	3	1.0	10
21.99841	-8.70530	-25.09193	SAX_LV_EPICARDIAL	3	1.0	10
19.23961	-9.81007	-26.11962	SAX_LV_EPICARDIAL	3	1.0	10
16.48080	-10.91484	-27.14731	SAX_LV_EPICARDIAL	3	1.0	10
8.47748	-2.07671	-42.10322	SAX_LV_ENDOCARDIAL	3	1.0	10
6.78091	-0.97194	-44.50922	SAX_LV_ENDOCARDIAL	3	1.0	10
5.08434	0.13282	-46.91522	SAX_LV_ENDOCARDIAL	3	1.0	10
3.38777	1.23759	-49.32122	SAX_LV_ENDOCARDIAL	3	1.0	10
1.69121	2.34235	-51.72723	SAX_LV_ENDOCARDIAL	3	1.0	10
0.52576	4.55189	-54.82238	SAX_LV_ENDOCARDIAL	3	1.0	10
-0.63969	6.76142	-57.91754	SAX_LV_ENDOCARDIAL	3	1.0	10
-1.80513	8.97096	-61.01270	SAX_LV_ENDOCARDIAL	3	1.0	10
-0.74289	11.18049	-62.39102	SAX_LV_ENDOCARDIAL	3	1.0	10
-0.79449	13.39003	-64.62775	SAX_LV_ENDOCARDIAL	3	1.0	10
0.26775	15.59957	-66.00607	SAX_LV_ENDOCARDIAL	3	1.0	10
2.44383	17.80910	-66.52596	SAX_LV_ENDOCARDIAL	3	1.0	10
3.50608	20.01864	-67.90427	SAX_LV_ENDOCARDIAL	3	1.0	10
5.68216	22.22818	-68.42416	SAX_LV_ENDOCARDIAL	3	1.0	10
8.97209	24.43772	-68.08563	SAX_LV_ENDOCARDIAL	3	1.0	10
12.26202	26.64726	-67.74710	SAX_LV_ENDOCARDIAL	3	1.0	10
15.02083	27.75203	-66.71941	SAX_LV_ENDOCARDIAL	3	1.0	10
17.77964	28.85680	-65.69172	SAX_LV_ENDOCARDIAL	3	1.0	10
20.53845	29.96157	-64.66403	SAX_LV_ENDOCARDIAL	3	1.0	10
22.76614	29.96157	-62.94718	SAX_LV_ENDOCARDIAL	3	1.0	10
24.99383	29.96157	-61.23034	SAX_LV_ENDOCARDIAL	3	1.0	10
27.22152	29.96157	-59.51349	SAX_LV_ENDOCARDIAL	3	1.0	10
28.91808	28.85681	-57.10749	SAX_LV_ENDOCARDIAL	3	1.0	10
31.14577	28.85681	-55.39064	SAX_LV_ENDOCARDIAL	3	1.0	10
32.84234	27.75204	-52.98464	SAX_LV_ENDOCARDIAL	3	1.0	10
34.00779	25.54251	-49.88948	SAX_LV_ENDOCARDIAL	3	1.0	10
35.17323	23.33298	-46.79432	SAX_LV_ENDOCARDIAL	3	1.0	10
35.22484	21.12344	-44.55759	SAX_LV_ENDOCARDIAL	3	1.0	10
35.27644	18.91390	-42.32085	SAX_LV_ENDOCARDIAL	3	1.0	10
35.32804	16.70437	-40.08412	SAX_LV_ENDOCARDIAL	3	1.0	10
34.26580	14.49483	-38.70580	SAX_LV_ENDOCARDIAL	3	1.0	10
34.31740	12.28530	-36.46907	SAX_LV_ENDOCARDIAL	3	1.0	10
33.25516	10.07576	-35.09075	SAX_LV_ENDOCARDIAL	3	1.0	10
32.19292	7.86622	-33.71244	SAX_LV_ENDOCARDIAL	3	1.0	10
30.01683	5.65669	-33.19255	SAX_LV_ENDOCARDIAL	3	1.0	10
27.84074	3.44715	-32.67266	SAX_LV_ENDOCARDIAL	3	1.0	10
25.66466	1.23761	-32.15277	SAX_LV_ENDOCARDIAL	3	1.0	10
22.37473	-0.97193	-32.49130	SAX_LV_ENDOCARDIAL	3	1.0	10
20.14704	-0.97193	-34.20814	SAX_LV_ENDOCARDIAL	3	1.0	10
17.38823	-2.07670	-35.23583	SAX_LV_ENDOCARDIAL	3	1.0	10
15.16054	-2.07670	-36.95268	SAX_LV_ENDOCARDIAL	3	1.0	10
12.93285	-2.07671	-38.66952	SAX_LV_ENDOCARDIAL	3	1.0	10
10.70517	-2.07671	-40.38637	SAX_LV_ENDOCARDIAL	3	1.0	10
10.50277	-14.69043	-28.00038	RV_INSERT	3	1.0	10
-14.63762	10.98456	-72.90466	RV_INSERT	3	1.0	10
-28.28932	-30.70404	-70.41816	SAX_RV_FREEWALL	4	1.0	10
-29.45476	-28.49450	-73.51332	SAX_RV_FREEWALL	4	1.0	10
-31.15133	-27.38974	-75.91932	SAX_RV_FREEWALL	4	1.0	10
-32.31678	-25.18020	-79.01448	SAX_RV_FREEWALL	4	1.0	10
-32.36838	-22.97067	-81.25122	SAX_RV_FREEWALL	4	1.0	10
-32.41998	-20.76113	-83.48795	SAX_RV_FREEWALL	4	1.0	10
-32.47158	-18.55160	-85.72469	SAX_RV_FREEWALL	4	1.0	10
-30.29550	-16.34206	-86.24458	SAX_RV_FREEWALL	4	1.0	10
-28.11941	-14.13252	-86.76447	SAX_RV_FREEWALL	4	1.0	10
-25.94333	-11.92298	-87.28436	SAX_RV_FREEWALL	4	1.0	10
-23.76724	-9.71345	-87.80425	SAX_RV_FREEWALL	4	1.0	10
-21.59115	-7.50391	-88.32414	SAX_RV_FREEWALL	4	1.0	10
-18.30122	-5.29437	-87.98561	SAX_RV_FREEWALL	4	1.0	10
-16.12514	-3.08483	-88.50550	SAX_RV_FREEWALL	4	1.0	10
-12.83521	-0.87529	-88.16697	SAX_RV_FREEWALL	4	1.0	10
-9.54528	1.33424	-87.82844	SAX_RV_FREEWALL	4	1.0	10
-6.25535	3.54378	-87.48991	SAX_RV_FREEWALL	4	1.0	10
-4.02766	3.54379	-85.77306	SAX_RV_FREEWALL	4	1.0	10
-1.26885	4.64856	-84.74537	SAX_RV_FREEWALL	4	1.0	10
4.38848	-22.97063	-52.92327	SAX_RV_FREEWALL	4	1.0	10
1.62967	-24.07540	-53.95095	SAX_RV_FREEWALL	4	1.0	10
-0.59802	-24.07540	-55.66780	SAX_RV_FREEWALL	4	1.0	10
-2.82571	-24.07541	-57.38465	SAX_RV_FREEWALL	4	1.0	10
-5.58452	-25.18018	-58.41233	SAX_RV_FREEWALL	4	1.0	10
-8.34333	-26.28495	-59.44002	SAX_RV_FREEWALL	4	1.0	10
-11.10214	-27.38972	-60.46771	SAX_RV_FREEWALL	4	1.0	10
-13.86094	-28.49449	-61.49540	SAX_RV_FREEWALL	4	1.0	10
-16.61975	-29.59926	-62.52309	SAX_RV_FREEWALL	4	1.0	10
-18.84744	-29.59926	-64.23994	SAX_RV_FREEWALL	4	1.0	10
-21.60625	-30.70403	-65.26762	SAX_RV_FREEWALL	4	1.0	10
-23.83394	-30.70403	-66.98447	SAX_RV_FREEWALL	4	1.0	10
-26.06163	-30.70404	-68.70132	SAX_RV_FREEWALL	4	1.0	10
-29.29996	-35.12311	-66.80311	SAX_RV_EPICARDIAL	4	1.0	10
-30.99652	-34.01834	-69.20911	SAX_RV_EPICARDIAL	4	1.0	10
-32.69309	-32.91358	-71.61512	SAX_RV_EPICARDIAL	4	1.0	10
-33.85854	-30.70404	-74.71028	SAX_RV_EPICARDIAL	4	1.0	10
-35.55511	-29.59928	-77.11628	SAX_RV_EPICARDIAL	4	1.0	10
-36.72055	-27.38974	-80.21144	SAX_RV_EPICARDIAL	4	1.0	10
-36.77215	-25.18021	-82.44817	SAX_RV_EPICARDIAL	4	1.0	10
-36.82376	-22.97067	-84.68491	SAX_RV_EPICARDIAL	4	1.0	10
-35.76152	-20.76114	-86.06322	SAX_RV_EPICARDIAL	4	1.0	10
-34.69927	-18.55160	-87.44154	SAX_RV_EPICARDIAL	4	1.0	10
-33.63703	-16.34206	-88.81985	SAX_RV_EPICARDIAL	4	1.0	10
-31.46095	-14.13253	-89.33974	SAX_RV_EPICARDIAL	4	1.0	10
-29.28486	-11.92299	-89.85963	SAX_RV_EPICARDIAL	4	1.0	10
-27.10877	-9.71345	-90.37952	SAX_RV_EPICARDIAL	4	1.0	10
-24.93269	-7.50391	-90.89941	SAX_RV_EPICARDIAL	4	1.0	10
-22.75660	-5.29437	-91.41930	SAX_RV_EPICARDIAL	4	1.0	10
-20.58051	-3.08484	-91.93919	SAX_RV_EPICARDIAL	4	1.0	10
-17.29058	-0.87530	-91.60066	SAX_RV_EPICARDIAL	4	1.0	10
-15.11450	1.33424	-92.12055	SAX_RV_EPICARDIAL	4	1.0	10
-12.35569	2.43901	-91.09286	SAX_RV_EPICARDIAL	4	1.0	10
-9.06576	4.64855	-90.75433	SAX_RV_EPICARDIAL	4	1.0	10
-5.77583	6.85809	-90.41580	SAX_RV_EPICARDIAL	4	1.0	10
-3.01702	7.96286	-89.38811	SAX_RV_EPICARDIAL	4	1.0	10
-0.25821	9.06763	-88.36042	SAX_RV_EPICARDIAL	4	1.0	10
1.96948	9.06763	-86.64358	SAX_RV_EPICARDIAL	4	1.0	10
1.48996	5.75333	-83.71768	SAX_RV_EPICARDIAL	4	1.0	10
8.79225	-20.76109	-51.72631	SAX_RV_EPICARDIAL	4	1.0	10
9.42658	-24.07539	-47.94199	SAX_RV_EPICARDIAL	4	1.0	10
6.66777	-25.18017	-48.96968	SAX_RV_EPICARDIAL	4	1.0	10
3.90896	-26.28494	-49.99737	SAX_RV_EPICARDIAL	4	1.0	10
1.68127	-26.28494	-51.71422	SAX_RV_EPICARDIAL	4	1.0	10
-0.54642	-26.28494	-53.43106	SAX_RV_EPICARDIAL	4	1.0	10
-3.30523	-27.38971	-54.45875	SAX_RV_EPICARDIAL	4	1.0	10
-6.06404	-28.49448	-55.48644	SAX_RV_EPICARDIAL	4	1.0	10
-8.82284	-29.59925	-56.51413	SAX_RV_EPICARDIAL	4	1.0	10
-12.11277	-31.80879	-56.85266	SAX_RV_EPICARDIAL	4	1.0	10
-14.87158	-32.91356	-57.88035	SAX_RV_EPICARDIAL	4	1.0	10
-17.09927	-32.91356	-59.59720	SAX_RV_EPICARDIAL	4	1.0	10
-19.85808	-34.01833	-60.62489	SAX_RV_EPICARDIAL	4	1.0	10
-22.08577	-34.01834	-62.34173	SAX_RV_EPICARDIAL	4	1.0	10
-24.84458	-35.12311	-63.36942	SAX_RV_EPICARDIAL	4	1.0	10
-27.07227	-35.12311	-65.08627	SAX_RV_EPICARDIAL	4	1.0	10
0.42772	3.54379	-82.33937	SAX_RV_SEPTUM	4	1.0	10
-0.63452	1.33425	-80.96106	SAX_RV_SEPTUM	4	1.0	10
-1.69677	-0.87528	-79.58274	SAX_RV_SEPTUM	4	1.0	10
-1.64516	-3.08482	-77.34601	SAX_RV_SEPTUM	4	1.0	10
-1.59356	-5.29435	-75.10927	SAX_RV_SEPTUM	4	1.0	10
-2.65580	-7.50389	-73.73096	SAX_RV_SEPTUM	4	1.0	10
-2.60420	-9.71343	-71.49422	SAX_RV_SEPTUM	4	1.0	10
-2.55260	-11.92296	-69.25748	SAX_RV_SEPTUM	4	1.0	10
-1.38715	-14.13250	-66.16232	SAX_RV_SEPTUM	4	1.0	10
0.30942	-15.23726	-63.75632	SAX_RV_SEPTUM	4	1.0	10
1.47486	-17.44680	-60.66116	SAX_RV_SEPTUM	4	1.0	10
3.17143	-18.55156	-58.25516	SAX_RV_SEPTUM	4	1.0	10
4.86800	-19.65633	-55.84916	SAX_RV_SEPTUM	4	1.0	10
6.56457	-20.76109	-53.44316	SAX_RV_SEPTUM	4	1.0	10
8.79225	-20.76109	-51.72631	SAX_RV_SEPTUM	4	1.0	10
7.14729	-21.86586	-51.89558	SAX_RV_SEPTUM	4	1.0	10
3.66605	7.96286	-84.23757	SAX_LV_EPICARDIAL	4	1.0	10
5.84213	10.17240	-84.75746	SAX_LV_EPICARDIAL	4	1.0	10
8.01822	12.38194	-85.27735	SAX_LV_EPICARDIAL	4	1.0	10
10.19430	14.59148	-85.79724	SAX_LV_EPICARDIAL	4	1.0	10
12.37039	16.80102	-86.31714	SAX_LV_EPICARDIAL	4	1.0	10
15.66032	19.01055	-85.97860	SAX_LV_EPICARDIAL	4	1.0	10
18.95025	21.22009	-85.64007	SAX_LV_EPICARDIAL	4	1.0	10
21.70906	22.32486	-84.61238	SAX_LV_EPICARDIAL	4	1.0	10
24.99899	24.53440	-84.27385	SAX_LV_EPICARDIAL	4	1.0	10
27.75780	25.63917	-83.24616	SAX_LV_EPICARDIAL	4	1.0	10
29.98549	25.63917	-81.52932	SAX_LV_EPICARDIAL	4	1.0	10
32.21318	25.63918	-79.81247	SAX_LV_EPICARDIAL	4	1.0	10
34.97199	26.74395	-78.78478	SAX_LV_EPICARDIAL	4	1.0	10
37.19968	26.74395	-77.06794	SAX_LV_EPICARDIAL	4	1.0	10
39.42736	26.74395	-75.35109	SAX_LV_EPICARDIAL	4	1.0	10
41.12393	25.63919	-72.94509	SAX_LV_EPICARDIAL	4	1.0	10
43.35162	25.63919	-71.22824	SAX_LV_EPICARDIAL	4	1.0	10
45.04819	24.53442	-68.82224	SAX_LV_EPICARDIAL	4	1.0	10
46.74475	23.42966	-66.41624	SAX_LV_EPICARDIAL	4	1.0	10
48.44132	22.32489	-64.01023	SAX_LV_EPICARDIAL	4	1.0	10
49.60677	20.11536	-60.91508	SAX_LV_EPICARDIAL	4	1.0	10
50.77222	17.90582	-57.81992	SAX_LV_EPICARDIAL	4	1.0	10
51.93766	15.69629	-54.72476	SAX_LV_EPICARDIAL	4	1.0	10
51.98926	13.48675	-52.48802	SAX_LV_EPICARDIAL	4	1.0	10
50.92702	11.27721	-51.10971	SAX_LV_EPICARDIAL	4	1.0	10
50.97862	9.06768	-48.87297	SAX_LV_EPICARDIAL	4	1.0	10
49.91638	6.85814	-47.49466	SAX_LV_EPICARDIAL	4	1.0	10
49.96798	4.64861	-45.25792	SAX_LV_EPICARDIAL	4	1.0	10
48.90574	2.43907	-43.87961	SAX_LV_EPICARDIAL	4	1.0	10
47.84350	0.22953	-42.50130	SAX_LV_EPICARDIAL	4	1.0	10
45.66741	-1.98000	-41.98140	SAX_LV_EPICARDIAL	4	1.0	10
44.60517	-4.18954	-40.60309	SAX_LV_EPICARDIAL	4	1.0	10
42.42909	-6.39908	-40.08320	SAX_LV_EPICARDIAL	4	1.0	10
40.25300	-8.60862	-39.56331	SAX_LV_EPICARDIAL	4	1.0	10
38.07691	-10.81815	-39.04342	SAX_LV_EPICARDIAL	4	1.0	10
35.90083	-13.02769	-38.52353	SAX_LV_EPICARDIAL	4	1.0	10
32.61090	-15.23723	-38.86206	SAX_LV_EPICARDIAL	4	1.0	10
29.85209	-16.34200	-39.88975	SAX_LV_EPICARDIAL	4	1.0	10
26.56216	-18.55154	-40.22828	SAX_LV_EPICARDIAL	4	1.0	10
23.80335	-19.65631	-41.25597	SAX_LV_EPICARDIAL	4	1.0	10
21.57566	-19.65631	-42.97282	SAX_LV_EPICARDIAL	4	1.0	10
18.81685	-20.76108	-44.00051	SAX_LV_EPICARDIAL	4	1.0	10
16.58916	-20.76108	-45.71735	SAX_LV_EPICARDIAL	4	1.0	10
14.36147	-20.76109	-47.43420	SAX_LV_EPICARDIAL	4	1.0	10
12.13379	-20.76109	-49.15104	SAX_LV_EPICARDIAL	4	1.0	10
20.83813	-11.92294	-51.23060	SAX_LV_ENDOCARDIAL	4	1.0	10
19.14156	-10.81817	-53.63661	SAX_LV_ENDOCARDIAL	4	1.0	10
16.91387	-10.81817	-55.35345	SAX_LV_ENDOCARDIAL	4	1.0	10
15.21731	-9.71341	-57.75945	SAX_LV_ENDOCARDIAL	4	1.0	10
13.52074	-8.60864	-60.16546	SAX_LV_ENDOCARDIAL	4	1.0	10
11.82417	-7.50388	-62.57146	SAX_LV_ENDOCARDIAL	4	1.0	10
10.12760	-6.39911	-64.97746	SAX_LV_ENDOCARDIAL	4	1.0	10
8.96216	-4.18958	-68.07262	SAX_LV_ENDOCARDIAL	4	1.0	10
8.91056	-1.98004	-70.30936	SAX_LV_ENDOCARDIAL	4	1.0	10
8.85895	0.22950	-72.54609	SAX_LV_ENDOCARDIAL	4	1.0	10
9.92120	2.43903	-73.92441	SAX_LV_ENDOCARDIAL	4	1.0	10
10.98344	4.64857	-75.30272	SAX_LV_ENDOCARDIAL	4	1.0	10
12.04568	6.85811	-76.68103	SAX_LV_ENDOCARDIAL	4	1.0	10
13.10792	9.06764	-78.05935	SAX_LV_ENDOCARDIAL	4	1.0	10
15.28401	11.27718	-78.57924	SAX_LV_ENDOCARDIAL	4	1.0	10
18.57394	13.48672	-78.24071	SAX_LV_ENDOCARDIAL	4	1.0	10
21.86387	15.69626	-77.90217	SAX_LV_ENDOCARDIAL	4	1.0	10
24.62268	16.80103	-76.87448	SAX_LV_ENDOCARDIAL	4	1.0	10
27.38149	17.90580	-75.84680	SAX_LV_ENDOCARDIAL	4	1.0	10
29.60917	17.90580	-74.12995	SAX_LV_ENDOCARDIAL	4	1.0	10
31.83686	17.90580	-72.41310	SAX_LV_ENDOCARDIAL	4	1.0	10
34.06455	17.90580	-70.69626	SAX_LV_ENDOCARDIAL	4	1.0	10
36.29224	17.90581	-68.97941	SAX_LV_ENDOCARDIAL	4	1.0	10
37.98881	16.80104	-66.57341	SAX_LV_ENDOCARDIAL	4	1.0	10
39.68538	15.69627	-64.16741	SAX_LV_ENDOCARDIAL	4	1.0	10
40.85082	13.48674	-61.07225	SAX_LV_ENDOCARDIAL	4	1.0	10
42.01627	11.27721	-57.97709	SAX_LV_ENDOCARDIAL	4	1.0	10
42.06787	9.06767	-55.74035	SAX_LV_ENDOCARDIAL	4	1.0	10
42.11947	6.85813	-53.50362	SAX_LV_ENDOCARDIAL	4	1.0	10
41.05723	4.64860	-52.12530	SAX_LV_ENDOCARDIAL	4	1.0	10
39.99499	2.43906	-50.74699	SAX_LV_ENDOCARDIAL	4	1.0	10
38.93275	0.22953	-49.36868	SAX_LV_ENDOCARDIAL	4	1.0	10
36.75666	-1.98001	-48.84879	SAX_LV_ENDOCARDIAL	4	1.0	10
34.58058	-4.18955	-48.32890	SAX_LV_ENDOCARDIAL	4	1.0	10
32.40449	-6.39909	-47.80901	SAX_LV_ENDOCARDIAL	4	1.0	10
29.11456	-8.60863	-48.14754	SAX_LV_ENDOCARDIAL	4	1.0	10
26.35575	-9.71340	-49.17523	SAX_LV_ENDOCARDIAL	4	1.0	10
23.59694	-10.81817	-50.20292	SAX_LV_ENDOCARDIAL	4	1.0	10
-1.91875	4.33770	-84.93715	RV_INSERT	4	1.0	10
6.75005	-22.28333	-51.78663	RV_INSERT	4	1.0	10
-5.09984	-27.29304	-84.38224	SAX_RV_FREEWALL	5	1.0	10
-6.79640	-26.18828	-86.78824	SAX_RV_FREEWALL	5	1.0	10
-8.49297	-25.08351	-89.19424	SAX_RV_FREEWALL	5	1.0	10
-7.43073	-22.87397	-90.57256	SAX_RV_FREEWALL	5	1.0	10
-6.36849	-20.66444	-91.95087	SAX_RV_FREEWALL	5	1.0	10
-4.19240	-18.45490	-92.47076	SAX_RV_FREEWALL	5	1.0	10
-2.01631	-16.24536	-92.99065	SAX_RV_FREEWALL	5	1.0	10
1.27362	-14.03582	-92.65212	SAX_RV_FREEWALL	5	1.0	10
3.44970	-11.82629	-93.17201	SAX_RV_FREEWALL	5	1.0	10
6.73963	-9.61675	-92.83348	SAX_RV_FREEWALL	5	1.0	10
10.02956	-7.40721	-92.49495	SAX_RV_FREEWALL	5	1.0	10
12.78837	-6.30244	-91.46726	SAX_RV_FREEWALL	5	1.0	10
9.27693	-22.87396	-77.69622	SAX_RV_FREEWALL	5	1.0	10
6.51813	-23.97873	-78.72390	SAX_RV_FREEWALL	5	1.0	10
3.75932	-25.08350	-79.75159	SAX_RV_FREEWALL	5	1.0	10
1.00051	-26.18827	-80.77928	SAX_RV_FREEWALL	5	1.0	10
-1.75830	-27.29304	-81.80697	SAX_RV_FREEWALL	5	1.0	10
-3.98599	-27.29304	-83.52382	SAX_RV_FREEWALL	5	1.0	10
-11.14858	-30.60735	-85.74846	SAX_RV_EPICARDIAL	5	1.0	10
-12.84514	-29.50259	-88.15446	SAX_RV_EPICARDIAL	5	1.0	10
-11.78290	-27.29305	-89.53278	SAX_RV_EPICARDIAL	5	1.0	10
-11.83450	-25.08351	-91.76951	SAX_RV_EPICARDIAL	5	1.0	10
-11.88611	-22.87398	-94.00625	SAX_RV_EPICARDIAL	5	1.0	10
-10.82386	-20.66444	-95.38456	SAX_RV_EPICARDIAL	5	1.0	10
-8.64778	-18.45490	-95.90445	SAX_RV_EPICARDIAL	5	1.0	10
-6.47169	-16.24537	-96.42434	SAX_RV_EPICARDIAL	5	1.0	10
-3.18176	-14.03583	-96.08581	SAX_RV_EPICARDIAL	5	1.0	10
0.10817	-11.82629	-95.74728	SAX_RV_EPICARDIAL	5	1.0	10
2.28426	-9.61675	-96.26717	SAX_RV_EPICARDIAL	5	1.0	10
5.57419	-7.40721	-95.92864	SAX_RV_EPICARDIAL	5	1.0	10
8.86412	-5.19767	-95.59011	SAX_RV_EPICARDIAL	5	1.0	10
11.62293	-4.09290	-94.56242	SAX_RV_EPICARDIAL	5	1.0	10
14.38173	-2.98813	-93.53473	SAX_RV_EPICARDIAL	5	1.0	10
16.60942	-2.98813	-91.81788	SAX_RV_EPICARDIAL	5	1.0	10
16.66103	-5.19767	-89.58115	SAX_RV_EPICARDIAL	5	1.0	10
14.84616	-22.87395	-73.40410	SAX_RV_EPICARDIAL	5	1.0	10
13.25279	-26.18826	-71.33663	SAX_RV_EPICARDIAL	5	1.0	10
11.02510	-26.18826	-73.05348	SAX_RV_EPICARDIAL	5	1.0	10
8.79742	-26.18826	-74.77032	SAX_RV_EPICARDIAL	5	1.0	10
6.03861	-27.29303	-75.79801	SAX_RV_EPICARDIAL	5	1.0	10
3.27980	-28.39780	-76.82570	SAX_RV_EPICARDIAL	5	1.0	10
0.52099	-29.50257	-77.85339	SAX_RV_EPICARDIAL	5	1.0	10
-1.70670	-29.50258	-79.57023	SAX_RV_EPICARDIAL	5	1.0	10
-4.46551	-30.60735	-80.59792	SAX_RV_EPICARDIAL	5	1.0	10
-6.69320	-30.60735	-82.31477	SAX_RV_EPICARDIAL	5	1.0	10
-8.92089	-30.60735	-84.03161	SAX_RV_EPICARDIAL	5	1.0	10
15.01606	-6.30244	-89.75041	SAX_RV_SEPTUM	5	1.0	10
15.06766	-8.51197	-87.51368	SAX_RV_SEPTUM	5	1.0	10
14.00542	-10.72151	-86.13536	SAX_RV_SEPTUM	5	1.0	10
12.94318	-12.93104	-84.75705	SAX_RV_SEPTUM	5	1.0	10
12.99478	-15.14058	-82.52031	SAX_RV_SEPTUM	5	1.0	10
13.04638	-17.35012	-80.28358	SAX_RV_SEPTUM	5	1.0	10
14.21183	-19.55965	-77.18842	SAX_RV_SEPTUM	5	1.0	10
14.26343	-21.76919	-74.95168	SAX_RV_SEPTUM	5	1.0	10
13.73231	-22.87395	-74.26252	SAX_RV_SEPTUM	5	1.0	10
11.50462	-22.87396	-75.97937	SAX_RV_SEPTUM	5	1.0	10
19.35313	-25.08348	-67.73367	SAX_LV_EPICARDIAL	5	1.0	10
17.65657	-23.97872	-70.13968	SAX_LV_EPICARDIAL	5	1.0	10
19.95096	-2.98813	-89.24261	SAX_LV_EPICARDIAL	5	1.0	10
22.12704	-0.77859	-89.76250	SAX_LV_EPICARDIAL	5	1.0	10
24.30313	1.43095	-90.28239	SAX_LV_EPICARDIAL	5	1.0	10
27.59306	3.64049	-89.94386	SAX_LV_EPICARDIAL	5	1.0	10
30.35187	4.74526	-88.91617	SAX_LV_EPICARDIAL	5	1.0	10
33.11068	5.85003	-87.88848	SAX_LV_EPICARDIAL	5	1.0	10
35.86949	6.95480	-86.86080	SAX_LV_EPICARDIAL	5	1.0	10
38.09717	6.95480	-85.14395	SAX_LV_EPICARDIAL	5	1.0	10
40.85598	8.05957	-84.11626	SAX_LV_EPICARDIAL	5	1.0	10
43.08367	8.05957	-82.39942	SAX_LV_EPICARDIAL	5	1.0	10
44.78024	6.95481	-79.99341	SAX_LV_EPICARDIAL	5	1.0	10
47.00793	6.95481	-78.27657	SAX_LV_EPICARDIAL	5	1.0	10
48.70450	5.85004	-75.87057	SAX_LV_EPICARDIAL	5	1.0	10
50.40106	4.74528	-73.46456	SAX_LV_EPICARDIAL	5	1.0	10
52.09763	3.64051	-71.05856	SAX_LV_EPICARDIAL	5	1.0	10
53.26308	1.43098	-67.96340	SAX_LV_EPICARDIAL	5	1.0	10
53.31468	-0.77856	-65.72667	SAX_LV_EPICARDIAL	5	1.0	10
53.36628	-2.98809	-63.48993	SAX_LV_EPICARDIAL	5	1.0	10
52.30404	-5.19763	-62.11162	SAX_LV_EPICARDIAL	5	1.0	10
51.24180	-7.40717	-60.73330	SAX_LV_EPICARDIAL	5	1.0	10
50.17956	-9.61670	-59.35499	SAX_LV_EPICARDIAL	5	1.0	10
49.11731	-11.82624	-57.97668	SAX_LV_EPICARDIAL	5	1.0	10
46.94123	-14.03578	-57.45678	SAX_LV_EPICARDIAL	5	1.0	10
44.76514	-16.24532	-56.93689	SAX_LV_EPICARDIAL	5	1.0	10
42.58906	-18.45485	-56.41700	SAX_LV_EPICARDIAL	5	1.0	10
40.41297	-20.66439	-55.89711	SAX_LV_EPICARDIAL	5	1.0	10
37.65416	-21.76916	-56.92480	SAX_LV_EPICARDIAL	5	1.0	10
34.89535	-22.87393	-57.95249	SAX_LV_EPICARDIAL	5	1.0	10
32.13654	-23.97870	-58.98018	SAX_LV_EPICARDIAL	5	1.0	10
29.37773	-25.08347	-60.00787	SAX_LV_EPICARDIAL	5	1.0	10
27.15004	-25.08348	-61.72471	SAX_LV_EPICARDIAL	5	1.0	10
24.92236	-25.08348	-63.44156	SAX_LV_EPICARDIAL	5	1.0	10
22.69467	-25.08348	-65.15841	SAX_LV_EPICARDIAL	5	1.0	10
20.46698	-25.08348	-66.87525	SAX_LV_EPICARDIAL	5	1.0	10
26.94364	-16.24533	-70.67166	SAX_LV_ENDOCARDIAL	5	1.0	10
25.24707	-15.14057	-73.07766	SAX_LV_ENDOCARDIAL	5	1.0	10
24.08162	-12.93103	-76.17282	SAX_LV_ENDOCARDIAL	5	1.0	10
24.03002	-10.72150	-78.40956	SAX_LV_ENDOCARDIAL	5	1.0	10
25.09226	-8.51196	-79.78787	SAX_LV_ENDOCARDIAL	5	1.0	10
26.15450	-6.30242	-81.16618	SAX_LV_ENDOCARDIAL	5	1.0	10
28.33059	-4.09289	-81.68607	SAX_LV_ENDOCARDIAL	5	1.0	10
31.62052	-1.88335	-81.34754	SAX_LV_ENDOCARDIAL	5	1.0	10
34.37933	-0.77858	-80.31985	SAX_LV_ENDOCARDIAL	5	1.0	10
36.60702	-0.77858	-78.60301	SAX_LV_ENDOCARDIAL	5	1.0	10
38.83471	-0.77857	-76.88616	SAX_LV_ENDOCARDIAL	5	1.0	10
40.53127	-1.88334	-74.48016	SAX_LV_ENDOCARDIAL	5	1.0	10
42.22784	-2.98811	-72.07416	SAX_LV_ENDOCARDIAL	5	1.0	10
42.27944	-5.19764	-69.83742	SAX_LV_ENDOCARDIAL	5	1.0	10
42.33104	-7.40718	-67.60068	SAX_LV_ENDOCARDIAL	5	1.0	10
41.26880	-9.61671	-66.22237	SAX_LV_ENDOCARDIAL	5	1.0	10
39.09272	-11.82625	-65.70248	SAX_LV_ENDOCARDIAL	5	1.0	10
36.91663	-14.03579	-65.18259	SAX_LV_ENDOCARDIAL	5	1.0	10
34.15782	-15.14056	-66.21028	SAX_LV_ENDOCARDIAL	5	1.0	10
31.39901	-16.24533	-67.23797	SAX_LV_ENDOCARDIAL	5	1.0	10
29.17132	-16.24533	-68.95481	SAX_LV_ENDOCARDIAL	5	1.0	10
14.35952	-22.49565	-74.15529	RV_INSERT	5	1.0	10
14.67267	-6.29761	-90.01985	RV_INSERT	5	1.0	10
20.26673	-21.67351	-98.86621	SAX_RV_FREEWALL	6	1.0	10
19.10129	-19.46398	-101.96137	SAX_RV_FREEWALL	6	1.0	10
20.16353	-17.25444	-103.33968	SAX_RV_FREEWALL	6	1.0	10
22.92234	-16.14967	-102.31199	SAX_RV_FREEWALL	6	1.0	10
24.61890	-17.25443	-99.90599	SAX_RV_FREEWALL	6	1.0	10
24.67051	-19.46397	-97.66925	SAX_RV_FREEWALL	6	1.0	10
23.60826	-21.67351	-96.29094	SAX_RV_FREEWALL	6	1.0	10
21.38058	-21.67351	-98.00778	SAX_RV_FREEWALL	6	1.0	10
17.55953	-24.98782	-97.65716	SAX_RV_EPICARDIAL	6	1.0	10
15.86296	-23.88305	-100.06316	SAX_RV_EPICARDIAL	6	1.0	10
14.69751	-21.67352	-103.15832	SAX_RV_EPICARDIAL	6	1.0	10
15.75975	-19.46398	-104.53663	SAX_RV_EPICARDIAL	6	1.0	10
17.93584	-17.25444	-105.05653	SAX_RV_EPICARDIAL	6	1.0	10
21.22577	-15.04490	-104.71799	SAX_RV_EPICARDIAL	6	1.0	10
23.45346	-15.04490	-103.00115	SAX_RV_EPICARDIAL	6	1.0	10
25.68115	-15.04490	-101.28430	SAX_RV_EPICARDIAL	6	1.0	10
27.37771	-16.14966	-98.87830	SAX_RV_EPICARDIAL	6	1.0	10
25.30483	-22.77827	-93.88494	SAX_RV_EPICARDIAL	6	1.0	10
23.65987	-23.88304	-94.05420	SAX_RV_EPICARDIAL	6	1.0	10
20.90106	-24.98781	-95.08189	SAX_RV_EPICARDIAL	6	1.0	10
18.67337	-24.98782	-96.79874	SAX_RV_EPICARDIAL	6	1.0	10
30.44614	-28.30211	-84.43019	SAX_LV_EPICARDIAL	6	1.0	10
28.74957	-27.19734	-86.83620	SAX_LV_EPICARDIAL	6	1.0	10
27.58412	-24.98781	-89.93135	SAX_LV_EPICARDIAL	6	1.0	10
27.53252	-22.77827	-92.16809	SAX_LV_EPICARDIAL	6	1.0	10
27.48092	-20.56874	-94.40483	SAX_LV_EPICARDIAL	6	1.0	10
28.54316	-18.35920	-95.78314	SAX_LV_EPICARDIAL	6	1.0	10
30.71925	-16.14966	-96.30303	SAX_LV_EPICARDIAL	6	1.0	10
32.89533	-13.94012	-96.82292	SAX_LV_EPICARDIAL	6	1.0	10
35.07142	-11.73059	-97.34281	SAX_LV_EPICARDIAL	6	1.0	10
38.36135	-9.52105	-97.00428	SAX_LV_EPICARDIAL	6	1.0	10
40.58904	-9.52104	-95.28743	SAX_LV_EPICARDIAL	6	1.0	10
43.34785	-8.41627	-94.25975	SAX_LV_EPICARDIAL	6	1.0	10
45.04441	-9.52104	-91.85374	SAX_LV_EPICARDIAL	6	1.0	10
47.27210	-9.52104	-90.13690	SAX_LV_EPICARDIAL	6	1.0	10
48.43755	-11.73057	-87.04174	SAX_LV_EPICARDIAL	6	1.0	10
48.48915	-13.94011	-84.80500	SAX_LV_EPICARDIAL	6	1.0	10
48.54075	-16.14964	-82.56827	SAX_LV_EPICARDIAL	6	1.0	10
47.47851	-18.35918	-81.18995	SAX_LV_EPICARDIAL	6	1.0	10
46.41627	-20.56872	-79.81164	SAX_LV_EPICARDIAL	6	1.0	10
44.24018	-22.77825	-79.29175	SAX_LV_EPICARDIAL	6	1.0	10
42.06410	-24.98779	-78.77186	SAX_LV_EPICARDIAL	6	1.0	10
38.77417	-27.19733	-79.11039	SAX_LV_EPICARDIAL	6	1.0	10
36.01536	-28.30210	-80.13808	SAX_LV_EPICARDIAL	6	1.0	10
33.78767	-28.30210	-81.85492	SAX_LV_EPICARDIAL	6	1.0	10
31.55998	-28.30211	-83.57177	SAX_LV_EPICARDIAL	6	1.0	10
35.27783	-20.56873	-88.39587	SAX_LV_ENDOCARDIAL	6	1.0	10
35.22623	-18.35919	-90.63260	SAX_LV_ENDOCARDIAL	6	1.0	10
36.28847	-16.14966	-92.01092	SAX_LV_ENDOCARDIAL	6	1.0	10
39.04728	-15.04489	-90.98323	SAX_LV_ENDOCARDIAL	6	1.0	10
41.27497	-15.04488	-89.26638	SAX_LV_ENDOCARDIAL	6	1.0	10
41.32657	-17.25442	-87.02965	SAX_LV_ENDOCARDIAL	6	1.0	10
40.26433	-19.46395	-85.65133	SAX_LV_ENDOCARDIAL	6	1.0	10
37.50552	-20.56873	-86.67902	SAX_LV_ENDOCARDIAL	6	1.0	10
24.55403	-18.73236	-98.48647	RV_INSERT	6	1.0	10
23.78842	-21.25052	-96.57267	RV_INSERT	6	1.0	10
9.75930	18.43177	-31.14758	LAX_LV_ENDOCARDIAL	9	1.0	10
11.56209	16.26343	-32.53896	LAX_LV_ENDOCARDIAL	9	1.0	10
13.36488	14.09510	-33.93035	LAX_LV_ENDOCARDIAL	9	1.0	10
15.16768	11.92676	-35.32174	LAX_LV_ENDOCARDIAL	9	1.0	10
16.97047	9.75843	-36.71312	LAX_LV_ENDOCARDIAL	9	1.0	10
18.71821	7.55494	-36.69978	LAX_LV_ENDOCARDIAL	9	1.0	10
20.46596	5.35145	-36.68643	LAX_LV_ENDOCARDIAL	9	1.0	10
22.15866	3.11282	-35.26835	LAX_LV_ENDOCARDIAL	9	1.0	10
23.90641	0.90933	-35.25501	LAX_LV_ENDOCARDIAL	9	1.0	10
25.70920	-1.25901	-36.64639	LAX_LV_ENDOCARDIAL	9	1.0	10
27.45695	-3.46249	-36.63305	LAX_LV_ENDOCARDIAL	9	1.0	10
29.31478	-5.59568	-39.42917	LAX_LV_ENDOCARDIAL	9	1.0	10
31.17262	-7.72886	-42.22529	LAX_LV_ENDOCARDIAL	9	1.0	10
31.28271	-7.65856	-45.03475	LAX_LV_ENDOCARDIAL	9	1.0	10
31.39280	-7.58825	-47.84422	LAX_LV_ENDOCARDIAL	9	1.0	10
32.37676	-8.61969	-50.64701	LAX_LV_ENDOCARDIAL	9	1.0	10
33.36072	-9.65113	-53.44980	LAX_LV_ENDOCARDIAL	9	1.0	10
34.34468	-10.68257	-56.25260	LAX_LV_ENDOCARDIAL	9	1.0	10
35.32865	-11.71401	-59.05539	LAX_LV_ENDOCARDIAL	9	1.0	10
35.43873	-11.64371	-61.86485	LAX_LV_ENDOCARDIAL	9	1.0	10
36.42270	-12.67515	-64.66765	LAX_LV_ENDOCARDIAL	9	1.0	10
37.40666	-13.70659	-67.47044	LAX_LV_ENDOCARDIAL	9	1.0	10
37.51675	-13.63628	-70.27990	LAX_LV_ENDOCARDIAL	9	1.0	10
38.50071	-14.66772	-73.08270	LAX_LV_ENDOCARDIAL	9	1.0	10
39.48467	-15.69916	-75.88549	LAX_LV_ENDOCARDIAL	9	1.0	10
39.59476	-15.62886	-78.69495	LAX_LV_ENDOCARDIAL	9	1.0	10
39.70485	-15.55855	-81.50442	LAX_LV_ENDOCARDIAL	9	1.0	10
40.68881	-16.58999	-84.30721	LAX_LV_ENDOCARDIAL	9	1.0	10
40.79890	-16.51969	-87.11668	LAX_LV_ENDOCARDIAL	9	1.0	10
40.03512	-15.34764	-89.93281	LAX_LV_ENDOCARDIAL	9	1.0	10
39.21629	-14.21075	-91.34422	LAX_LV_ENDOCARDIAL	9	1.0	10
37.46854	-12.00726	-91.35757	LAX_LV_ENDOCARDIAL	9	1.0	10
35.66575	-9.83893	-89.96618	LAX_LV_ENDOCARDIAL	9	1.0	10
33.86296	-7.67059	-88.57479	LAX_LV_ENDOCARDIAL	9	1.0	10
32.06017	-5.50226	-87.18341	LAX_LV_ENDOCARDIAL	9	1.0	10
30.25738	-3.33392	-85.79202	LAX_LV_ENDOCARDIAL	9	1.0	10
28.45459	-1.16559	-84.40063	LAX_LV_ENDOCARDIAL	9	1.0	10
26.65180	1.00275	-83.00924	LAX_LV_ENDOCARDIAL	9	1.0	10
24.84901	3.17108	-81.61786	LAX_LV_ENDOCARDIAL	9	1.0	10
23.10126	5.37457	-81.63120	LAX_LV_ENDOCARDIAL	9	1.0	10
21.29847	7.54291	-80.23982	LAX_LV_ENDOCARDIAL	9	1.0	10
19.49568	9.71124	-78.84843	LAX_LV_ENDOCARDIAL	9	1.0	10
17.69289	11.87958	-77.45704	LAX_LV_ENDOCARDIAL	9	1.0	10
15.89010	14.04791	-76.06566	LAX_LV_ENDOCARDIAL	9	1.0	10
14.08730	16.21625	-74.67427	LAX_LV_ENDOCARDIAL	9	1.0	10
12.33956	18.41973	-74.68762	LAX_LV_ENDOCARDIAL	9	1.0	10
10.48172	20.55292	-71.89150	LAX_LV_ENDOCARDIAL	9	1.0	10
8.67893	22.72125	-70.50011	LAX_LV_ENDOCARDIAL	9	1.0	10
6.87614	24.88959	-69.10872	LAX_LV_ENDOCARDIAL	9	1.0	10
5.01830	27.02277	-66.31260	LAX_LV_ENDOCARDIAL	9	1.0	10
3.21551	29.19110	-64.92122	LAX_LV_ENDOCARDIAL	9	1.0	10
1.46777	31.39459	-64.93456	LAX_LV_ENDOCARDIAL	9	1.0	10
-0.33503	33.56293	-63.54317	LAX_LV_ENDOCARDIAL	9	1.0	10
-2.08277	35.76641	-63.55652	LAX_LV_ENDOCARDIAL	9	1.0	10
19.09669	6.13683	-24.05051	LAX_LV_EPICARDIAL	9	1.0	10
20.89948	3.96850	-25.44190	LAX_LV_EPICARDIAL	9	1.0	10
22.64722	1.76501	-25.42855	LAX_LV_EPICARDIAL	9	1.0	10
24.45001	-0.40333	-26.81994	LAX_LV_EPICARDIAL	9	1.0	10
26.19776	-2.60681	-26.80659	LAX_LV_EPICARDIAL	9	1.0	10
28.00055	-4.77515	-28.19798	LAX_LV_EPICARDIAL	9	1.0	10
29.74830	-6.97864	-28.18463	LAX_LV_EPICARDIAL	9	1.0	10
31.55109	-9.14697	-29.57602	LAX_LV_EPICARDIAL	9	1.0	10
33.40893	-11.28015	-32.37214	LAX_LV_EPICARDIAL	9	1.0	10
34.39289	-12.31159	-35.17493	LAX_LV_EPICARDIAL	9	1.0	10
36.25072	-14.44478	-37.97105	LAX_LV_EPICARDIAL	9	1.0	10
37.23469	-15.47622	-40.77384	LAX_LV_EPICARDIAL	9	1.0	10
38.21865	-16.50766	-43.57664	LAX_LV_EPICARDIAL	9	1.0	10
39.20261	-17.53909	-46.37943	LAX_LV_EPICARDIAL	9	1.0	10
39.31270	-17.46879	-49.18889	LAX_LV_EPICARDIAL	9	1.0	10
40.29666	-18.50023	-51.99169	LAX_LV_EPICARDIAL	9	1.0	10
40.40675	-18.42993	-54.80115	LAX_LV_EPICARDIAL	9	1.0	10
41.39071	-19.46137	-57.60395	LAX_LV_EPICARDIAL	9	1.0	10
42.37468	-20.49281	-60.40674	LAX_LV_EPICARDIAL	9	1.0	10
42.48477	-20.42250	-63.21620	LAX_LV_EPICARDIAL	9	1.0	10
43.46873	-21.45394	-66.01900	LAX_LV_EPICARDIAL	9	1.0	10
44.45269	-22.48538	-68.82179	LAX_LV_EPICARDIAL	9	1.0	10
44.56278	-22.41508	-71.63125	LAX_LV_EPICARDIAL	9	1.0	10
44.67287	-22.34477	-74.44072	LAX_LV_EPICARDIAL	9	1.0	10
44.78296	-22.27447	-77.25018	LAX_LV_EPICARDIAL	9	1.0	10
44.89305	-22.20417	-80.05965	LAX_LV_EPICARDIAL	9	1.0	10
45.00314	-22.13386	-82.86911	LAX_LV_EPICARDIAL	9	1.0	10
45.11323	-22.06356	-85.67858	LAX_LV_EPICARDIAL	9	1.0	10
45.22331	-21.99326	-88.48804	LAX_LV_EPICARDIAL	9	1.0	10
44.45953	-20.82121	-91.30418	LAX_LV_EPICARDIAL	9	1.0	10
44.56962	-20.75090	-94.11365	LAX_LV_EPICARDIAL	9	1.0	10
43.80584	-19.57886	-96.92979	LAX_LV_EPICARDIAL	9	1.0	10
42.16818	-17.30507	-99.75260	LAX_LV_EPICARDIAL	9	1.0	10
40.47548	-15.06643	-101.17068	LAX_LV_EPICARDIAL	9	1.0	10
38.72773	-12.86294	-101.18402	LAX_LV_EPICARDIAL	9	1.0	10
36.92494	-10.69461	-99.79264	LAX_LV_EPICARDIAL	9	1.0	10
35.17719	-8.49112	-99.80598	LAX_LV_EPICARDIAL	9	1.0	10
33.37440	-6.32278	-98.41459	LAX_LV_EPICARDIAL	9	1.0	10
31.62665	-4.11930	-98.42794	LAX_LV_EPICARDIAL	9	1.0	10
29.82386	-1.95096	-97.03655	LAX_LV_EPICARDIAL	9	1.0	10
28.02107	0.21737	-95.64517	LAX_LV_EPICARDIAL	9	1.0	10
26.27333	2.42086	-95.65851	LAX_LV_EPICARDIAL	9	1.0	10
24.47053	4.58919	-94.26712	LAX_LV_EPICARDIAL	9	1.0	10
22.72279	6.79268	-94.28047	LAX_LV_EPICARDIAL	9	1.0	10
20.92000	8.96102	-92.88908	LAX_LV_EPICARDIAL	9	1.0	10
19.11721	11.12935	-91.49770	LAX_LV_EPICARDIAL	9	1.0	10
17.31441	13.29769	-90.10631	LAX_LV_EPICARDIAL	9	1.0	10
15.56667	15.50117	-90.11966	LAX_LV_EPICARDIAL	9	1.0	10
13.76388	17.66951	-88.72827	LAX_LV_EPICARDIAL	9	1.0	10
11.96109	19.83784	-87.33688	LAX_LV_EPICARDIAL	9	1.0	10
10.21334	22.04133	-87.35023	LAX_LV_EPICARDIAL	9	1.0	10
8.41055	24.20967	-85.95884	LAX_LV_EPICARDIAL	9	1.0	10
6.60776	26.37800	-84.56745	LAX_LV_EPICARDIAL	9	1.0	10
4.80497	28.54634	-83.17607	LAX_LV_EPICARDIAL	9	1.0	10
3.00217	30.71467	-81.78468	LAX_LV_EPICARDIAL	9	1.0	10
1.19938	32.88301	-80.39329	LAX_LV_EPICARDIAL	9	1.0	10
-0.65845	35.01619	-77.59717	LAX_LV_EPICARDIAL	9	1.0	10
-2.51629	37.14937	-74.80105	LAX_LV_EPICARDIAL	9	1.0	10
-3.50025	38.18081	-71.99826	LAX_LV_EPICARDIAL	9	1.0	10
-3.61034	38.11051	-69.18880	LAX_LV_EPICARDIAL	9	1.0	10
-2.84656	36.93846	-66.37266	LAX_LV_EPICARDIAL	9	1.0	10
-2.08277	35.76641	-63.55652	LAX_LV_EPICARDIAL	9	1.0	10
8.72030	19.42806	-26.94005	LAX_LV_EPICARDIAL	9	1.0	10
10.41300	17.18942	-25.52197	LAX_LV_EPICARDIAL	9	1.0	10
12.10570	14.95078	-24.10389	LAX_LV_EPICARDIAL	9	1.0	10
13.85345	12.74729	-24.09055	LAX_LV_EPICARDIAL	9	1.0	10
15.60119	10.54380	-24.07720	LAX_LV_EPICARDIAL	9	1.0	10
17.34894	8.34032	-24.06386	LAX_LV_EPICARDIAL	9	1.0	10
6.93713	21.93294	-30.40426	MITRAL_VALVE	9	1.0	10
-1.65516	34.94634	-59.77729	MITRAL_VALVE	9	1.0	10
43.59469	-19.28245	-97.33731	APEX_POINT	9	1.0	10
-7.67680	37.17344	12.27902	LAX_LA	9	1.0	10
-5.87401	35.00511	10.88764	LAX_LA	9	1.0	10
-4.07122	32.83677	9.49625	LAX_LA	9	1.0	10
-2.21338	30.70359	6.70013	LAX_LA	9	1.0	10
-0.35554	28.57040	3.90401	LAX_LA	9	1.0	10
-0.24546	28.64071	1.09455	LAX_LA	9	1.0	10
0.73851	27.60927	-1.70825	LAX_LA	9	1.0	10
1.72247	26.57783	-4.51104	LAX_LA	9	1.0	10
2.70643	25.54639	-7.31383	LAX_LA	9	1.0	10
4.56427	23.41321	-10.10995	LAX_LA	9	1.0	10
5.54823	22.38177	-12.91274	LAX_LA	9	1.0	10
5.65832	22.45207	-15.72221	LAX_LA	9	1.0	10
5.76841	22.52237	-18.53167	LAX_LA	9	1.0	10
5.87850	22.59268	-21.34114	LAX_LA	9	1.0	10
6.86246	21.56124	-24.14393	LAX_LA	9	1.0	10
6.97255	21.63154	-26.95340	LAX_LA	9	1.0	10
-3.06673	36.79785	-60.75373	LAX_LA	9	1.0	10
-4.86953	38.96619	-59.36234	LAX_LA	9	1.0	10
-6.67232	41.13452	-57.97095	LAX_LA	9	1.0	10
-8.53015	43.26771	-55.17483	LAX_LA	9	1.0	10
-9.51411	44.29915	-52.37204	LAX_LA	9	1.0	10
-10.49808	45.33058	-49.56925	LAX_LA	9	1.0	10
-11.48204	46.36202	-46.76646	LAX_LA	9	1.0	10
-12.46600	47.39346	-43.96367	LAX_LA	9	1.0	10
-13.44996	48.42490	-41.16087	LAX_LA	9	1.0	10
-13.56005	48.35460	-38.35141	LAX_LA	9	1.0	10
-13.67014	48.28430	-35.54194	LAX_LA	9	1.0	10
-13.78023	48.21399	-32.73248	LAX_LA	9	1.0	10
-14.76419	49.24543	-29.92968	LAX_LA	9	1.0	10
-14.87428	49.17513	-27.12022	LAX_LA	9	1.0	10
-15.85825	50.20657	-24.31743	LAX_LA	9	1.0	10
-15.96833	50.13626	-21.50796	LAX_LA	9	1.0	10
-16.07842	50.06596	-18.69850	LAX_LA	9	1.0	10
-16.18851	49.99566	-15.88903	LAX_LA	9	1.0	10
-16.29860	49.92535	-13.07957	LAX_LA	9	1.0	10
-16.40869	49.85505	-10.27010	LAX_LA	9	1.0	10
-16.51878	49.78475	-7.46063	LAX_LA	9	1.0	10
-16.62887	49.71444	-4.65117	LAX_LA	9	1.0	10
-15.86509	48.54239	-1.83503	LAX_LA	9	1.0	10
-15.97517	48.47209	0.97443	LAX_LA	9	1.0	10
-15.21139	47.30004	3.79057	LAX_LA	9	1.0	10
-13.57373	45.02625	6.61338	LAX_LA	9	1.0	10
-11.93608	42.75246	9.43619	LAX_LA	9	1.0	10
-10.24337	40.51382	10.85427	LAX_LA	9	1.0	10
-8.55067	38.27518	12.27235	LAX_LA	9	1.0	10
-21.67630	-13.23886	-14.38911	LAX_RV_FREEWALL	8	1.0	1.0
-20.43025	-15.95576	-17.01325	LAX_RV_FREEWALL	8	1.0	1.0
-18.90528	-17.31421	-19.40423	LAX_RV_FREEWALL	8	1.0	1.0
-17.10140	-17.31421	-21.56204	LAX_RV_FREEWALL	8	1.0	1.0
-15.57643	-18.67266	-23.95302	LAX_RV_FREEWALL	8	1.0	1.0
-14.05146	-20.03111	-26.34400	LAX_RV_FREEWALL	8	1.0	1.0
-12.52649	-21.38956	-28.73498	LAX_RV_FREEWALL	8	1.0	1.0
-10.72261	-21.38956	-30.89280	LAX_RV_FREEWALL	8	1.0	1.0
-9.19764	-22.74801	-33.28378	LAX_RV_FREEWALL	8	1.0	1.0
-7.39376	-22.74801	-35.44160	LAX_RV_FREEWALL	8	1.0	1.0
-5.58988	-22.74802	-37.59941	LAX_RV_FREEWALL	8	1.0	1.0
-3.78600	-22.74802	-39.75723	LAX_RV_FREEWALL	8	1.0	1.0
-1.98212	-22.74802	-41.91505	LAX_RV_FREEWALL	8	1.0	1.0
-0.17824	-22.74802	-44.07287	LAX_RV_FREEWALL	8	1.0	1.0
1.62565	-22.74802	-46.23068	LAX_RV_FREEWALL	8	1.0	1.0
3.42953	-22.74802	-48.38850	LAX_RV_FREEWALL	8	1.0	1.0
4.95450	-24.10648	-50.77948	LAX_RV_FREEWALL	8	1.0	1.0
6.75838	-24.10648	-52.93730	LAX_RV_FREEWALL	8	1.0	1.0
8.84117	-22.74803	-54.86195	LAX_RV_FREEWALL	8	1.0	1.0
-9.11434	-9.16352	-27.71543	LAX_RV_FREEWALL	8	1.0	1.0
-10.91822	-9.16352	-25.55762	LAX_RV_FREEWALL	8	1.0	1.0
-12.72210	-9.16352	-23.39980	LAX_RV_FREEWALL	8	1.0	1.0
-14.52598	-9.16352	-21.24198	LAX_RV_FREEWALL	8	1.0	1.0
-16.05095	-7.80507	-18.85100	LAX_RV_FREEWALL	8	1.0	1.0
-17.85483	-7.80506	-16.69318	LAX_RV_FREEWALL	8	1.0	1.0
-19.93762	-9.16351	-14.76853	LAX_RV_FREEWALL	8	1.0	1.0
-21.39739	-11.88041	-14.15594	LAX_RV_FREEWALL	8	1.0	1.0
-24.66104	-14.59730	-11.38554	LAX_RV_EPICARDIAL	8	1.0	1.0
-23.41498	-17.31420	-14.00968	LAX_RV_EPICARDIAL	8	1.0	1.0
-21.89001	-18.67265	-16.40066	LAX_RV_EPICARDIAL	8	1.0	1.0
-20.36504	-20.03110	-18.79164	LAX_RV_EPICARDIAL	8	1.0	1.0
-18.84008	-21.38955	-21.18262	LAX_RV_EPICARDIAL	8	1.0	1.0
-17.31511	-22.74800	-23.57360	LAX_RV_EPICARDIAL	8	1.0	1.0
-15.51123	-22.74801	-25.73142	LAX_RV_EPICARDIAL	8	1.0	1.0
-13.98626	-24.10646	-28.12240	LAX_RV_EPICARDIAL	8	1.0	1.0
-12.46129	-25.46491	-30.51338	LAX_RV_EPICARDIAL	8	1.0	1.0
-10.65741	-25.46491	-32.67119	LAX_RV_EPICARDIAL	8	1.0	1.0
-8.85353	-25.46491	-34.82901	LAX_RV_EPICARDIAL	8	1.0	1.0
-7.32856	-26.82336	-37.21999	LAX_RV_EPICARDIAL	8	1.0	1.0
-5.52468	-26.82336	-39.37781	LAX_RV_EPICARDIAL	8	1.0	1.0
-3.72080	-26.82336	-41.53563	LAX_RV_EPICARDIAL	8	1.0	1.0
-1.91691	-26.82337	-43.69344	LAX_RV_EPICARDIAL	8	1.0	1.0
0.16588	-25.46492	-45.61810	LAX_RV_EPICARDIAL	8	1.0	1.0
1.96976	-25.46492	-47.77592	LAX_RV_EPICARDIAL	8	1.0	1.0
3.77364	-25.46492	-49.93373	LAX_RV_EPICARDIAL	8	1.0	1.0
5.57752	-25.46492	-52.09155	LAX_RV_EPICARDIAL	8	1.0	1.0
7.38140	-25.46493	-54.24937	LAX_RV_EPICARDIAL	8	1.0	1.0
9.18529	-25.46493	-56.40719	LAX_RV_EPICARDIAL	8	1.0	1.0
-6.75263	-6.44663	-29.40693	LAX_RV_EPICARDIAL	8	1.0	1.0
-10.08148	-5.08817	-24.85813	LAX_RV_EPICARDIAL	8	1.0	1.0
-12.16427	-6.44662	-22.93348	LAX_RV_EPICARDIAL	8	1.0	1.0
-13.96815	-6.44662	-20.77566	LAX_RV_EPICARDIAL	8	1.0	1.0
-15.77204	-6.44662	-18.61784	LAX_RV_EPICARDIAL	8	1.0	1.0
-19.65871	-7.80506	-14.53537	LAX_RV_EPICARDIAL	8	1.0	1.0
-21.74150	-9.16351	-12.61071	LAX_RV_EPICARDIAL	8	1.0	1.0
-23.20127	-11.88041	-11.99813	LAX_RV_EPICARDIAL	8	1.0	1.0
10.02202	-21.38958	-55.70770	LAX_RV_SEPTUM	8	1.0	1.0
8.49706	-20.03113	-53.31672	LAX_RV_SEPTUM	8	1.0	1.0
6.97209	-18.67268	-50.92574	LAX_RV_SEPTUM	8	1.0	1.0
5.44712	-17.31423	-48.53476	LAX_RV_SEPTUM	8	1.0	1.0
3.92215	-15.95578	-46.14378	LAX_RV_SEPTUM	8	1.0	1.0
2.39718	-14.59733	-43.75280	LAX_RV_SEPTUM	8	1.0	1.0
0.87221	-13.23888	-41.36182	LAX_RV_SEPTUM	8	1.0	1.0
-0.65276	-11.88043	-38.97085	LAX_RV_SEPTUM	8	1.0	1.0
-2.17772	-10.52198	-36.57987	LAX_RV_SEPTUM	8	1.0	1.0
-3.70269	-9.16353	-34.18889	LAX_RV_SEPTUM	8	1.0	1.0
-5.22766	-7.80508	-31.79791	LAX_RV_SEPTUM	8	1.0	1.0
-7.03154	-7.80508	-29.64009	LAX_RV_SEPTUM	8	1.0	1.0
-7.09674	-3.72973	-27.86170	LAX_LV_EPICARDIAL	8	1.0	1.0
12.44893	-22.74803	-59.17759	LAX_LV_EPICARDIAL	8	1.0	1.0
13.97390	-24.10648	-61.56857	LAX_LV_EPICARDIAL	8	1.0	1.0
15.77778	-24.10649	-63.72639	LAX_LV_EPICARDIAL	8	1.0	1.0
17.58166	-24.10649	-65.88420	LAX_LV_EPICARDIAL	8	1.0	1.0
19.10663	-25.46494	-68.27518	LAX_LV_EPICARDIAL	8	1.0	1.0
20.91051	-25.46494	-70.43300	LAX_LV_EPICARDIAL	8	1.0	1.0
22.43548	-26.82339	-72.82398	LAX_LV_EPICARDIAL	8	1.0	1.0
24.23936	-26.82339	-74.98180	LAX_LV_EPICARDIAL	8	1.0	1.0
26.04324	-26.82339	-77.13961	LAX_LV_EPICARDIAL	8	1.0	1.0
27.56821	-28.18184	-79.53059	LAX_LV_EPICARDIAL	8	1.0	1.0
29.65101	-26.82340	-81.45525	LAX_LV_EPICARDIAL	8	1.0	1.0
31.45489	-26.82340	-83.61307	LAX_LV_EPICARDIAL	8	1.0	1.0
33.25877	-26.82340	-85.77088	LAX_LV_EPICARDIAL	8	1.0	1.0
35.06265	-26.82340	-87.92870	LAX_LV_EPICARDIAL	8	1.0	1.0
37.14544	-25.46496	-89.85336	LAX_LV_EPICARDIAL	8	1.0	1.0
39.22824	-24.10651	-91.77801	LAX_LV_EPICARDIAL	8	1.0	1.0
41.58995	-21.38961	-93.46951	LAX_LV_EPICARDIAL	8	1.0	1.0
43.95165	-18.67272	-95.16100	LAX_LV_EPICARDIAL	8	1.0	1.0
45.41142	-15.95582	-95.77359	LAX_LV_EPICARDIAL	8	1.0	1.0
45.96924	-13.23892	-95.30726	LAX_LV_EPICARDIAL	8	1.0	1.0
46.52707	-10.52203	-94.84094	LAX_LV_EPICARDIAL	8	1.0	1.0
46.18296	-7.80513	-93.29571	LAX_LV_EPICARDIAL	8	1.0	1.0
45.83884	-5.08823	-91.75047	LAX_LV_EPICARDIAL	8	1.0	1.0
45.49473	-2.37133	-90.20524	LAX_LV_EPICARDIAL	8	1.0	1.0
45.15061	0.34557	-88.66001	LAX_LV_EPICARDIAL	8	1.0	1.0
44.80650	3.06247	-87.11478	LAX_LV_EPICARDIAL	8	1.0	1.0
44.46238	5.77937	-85.56954	LAX_LV_EPICARDIAL	8	1.0	1.0
44.11827	8.49626	-84.02431	LAX_LV_EPICARDIAL	8	1.0	1.0
43.77415	11.21316	-82.47908	LAX_LV_EPICARDIAL	8	1.0	1.0
43.43004	13.93006	-80.93385	LAX_LV_EPICARDIAL	8	1.0	1.0
43.08592	16.64696	-79.38861	LAX_LV_EPICARDIAL	8	1.0	1.0
42.74181	19.36386	-77.84338	LAX_LV_EPICARDIAL	8	1.0	1.0
42.39769	22.08076	-76.29815	LAX_LV_EPICARDIAL	8	1.0	1.0
41.15163	24.79765	-73.67401	LAX_LV_EPICARDIAL	8	1.0	1.0
40.80752	27.51455	-72.12877	LAX_LV_EPICARDIAL	8	1.0	1.0
40.46340	30.23145	-70.58354	LAX_LV_EPICARDIAL	8	1.0	1.0
39.21735	32.94835	-67.95940	LAX_LV_EPICARDIAL	8	1.0	1.0
37.97129	35.66525	-65.33526	LAX_LV_EPICARDIAL	8	1.0	1.0
36.72524	38.38215	-62.71112	LAX_LV_EPICARDIAL	8	1.0	1.0
35.47918	41.09905	-60.08698	LAX_LV_EPICARDIAL	8	1.0	1.0
33.95421	42.45750	-57.69600	LAX_LV_EPICARDIAL	8	1.0	1.0
32.42925	43.81595	-55.30502	LAX_LV_EPICARDIAL	8	1.0	1.0
30.90428	45.17440	-52.91404	LAX_LV_EPICARDIAL	8	1.0	1.0
29.10040	45.17440	-50.75622	LAX_LV_EPICARDIAL	8	1.0	1.0
27.57543	46.53285	-48.36524	LAX_LV_EPICARDIAL	8	1.0	1.0
25.77155	46.53285	-46.20742	LAX_LV_EPICARDIAL	8	1.0	1.0
23.96766	46.53286	-44.04961	LAX_LV_EPICARDIAL	8	1.0	1.0
21.88487	45.17441	-42.12495	LAX_LV_EPICARDIAL	8	1.0	1.0
-2.35523	19.36390	-23.89794	LAX_LV_EPICARDIAL	8	1.0	1.0
-4.17721	1.70407	-29.08686	LAX_LV_ENDOCARDIAL	8	1.0	1.0
-2.09442	3.06251	-31.01152	LAX_LV_ENDOCARDIAL	8	1.0	1.0
-0.01162	4.42096	-32.93618	LAX_LV_ENDOCARDIAL	8	1.0	1.0
2.07117	5.77941	-34.86083	LAX_LV_ENDOCARDIAL	8	1.0	1.0
3.87505	5.77940	-37.01865	LAX_LV_ENDOCARDIAL	8	1.0	1.0
5.67893	5.77940	-39.17647	LAX_LV_ENDOCARDIAL	8	1.0	1.0
6.92499	3.06250	-41.80061	LAX_LV_ENDOCARDIAL	8	1.0	1.0
8.17104	0.34560	-44.42475	LAX_LV_ENDOCARDIAL	8	1.0	1.0
9.69601	-1.01285	-46.81573	LAX_LV_ENDOCARDIAL	8	1.0	1.0
10.94207	-3.72975	-49.43987	LAX_LV_ENDOCARDIAL	8	1.0	1.0
12.46704	-5.08820	-51.83085	LAX_LV_ENDOCARDIAL	8	1.0	1.0
13.71309	-7.80510	-54.45499	LAX_LV_ENDOCARDIAL	8	1.0	1.0
15.23806	-9.16355	-56.84597	LAX_LV_ENDOCARDIAL	8	1.0	1.0
16.76303	-10.52200	-59.23695	LAX_LV_ENDOCARDIAL	8	1.0	1.0
18.28800	-11.88045	-61.62793	LAX_LV_ENDOCARDIAL	8	1.0	1.0
20.09188	-11.88045	-63.78575	LAX_LV_ENDOCARDIAL	8	1.0	1.0
21.61685	-13.23890	-66.17673	LAX_LV_ENDOCARDIAL	8	1.0	1.0
23.42073	-13.23890	-68.33454	LAX_LV_ENDOCARDIAL	8	1.0	1.0
24.94570	-14.59735	-70.72552	LAX_LV_ENDOCARDIAL	8	1.0	1.0
26.47067	-15.95580	-73.11650	LAX_LV_ENDOCARDIAL	8	1.0	1.0
28.27455	-15.95580	-75.27432	LAX_LV_ENDOCARDIAL	8	1.0	1.0
29.79952	-17.31425	-77.66530	LAX_LV_ENDOCARDIAL	8	1.0	1.0
31.60340	-17.31426	-79.82312	LAX_LV_ENDOCARDIAL	8	1.0	1.0
33.40728	-17.31426	-81.98093	LAX_LV_ENDOCARDIAL	8	1.0	1.0
35.21116	-17.31426	-84.13875	LAX_LV_ENDOCARDIAL	8	1.0	1.0
37.01504	-17.31426	-86.29657	LAX_LV_ENDOCARDIAL	8	1.0	1.0
38.81892	-17.31426	-88.45439	LAX_LV_ENDOCARDIAL	8	1.0	1.0
41.18063	-14.59737	-90.14588	LAX_LV_ENDOCARDIAL	8	1.0	1.0
39.93457	-11.88047	-87.52174	LAX_LV_ENDOCARDIAL	8	1.0	1.0
38.68852	-9.16357	-84.89760	LAX_LV_ENDOCARDIAL	8	1.0	1.0
37.44246	-6.44667	-82.27346	LAX_LV_ENDOCARDIAL	8	1.0	1.0
36.19641	-3.72977	-79.64932	LAX_LV_ENDOCARDIAL	8	1.0	1.0
35.85229	-1.01287	-78.10408	LAX_LV_ENDOCARDIAL	8	1.0	1.0
34.60624	1.70403	-75.47994	LAX_LV_ENDOCARDIAL	8	1.0	1.0
34.26212	4.42093	-73.93471	LAX_LV_ENDOCARDIAL	8	1.0	1.0
33.01606	7.13783	-71.31057	LAX_LV_ENDOCARDIAL	8	1.0	1.0
31.77001	9.85472	-68.68643	LAX_LV_ENDOCARDIAL	8	1.0	1.0
30.52395	12.57162	-66.06229	LAX_LV_ENDOCARDIAL	8	1.0	1.0
30.17984	15.28852	-64.51705	LAX_LV_ENDOCARDIAL	8	1.0	1.0
29.83572	18.00542	-62.97182	LAX_LV_ENDOCARDIAL	8	1.0	1.0
30.39355	20.72232	-62.50550	LAX_LV_ENDOCARDIAL	8	1.0	1.0
29.14749	23.43922	-59.88136	LAX_LV_ENDOCARDIAL	8	1.0	1.0
27.90144	26.15612	-57.25721	LAX_LV_ENDOCARDIAL	8	1.0	1.0
26.37647	27.51457	-54.86623	LAX_LV_ENDOCARDIAL	8	1.0	1.0
25.13041	30.23147	-52.24209	LAX_LV_ENDOCARDIAL	8	1.0	1.0
23.60545	31.58992	-49.85111	LAX_LV_ENDOCARDIAL	8	1.0	1.0
22.08048	32.94837	-47.46013	LAX_LV_ENDOCARDIAL	8	1.0	1.0
20.83442	35.66527	-44.83599	LAX_LV_ENDOCARDIAL	8	1.0	1.0
19.30945	37.02372	-42.44501	LAX_LV_ENDOCARDIAL	8	1.0	1.0
-2.35523	19.36390	-23.89794	LAX_LV_ENDOCARDIAL	8	1.0	1.0
-24.66104	-14.59730	-11.38554	LAX_RV_EPICARDIAL	8	1.0	1.0
-23.41498	-17.31420	-14.00968	LAX_RV_EPICARDIAL	8	1.0	1.0
-21.89001	-18.67265	-16.40066	LAX_RV_EPICARDIAL	8	1.0	1.0
-20.36504	-20.03110	-18.79164	LAX_RV_EPICARDIAL	8	1.0	1.0
-18.84008	-21.38955	-21.18262	LAX_RV_EPICARDIAL	8	1.0	1.0
-17.31511	-22.74800	-23.57360	LAX_RV_EPICARDIAL	8	1.0	1.0
-15.51123	-22.74801	-25.73142	LAX_RV_EPICARDIAL	8	1.0	1.0
-13.98626	-24.10646	-28.12240	LAX_RV_EPICARDIAL	8	1.0	1.0
-12.46129	-25.46491	-30.51338	LAX_RV_EPICARDIAL	8	1.0	1.0
-10.65741	-25.46491	-32.67119	LAX_RV_EPICARDIAL	8	1.0	1.0
-8.85353	-25.46491	-34.82901	LAX_RV_EPICARDIAL	8	1.0	1.0
-7.32856	-26.82336	-37.21999	LAX_RV_EPICARDIAL	8	1.0	1.0
-5.52468	-26.82336	-39.37781	LAX_RV_EPICARDIAL	8	1.0	1.0
-3.72080	-26.82336	-41.53563	LAX_RV_EPICARDIAL	8	1.0	1.0
-1.91691	-26.82337	-43.69344	LAX_RV_EPICARDIAL	8	1.0	1.0
0.16588	-25.46492	-45.61810	LAX_RV_EPICARDIAL	8	1.0	1.0
1.96976	-25.46492	-47.77592	LAX_RV_EPICARDIAL	8	1.0	1.0
3.77364	-25.46492	-49.93373	LAX_RV_EPICARDIAL	8	1.0	1.0
5.57752	-25.46492	-52.09155	LAX_RV_EPICARDIAL	8	1.0	1.0
7.38140	-25.46493	-54.24937	LAX_RV_EPICARDIAL	8	1.0	1.0
9.18529	-25.46493	-56.40719	LAX_RV_EPICARDIAL	8	1.0	1.0
-6.75263	-6.44663	-29.40693	LAX_RV_EPICARDIAL	8	1.0	1.0
-10.08148	-5.08817	-24.85813	LAX_RV_EPICARDIAL	8	1.0	1.0
-12.16427	-6.44662	-22.93348	LAX_RV_EPICARDIAL	8	1.0	1.0
-13.96815	-6.44662	-20.77566	LAX_RV_EPICARDIAL	8	1.0	1.0
-15.77204	-6.44662	-18.61784	LAX_RV_EPICARDIAL	8	1.0	1.0
-19.65871	-7.80506	-14.53537	LAX_RV_EPICARDIAL	8	1.0	1.0
-21.74150	-9.16351	-12.61071	LAX_RV_EPICARDIAL	8	1.0	1.0
-23.20127	-11.88041	-11.99813	LAX_RV_EPICARDIAL	8	1.0	1.0
-23.91849	32.94841	7.56421	LAX_LA	8	1.0	1.0
-22.67244	30.23151	4.94007	LAX_LA	8	1.0	1.0
-22.32832	27.51461	3.39484	LAX_LA	8	1.0	1.0
-20.80336	26.15616	1.00386	LAX_LA	8	1.0	1.0
-19.27839	24.79771	-1.38712	LAX_LA	8	1.0	1.0
-17.47451	24.79771	-3.54494	LAX_LA	8	1.0	1.0
-15.94954	23.43926	-5.93592	LAX_LA	8	1.0	1.0
-14.14566	23.43926	-8.09373	LAX_LA	8	1.0	1.0
-12.34178	23.43926	-10.25155	LAX_LA	8	1.0	1.0
-10.25898	24.79770	-12.17621	LAX_LA	8	1.0	1.0
-8.45510	24.79770	-14.33403	LAX_LA	8	1.0	1.0
-6.65122	24.79770	-16.49184	LAX_LA	8	1.0	1.0
-4.84734	24.79770	-18.64966	LAX_LA	8	1.0	1.0
-3.04346	24.79770	-20.80748	LAX_LA	8	1.0	1.0
-1.51849	23.43925	-23.19846	LAX_LA	8	1.0	1.0
19.24425	41.09906	-40.66662	LAX_LA	8	1.0	1.0
18.90014	43.81596	-39.12139	LAX_LA	8	1.0	1.0
18.55602	46.53286	-37.57615	LAX_LA	8	1.0	1.0
17.03105	47.89131	-35.18517	LAX_LA	8	1.0	1.0
15.50608	49.24976	-32.79420	LAX_LA	8	1.0	1.0
13.98112	50.60821	-30.40322	LAX_LA	8	1.0	1.0
12.17723	50.60821	-28.24540	LAX_LA	8	1.0	1.0
10.37335	50.60822	-26.08758	LAX_LA	8	1.0	1.0
8.56947	50.60822	-23.92976	LAX_LA	8	1.0	1.0
6.76559	50.60822	-21.77195	LAX_LA	8	1.0	1.0
4.96171	50.60822	-19.61413	LAX_LA	8	1.0	1.0
3.15783	50.60822	-17.45631	LAX_LA	8	1.0	1.0
1.63286	51.96667	-15.06533	LAX_LA	8	1.0	1.0
0.10789	53.32512	-12.67435	LAX_LA	8	1.0	1.0
-1.69599	53.32513	-10.51654	LAX_LA	8	1.0	1.0
-3.49987	53.32513	-8.35872	LAX_LA	8	1.0	1.0
-5.30375	53.32513	-6.20090	LAX_LA	8	1.0	1.0
-7.38655	51.96668	-4.27624	LAX_LA	8	1.0	1.0
-9.19043	51.96668	-2.11843	LAX_LA	8	1.0	1.0
-11.27322	50.60824	-0.19377	LAX_LA	8	1.0	1.0
-13.35602	49.24979	1.73088	LAX_LA	8	1.0	1.0
-15.43881	47.89134	3.65554	LAX_LA	8	1.0	1.0
-17.80052	45.17445	5.34703	LAX_LA	8	1.0	1.0
-19.26028	42.45755	5.95962	LAX_LA	8	1.0	1.0
-20.72005	39.74065	6.57220	LAX_LA	8	1.0	1.0
-22.17982	37.02376	7.18479	LAX_LA	8	1.0	1.0
-23.63958	34.30686	7.79737	LAX_LA	8	1.0	1.0
0.42088	22.97970	-25.71009	MITRAL_VALVE	8	1.0	1.0
17.96168	38.34944	-40.27965	MITRAL_VALVE	8	1.0	1.0
-5.26669	19.20097	-20.48321	AORTA_VALVE	8	1.0	1.0
-6.76635	0.19889	-26.61773	AORTA_VALVE	8	1.0	1.0
43.46078	-19.55471	-94.94182	APEX_POINT	8	1.0	1.0
-44.12160	-0.91494	-78.89403	LAX_RV_FREEWALL	7	1.0	10
-43.90009	-2.51623	-81.19554	LAX_RV_FREEWALL	7	1.0	10
-45.07836	-4.11752	-83.63178	LAX_RV_FREEWALL	7	1.0	10
-42.05728	-5.71882	-85.66384	LAX_RV_FREEWALL	7	1.0	10
-39.03621	-7.32011	-87.69590	LAX_RV_FREEWALL	7	1.0	10
-36.01513	-8.92140	-89.72796	LAX_RV_FREEWALL	7	1.0	10
-32.99406	-10.52269	-91.76003	LAX_RV_FREEWALL	7	1.0	10
-30.08374	-11.32334	-92.64133	LAX_RV_FREEWALL	7	1.0	10
-27.28417	-11.32334	-92.37188	LAX_RV_FREEWALL	7	1.0	10
-24.37385	-12.12398	-93.25319	LAX_RV_FREEWALL	7	1.0	10
-21.46354	-12.92463	-94.13450	LAX_RV_FREEWALL	7	1.0	10
-18.55322	-13.72528	-95.01580	LAX_RV_FREEWALL	7	1.0	10
-15.53214	-15.32657	-97.04786	LAX_RV_FREEWALL	7	1.0	10
-12.73258	-15.32657	-96.77841	LAX_RV_FREEWALL	7	1.0	10
-9.71150	-16.92786	-98.81048	LAX_RV_FREEWALL	7	1.0	10
-6.80118	-17.72851	-99.69178	LAX_RV_FREEWALL	7	1.0	10
-3.89086	-18.52916	-100.57309	LAX_RV_FREEWALL	7	1.0	10
-1.09130	-18.52916	-100.30364	LAX_RV_FREEWALL	7	1.0	10
1.81902	-19.32980	-101.18494	LAX_RV_FREEWALL	7	1.0	10
4.61858	-19.32980	-100.91550	LAX_RV_FREEWALL	7	1.0	10
7.41814	-19.32980	-100.64605	LAX_RV_FREEWALL	7	1.0	10
10.32846	-20.13045	-101.52735	LAX_RV_FREEWALL	7	1.0	10
13.12802	-20.13045	-101.25790	LAX_RV_FREEWALL	7	1.0	10
15.92759	-20.13045	-100.98845	LAX_RV_FREEWALL	7	1.0	10
18.83790	-20.93110	-101.86976	LAX_RV_FREEWALL	7	1.0	10
21.52671	-20.13045	-100.44956	LAX_RV_FREEWALL	7	1.0	10
24.21552	-19.32981	-99.02935	LAX_RV_FREEWALL	7	1.0	10
-42.94333	0.68635	-76.45780	LAX_RV_EPICARDIAL	7	1.0	10
-45.74290	0.68635	-76.72725	LAX_RV_EPICARDIAL	7	1.0	10
-47.03192	-0.11429	-78.01273	LAX_RV_EPICARDIAL	7	1.0	10
-49.60997	-1.71558	-80.58369	LAX_RV_EPICARDIAL	7	1.0	10
-50.78824	-3.31688	-83.01992	LAX_RV_EPICARDIAL	7	1.0	10
-51.96651	-4.91817	-85.45616	LAX_RV_EPICARDIAL	7	1.0	10
-48.94543	-6.51946	-87.48822	LAX_RV_EPICARDIAL	7	1.0	10
-46.14587	-6.51946	-87.21877	LAX_RV_EPICARDIAL	7	1.0	10
-43.23555	-7.32011	-88.10008	LAX_RV_EPICARDIAL	7	1.0	10
-41.61426	-8.92140	-90.26686	LAX_RV_EPICARDIAL	7	1.0	10
-39.99296	-10.52269	-92.43365	LAX_RV_EPICARDIAL	7	1.0	10
-36.97189	-12.12398	-94.46571	LAX_RV_EPICARDIAL	7	1.0	10
-34.06157	-12.92463	-95.34702	LAX_RV_EPICARDIAL	7	1.0	10
-31.15125	-13.72527	-96.22832	LAX_RV_EPICARDIAL	7	1.0	10
-28.24093	-14.52592	-97.10963	LAX_RV_EPICARDIAL	7	1.0	10
-25.33061	-15.32657	-97.99094	LAX_RV_EPICARDIAL	7	1.0	10
-22.42029	-16.12721	-98.87224	LAX_RV_EPICARDIAL	7	1.0	10
-19.50997	-16.92786	-99.75355	LAX_RV_EPICARDIAL	7	1.0	10
-16.59965	-17.72851	-100.63485	LAX_RV_EPICARDIAL	7	1.0	10
-13.68933	-18.52915	-101.51616	LAX_RV_EPICARDIAL	7	1.0	10
-10.77901	-19.32980	-102.39747	LAX_RV_EPICARDIAL	7	1.0	10
-7.86870	-20.13045	-103.27877	LAX_RV_EPICARDIAL	7	1.0	10
-4.95838	-20.93109	-104.16008	LAX_RV_EPICARDIAL	7	1.0	10
-2.04806	-21.73174	-105.04139	LAX_RV_EPICARDIAL	7	1.0	10
0.75150	-21.73174	-104.77194	LAX_RV_EPICARDIAL	7	1.0	10
3.55107	-21.73174	-104.50249	LAX_RV_EPICARDIAL	7	1.0	10
6.35063	-21.73174	-104.23304	LAX_RV_EPICARDIAL	7	1.0	10
9.15019	-21.73174	-103.96359	LAX_RV_EPICARDIAL	7	1.0	10
11.94975	-21.73174	-103.69414	LAX_RV_EPICARDIAL	7	1.0	10
14.86007	-22.53239	-104.57544	LAX_RV_EPICARDIAL	7	1.0	10
17.65964	-22.53239	-104.30600	LAX_RV_EPICARDIAL	7	1.0	10
20.45920	-22.53239	-104.03655	LAX_RV_EPICARDIAL	7	1.0	10
23.25876	-22.53239	-103.76710	LAX_RV_EPICARDIAL	7	1.0	10
25.94757	-21.73175	-102.34689	LAX_RV_EPICARDIAL	7	1.0	10
28.52562	-20.13046	-99.77593	LAX_RV_EPICARDIAL	7	1.0	10
-20.69764	11.89538	-58.05690	LAX_RV_SEPTUM	7	1.0	10
23.99400	-17.72852	-96.72784	LAX_RV_SEPTUM	7	1.0	10
21.08368	-16.92787	-95.84653	LAX_RV_SEPTUM	7	1.0	10
18.17337	-16.12722	-94.96523	LAX_RV_SEPTUM	7	1.0	10
15.26305	-15.32658	-94.08392	LAX_RV_SEPTUM	7	1.0	10
12.24197	-13.72529	-92.05186	LAX_RV_SEPTUM	7	1.0	10
9.22090	-12.12399	-90.01980	LAX_RV_SEPTUM	7	1.0	10
6.19982	-10.52270	-87.98774	LAX_RV_SEPTUM	7	1.0	10
3.17874	-8.92141	-85.95567	LAX_RV_SEPTUM	7	1.0	10
0.15767	-7.32012	-83.92361	LAX_RV_SEPTUM	7	1.0	10
-1.46363	-5.71883	-81.75683	LAX_RV_SEPTUM	7	1.0	10
-3.08492	-4.11753	-79.59004	LAX_RV_SEPTUM	7	1.0	10
-4.70621	-2.51624	-77.42325	LAX_RV_SEPTUM	7	1.0	10
-6.32751	-0.91495	-75.25647	LAX_RV_SEPTUM	7	1.0	10
-7.94880	0.68634	-73.08968	LAX_RV_SEPTUM	7	1.0	10
-10.96988	2.28763	-71.05762	LAX_RV_SEPTUM	7	1.0	10
-12.59117	3.88892	-68.89083	LAX_RV_SEPTUM	7	1.0	10
-14.21247	5.49022	-66.72405	LAX_RV_SEPTUM	7	1.0	10
-15.83376	7.09151	-64.55726	LAX_RV_SEPTUM	7	1.0	10
-17.45506	8.69280	-62.39047	LAX_RV_SEPTUM	7	1.0	10
-19.07635	10.29409	-60.22369	LAX_RV_SEPTUM	7	1.0	10
-19.29786	11.89538	-57.92218	LAX_RV_SEPTUM	7	1.0	10
-16.20608	19.90184	-46.01045	LAX_LV_EPICARDIAL	7	1.0	10
-18.89489	19.10119	-47.43065	LAX_LV_EPICARDIAL	7	1.0	10
-18.67338	17.49990	-49.73216	LAX_LV_EPICARDIAL	7	1.0	10
-18.45186	15.89861	-52.03368	LAX_LV_EPICARDIAL	7	1.0	10
-19.63013	14.29732	-54.46991	LAX_LV_EPICARDIAL	7	1.0	10
26.79357	-17.72852	-96.45839	LAX_LV_EPICARDIAL	7	1.0	10
29.70389	-18.52916	-97.33970	LAX_LV_EPICARDIAL	7	1.0	10
32.61420	-19.32981	-98.22100	LAX_LV_EPICARDIAL	7	1.0	10
35.41377	-19.32981	-97.95155	LAX_LV_EPICARDIAL	7	1.0	10
38.10257	-18.52917	-96.53135	LAX_LV_EPICARDIAL	7	1.0	10
40.90214	-18.52917	-96.26190	LAX_LV_EPICARDIAL	7	1.0	10
43.59094	-17.72852	-94.84169	LAX_LV_EPICARDIAL	7	1.0	10
46.16899	-16.12723	-92.27073	LAX_LV_EPICARDIAL	7	1.0	10
48.74704	-14.52594	-89.69977	LAX_LV_EPICARDIAL	7	1.0	10
48.52553	-12.92465	-87.39826	LAX_LV_EPICARDIAL	7	1.0	10
49.70380	-11.32336	-84.96203	LAX_LV_EPICARDIAL	7	1.0	10
50.88206	-9.72207	-82.52579	LAX_LV_EPICARDIAL	7	1.0	10
50.66055	-8.12078	-80.22428	LAX_LV_EPICARDIAL	7	1.0	10
51.83882	-6.51949	-77.78805	LAX_LV_EPICARDIAL	7	1.0	10
53.01709	-4.91820	-75.35181	LAX_LV_EPICARDIAL	7	1.0	10
52.79557	-3.31691	-73.05030	LAX_LV_EPICARDIAL	7	1.0	10
52.57406	-1.71561	-70.74879	LAX_LV_EPICARDIAL	7	1.0	10
53.75233	-0.11432	-68.31255	LAX_LV_EPICARDIAL	7	1.0	10
53.53082	1.48697	-66.01104	LAX_LV_EPICARDIAL	7	1.0	10
53.30930	3.08826	-63.70953	LAX_LV_EPICARDIAL	7	1.0	10
53.08779	4.68955	-61.40802	LAX_LV_EPICARDIAL	7	1.0	10
52.86628	6.29084	-59.10651	LAX_LV_EPICARDIAL	7	1.0	10
51.24498	7.89213	-56.93972	LAX_LV_EPICARDIAL	7	1.0	10
51.02347	9.49342	-54.63821	LAX_LV_EPICARDIAL	7	1.0	10
50.80196	11.09472	-52.33670	LAX_LV_EPICARDIAL	7	1.0	10
49.18066	12.69601	-50.16991	LAX_LV_EPICARDIAL	7	1.0	10
48.95915	14.29730	-47.86840	LAX_LV_EPICARDIAL	7	1.0	10
47.33785	15.89859	-45.70162	LAX_LV_EPICARDIAL	7	1.0	10
47.11634	17.49988	-43.40011	LAX_LV_EPICARDIAL	7	1.0	10
45.49505	19.10117	-41.23332	LAX_LV_EPICARDIAL	7	1.0	10
43.87375	20.70247	-39.06653	LAX_LV_EPICARDIAL	7	1.0	10
42.25246	22.30376	-36.89975	LAX_LV_EPICARDIAL	7	1.0	10
40.63116	23.90505	-34.73296	LAX_LV_EPICARDIAL	7	1.0	10
37.61009	25.50634	-32.70090	LAX_LV_EPICARDIAL	7	1.0	10
35.98879	27.10763	-30.53411	LAX_LV_EPICARDIAL	7	1.0	10
33.07847	27.90828	-29.65281	LAX_LV_EPICARDIAL	7	1.0	10
30.16816	28.70893	-28.77150	LAX_LV_EPICARDIAL	7	1.0	10
27.25784	29.50957	-27.89019	LAX_LV_EPICARDIAL	7	1.0	10
24.45827	29.50957	-28.15964	LAX_LV_EPICARDIAL	7	1.0	10
-16.20608	19.90184	-46.01045	LAX_LV_ENDOCARDIAL	7	1.0	10
-15.98457	18.30055	-48.31196	LAX_LV_ENDOCARDIAL	7	1.0	10
-14.36328	16.69925	-50.47875	LAX_LV_ENDOCARDIAL	7	1.0	10
-12.74198	15.09796	-52.64553	LAX_LV_ENDOCARDIAL	7	1.0	10
-9.72091	13.49667	-54.67759	LAX_LV_ENDOCARDIAL	7	1.0	10
-8.09961	11.89538	-56.84438	LAX_LV_ENDOCARDIAL	7	1.0	10
-5.07854	10.29409	-58.87644	LAX_LV_ENDOCARDIAL	7	1.0	10
-3.45724	8.69279	-61.04323	LAX_LV_ENDOCARDIAL	7	1.0	10
-0.43617	7.09150	-63.07529	LAX_LV_ENDOCARDIAL	7	1.0	10
1.18513	5.49021	-65.24208	LAX_LV_ENDOCARDIAL	7	1.0	10
4.20620	3.88892	-67.27414	LAX_LV_ENDOCARDIAL	7	1.0	10
5.82750	2.28763	-69.44092	LAX_LV_ENDOCARDIAL	7	1.0	10
7.44879	0.68634	-71.60771	LAX_LV_ENDOCARDIAL	7	1.0	10
9.07009	-0.91496	-73.77450	LAX_LV_ENDOCARDIAL	7	1.0	10
12.09116	-2.51625	-75.80656	LAX_LV_ENDOCARDIAL	7	1.0	10
13.71245	-4.11754	-77.97334	LAX_LV_ENDOCARDIAL	7	1.0	10
16.73353	-5.71883	-80.00541	LAX_LV_ENDOCARDIAL	7	1.0	10
19.75461	-7.32012	-82.03747	LAX_LV_ENDOCARDIAL	7	1.0	10
22.77568	-8.92142	-84.06953	LAX_LV_ENDOCARDIAL	7	1.0	10
25.79676	-10.52271	-86.10159	LAX_LV_ENDOCARDIAL	7	1.0	10
28.81783	-12.12400	-88.13365	LAX_LV_ENDOCARDIAL	7	1.0	10
31.72815	-12.92465	-89.01496	LAX_LV_ENDOCARDIAL	7	1.0	10
34.63847	-13.72529	-89.89626	LAX_LV_ENDOCARDIAL	7	1.0	10
37.54879	-14.52594	-90.77757	LAX_LV_ENDOCARDIAL	7	1.0	10
40.23760	-13.72529	-89.35737	LAX_LV_ENDOCARDIAL	7	1.0	10
40.01608	-12.12400	-87.05586	LAX_LV_ENDOCARDIAL	7	1.0	10
41.19435	-10.52271	-84.61962	LAX_LV_ENDOCARDIAL	7	1.0	10
40.97284	-8.92142	-82.31811	LAX_LV_ENDOCARDIAL	7	1.0	10
40.75132	-7.32013	-80.01660	LAX_LV_ENDOCARDIAL	7	1.0	10
41.92959	-5.71884	-77.58036	LAX_LV_ENDOCARDIAL	7	1.0	10
41.70808	-4.11755	-75.27885	LAX_LV_ENDOCARDIAL	7	1.0	10
41.48657	-2.51626	-72.97734	LAX_LV_ENDOCARDIAL	7	1.0	10
41.26505	-0.91496	-70.67583	LAX_LV_ENDOCARDIAL	7	1.0	10
41.04354	0.68633	-68.37432	LAX_LV_ENDOCARDIAL	7	1.0	10
40.82203	2.28762	-66.07281	LAX_LV_ENDOCARDIAL	7	1.0	10
40.60051	3.88891	-63.77130	LAX_LV_ENDOCARDIAL	7	1.0	10
40.37900	5.49020	-61.46979	LAX_LV_ENDOCARDIAL	7	1.0	10
38.75771	7.09149	-59.30300	LAX_LV_ENDOCARDIAL	7	1.0	10
38.53619	8.69278	-57.00149	LAX_LV_ENDOCARDIAL	7	1.0	10
36.91490	10.29407	-54.83470	LAX_LV_ENDOCARDIAL	7	1.0	10
36.69339	11.89537	-52.53319	LAX_LV_ENDOCARDIAL	7	1.0	10
35.07209	13.49666	-50.36640	LAX_LV_ENDOCARDIAL	7	1.0	10
33.45080	15.09795	-48.19962	LAX_LV_ENDOCARDIAL	7	1.0	10
33.22929	16.69924	-45.89811	LAX_LV_ENDOCARDIAL	7	1.0	10
31.60799	18.30053	-43.73132	LAX_LV_ENDOCARDIAL	7	1.0	10
28.58692	19.90182	-41.69926	LAX_LV_ENDOCARDIAL	7	1.0	10
26.96562	21.50312	-39.53247	LAX_LV_ENDOCARDIAL	7	1.0	10
23.94455	23.10441	-37.50041	LAX_LV_ENDOCARDIAL	7	1.0	10
22.32325	24.70570	-35.33363	LAX_LV_ENDOCARDIAL	7	1.0	10
19.30218	26.30699	-33.30156	LAX_LV_ENDOCARDIAL	7	1.0	10
17.68088	27.90828	-31.13478	LAX_LV_ENDOCARDIAL	7	1.0	10
-42.94333	0.68635	-76.45780	LAX_RV_EPICARDIAL	7	1.0	10
-45.74290	0.68635	-76.72725	LAX_RV_EPICARDIAL	7	1.0	10
-47.03192	-0.11429	-78.01273	LAX_RV_EPICARDIAL	7	1.0	10
-49.60997	-1.71558	-80.58369	LAX_RV_EPICARDIAL	7	1.0	10
-50.78824	-3.31688	-83.01992	LAX_RV_EPICARDIAL	7	1.0	10
-51.96651	-4.91817	-85.45616	LAX_RV_EPICARDIAL	7	1.0	10
-48.94543	-6.51946	-87.48822	LAX_RV_EPICARDIAL	7	1.0	10
-46.14587	-6.51946	-87.21877	LAX_RV_EPICARDIAL	7	1.0	10
-43.23555	-7.32011	-88.10008	LAX_RV_EPICARDIAL	7	1.0	10
-41.61426	-8.92140	-90.26686	LAX_RV_EPICARDIAL	7	1.0	10
-39.99296	-10.52269	-92.43365	LAX_RV_EPICARDIAL	7	1.0	10
-36.97189	-12.12398	-94.46571	LAX_RV_EPICARDIAL	7	1.0	10
-34.06157	-12.92463	-95.34702	LAX_RV_EPICARDIAL	7	1.0	10
-31.15125	-13.72527	-96.22832	LAX_RV_EPICARDIAL	7	1.0	10
-28.24093	-14.52592	-97.10963	LAX_RV_EPICARDIAL	7	1.0	10
-25.33061	-15.32657	-97.99094	LAX_RV_EPICARDIAL	7	1.0	10
-22.42029	-16.12721	-98.87224	LAX_RV_EPICARDIAL	7	1.0	10
-19.50997	-16.92786	-99.75355	LAX_RV_EPICARDIAL	7	1.0	10
-16.59965	-17.72851	-100.63485	LAX_RV_EPICARDIAL	7	1.0	10
-13.68933	-18.52915	-101.51616	LAX_RV_EPICARDIAL	7	1.0	10
-10.77901	-19.32980	-102.39747	LAX_RV_EPICARDIAL	7	1.0	10
-7.86870	-20.13045	-103.27877	LAX_RV_EPICARDIAL	7	1.0	10
-4.95838	-20.93109	-104.16008	LAX_RV_EPICARDIAL	7	1.0	10
-2.04806	-21.73174	-105.04139	LAX_RV_EPICARDIAL	7	1.0	10
0.75150	-21.73174	-104.77194	LAX_RV_EPICARDIAL	7	1.0	10
3.55107	-21.73174	-104.50249	LAX_RV_EPICARDIAL	7	1.0	10
6.35063	-21.73174	-104.23304	LAX_RV_EPICARDIAL	7	1.0	10
9.15019	-21.73174	-103.96359	LAX_RV_EPICARDIAL	7	1.0	10
11.94975	-21.73174	-103.69414	LAX_RV_EPICARDIAL	7	1.0	10
14.86007	-22.53239	-104.57544	LAX_RV_EPICARDIAL	7	1.0	10
17.65964	-22.53239	-104.30600	LAX_RV_EPICARDIAL	7	1.0	10
20.45920	-22.53239	-104.03655	LAX_RV_EPICARDIAL	7	1.0	10
23.25876	-22.53239	-103.76710	LAX_RV_EPICARDIAL	7	1.0	10
25.94757	-21.73175	-102.34689	LAX_RV_EPICARDIAL	7	1.0	10
28.52562	-20.13046	-99.77593	LAX_RV_EPICARDIAL	7	1.0	10
-12.01615	50.32637	-1.47339	LAX_LA	7	1.0	10
-14.70495	49.52572	-2.89360	LAX_LA	7	1.0	10
-17.28300	47.92443	-5.46456	LAX_LA	7	1.0	10
-19.97181	47.12379	-6.88476	LAX_LA	7	1.0	10
-22.66061	46.32314	-8.30497	LAX_LA	7	1.0	10
-25.34942	45.52250	-9.72517	LAX_LA	7	1.0	10
-28.14898	45.52250	-9.99462	LAX_LA	7	1.0	10
-30.83779	44.72185	-11.41483	LAX_LA	7	1.0	10
-33.74811	45.52250	-10.53352	LAX_LA	7	1.0	10
-36.54767	45.52250	-10.80297	LAX_LA	7	1.0	10
-39.45799	46.32315	-9.92166	LAX_LA	7	1.0	10
-42.36831	47.12379	-9.04036	LAX_LA	7	1.0	10
-45.16787	47.12380	-9.30981	LAX_LA	7	1.0	10
-48.07819	47.92444	-8.42850	LAX_LA	7	1.0	10
-50.76699	47.12380	-9.84871	LAX_LA	7	1.0	10
-53.45580	46.32315	-11.26891	LAX_LA	7	1.0	10
-56.03385	44.72186	-13.83987	LAX_LA	7	1.0	10
-57.21212	43.12057	-16.27611	LAX_LA	7	1.0	10
-58.39039	41.51928	-18.71234	LAX_LA	7	1.0	10
-58.16887	39.91799	-21.01385	LAX_LA	7	1.0	10
-56.54758	38.31670	-23.18064	LAX_LA	7	1.0	10
-54.92628	36.71541	-25.34743	LAX_LA	7	1.0	10
-53.30499	35.11411	-27.51421	LAX_LA	7	1.0	10
-50.28391	33.51282	-29.54627	LAX_LA	7	1.0	10
-47.37360	32.71217	-30.42758	LAX_LA	7	1.0	10
-44.35252	31.11088	-32.45964	LAX_LA	7	1.0	10
-41.44220	30.31024	-33.34095	LAX_LA	7	1.0	10
-38.53188	29.50959	-34.22225	LAX_LA	7	1.0	10
-35.62156	28.70894	-35.10356	LAX_LA	7	1.0	10
-32.71124	27.90830	-35.98487	LAX_LA	7	1.0	10
-29.80092	27.10765	-36.86617	LAX_LA	7	1.0	10
-26.89061	26.30700	-37.74748	LAX_LA	7	1.0	10
-23.86953	24.70571	-39.77954	LAX_LA	7	1.0	10
-20.84845	23.10442	-41.81160	LAX_LA	7	1.0	10
-17.82738	21.50313	-43.84366	LAX_LA	7	1.0	10
20.03742	31.11086	-26.26231	LAX_LA	7	1.0	10
21.21569	32.71216	-23.82607	LAX_LA	7	1.0	10
20.99417	34.31345	-21.52456	LAX_LA	7	1.0	10
22.17244	35.91474	-19.08832	LAX_LA	7	1.0	10
21.95093	37.51603	-16.78681	LAX_LA	7	1.0	10
21.72941	39.11732	-14.48530	LAX_LA	7	1.0	10
21.50790	40.71861	-12.18379	LAX_LA	7	1.0	10
18.59758	41.51926	-11.30249	LAX_LA	7	1.0	10
15.68726	42.31990	-10.42118	LAX_LA	7	1.0	10
12.88770	42.31991	-10.69063	LAX_LA	7	1.0	10
11.26641	43.92120	-8.52384	LAX_LA	7	1.0	10
9.64511	45.52249	-6.35706	LAX_LA	7	1.0	10
6.62404	47.12378	-4.32499	LAX_LA	7	1.0	10
3.60296	48.72507	-2.29293	LAX_LA	7	1.0	10
0.69264	49.52572	-1.41163	LAX_LA	7	1.0	10
-2.21768	50.32637	-0.53032	LAX_LA	7	1.0	10
-5.01724	50.32637	-0.79977	LAX_LA	7	1.0	10
-7.81680	50.32637	-1.06922	LAX_LA	7	1.0	10
-10.61636	50.32637	-1.33867	LAX_LA	7	1.0	10
-64.28173	33.51283	-30.89352	LAX_RA	7	1.0	10
-66.97053	32.71218	-32.31372	LAX_RA	7	1.0	10
-69.65934	31.91154	-33.73393	LAX_RA	7	1.0	10
-72.23739	30.31025	-36.30489	LAX_RA	7	1.0	10
-73.41566	28.70895	-38.74112	LAX_RA	7	1.0	10
-74.59392	27.10766	-41.17736	LAX_RA	7	1.0	10
-75.77219	25.50637	-43.61360	LAX_RA	7	1.0	10
-76.95046	23.90508	-46.04983	LAX_RA	7	1.0	10
-76.72895	22.30379	-48.35134	LAX_RA	7	1.0	10
-77.90722	20.70250	-50.78758	LAX_RA	7	1.0	10
-77.68570	19.10121	-53.08909	LAX_RA	7	1.0	10
-77.46419	17.49992	-55.39060	LAX_RA	7	1.0	10
-77.24268	15.89863	-57.69211	LAX_RA	7	1.0	10
-75.62138	14.29733	-59.85890	LAX_RA	7	1.0	10
-75.39987	12.69604	-62.16041	LAX_RA	7	1.0	10
-75.17836	11.09475	-64.46192	LAX_RA	7	1.0	10
-73.55706	9.49346	-66.62871	LAX_RA	7	1.0	10
-71.93577	7.89217	-68.79549	LAX_RA	7	1.0	10
-70.31447	6.29088	-70.96228	LAX_RA	7	1.0	10
-67.40415	5.49023	-71.84358	LAX_RA	7	1.0	10
-64.49384	4.68958	-72.72489	LAX_RA	7	1.0	10
-61.58352	3.88894	-73.60620	LAX_RA	7	1.0	10
-58.67320	3.08829	-74.48750	LAX_RA	7	1.0	10
-55.76288	2.28764	-75.36881	LAX_RA	7	1.0	10
-52.85256	1.48700	-76.25012	LAX_RA	7	1.0	10
-50.05300	1.48700	-75.98067	LAX_RA	7	1.0	10
-47.25343	1.48700	-75.71122	LAX_RA	7	1.0	10
-22.09743	11.89538	-58.19163	LAX_RA	7	1.0	10
-20.91916	13.49667	-55.75539	LAX_RA	7	1.0	10
-21.14067	15.09796	-53.45388	LAX_RA	7	1.0	10
-19.96240	16.69926	-51.01764	LAX_RA	7	1.0	10
-20.18392	18.30055	-48.71613	LAX_RA	7	1.0	10
-23.20499	19.90184	-46.68407	LAX_RA	7	1.0	10
-26.22607	21.50313	-44.65201	LAX_RA	7	1.0	10
-29.13639	22.30378	-43.77070	LAX_RA	7	1.0	10
-30.75768	23.90507	-41.60392	LAX_RA	7	1.0	10
-33.77876	25.50636	-39.57186	LAX_RA	7	1.0	10
-36.68907	26.30701	-38.69055	LAX_RA	7	1.0	10
-39.59939	27.10765	-37.80924	LAX_RA	7	1.0	10
-42.62047	28.70895	-35.77718	LAX_RA	7	1.0	10
-45.42003	28.70895	-36.04663	LAX_RA	7	1.0	10
-48.33035	29.50959	-35.16533	LAX_RA	7	1.0	10
-51.24067	30.31024	-34.28402	LAX_RA	7	1.0	10
-54.26175	31.91153	-32.25196	LAX_RA	7	1.0	10
-57.17206	32.71218	-31.37065	LAX_RA	7	1.0	10
-59.97163	32.71218	-31.64010	LAX_RA	7	1.0	10
-62.88195	33.51282	-30.75879	LAX_RA	7	1.0	10
-15.59933	21.21007	-44.05432	MITRAL_VALVE	7	1.0	10
17.82979	29.05596	-29.45562	MITRAL_VALVE	7	1.0	10
-43.85167	1.54229	-75.30360	TRICUSPID_VALVE	7	1.0	10
-21.10716	11.80953	-58.22085	TRICUSPID_VALVE	7	1.0	10
40.92212	-18.77525	-96.61694	APEX_POINT	7	1.0	10
-10.88531	-17.19117	-2.56135	LAX_RV_FREEWALL	11	1.0	10
-10.50699	-17.18129	-5.34827	LAX_RV_FREEWALL	11	1.0	10
-10.12868	-17.17141	-8.13520	LAX_RV_FREEWALL	11	1.0	10
-9.66495	-18.56517	-10.91550	LAX_RV_FREEWALL	11	1.0	10
-9.28664	-18.55529	-13.70242	LAX_RV_FREEWALL	11	1.0	10
-8.90833	-18.54541	-16.48935	LAX_RV_FREEWALL	11	1.0	10
-8.44460	-19.93917	-19.26965	LAX_RV_FREEWALL	11	1.0	10
-8.06629	-19.92929	-22.05657	LAX_RV_FREEWALL	11	1.0	10
-7.60256	-21.32305	-24.83688	LAX_RV_FREEWALL	11	1.0	10
-7.22425	-21.31318	-27.62380	LAX_RV_FREEWALL	11	1.0	10
-6.76052	-22.70694	-30.40410	LAX_RV_FREEWALL	11	1.0	10
-6.38221	-22.69706	-33.19103	LAX_RV_FREEWALL	11	1.0	10
-5.91848	-24.09082	-35.97133	LAX_RV_FREEWALL	11	1.0	10
-5.54017	-24.08094	-38.75825	LAX_RV_FREEWALL	11	1.0	10
-5.07644	-25.47470	-41.53856	LAX_RV_FREEWALL	11	1.0	10
-4.69813	-25.46482	-44.32548	LAX_RV_FREEWALL	11	1.0	10
-4.31982	-25.45494	-47.11240	LAX_RV_FREEWALL	11	1.0	10
-3.94150	-25.44506	-49.89933	LAX_RV_FREEWALL	11	1.0	10
-3.56319	-25.43518	-52.68625	LAX_RV_FREEWALL	11	1.0	10
-3.27030	-24.02167	-55.47979	LAX_RV_FREEWALL	11	1.0	10
-2.89198	-24.01179	-58.26672	LAX_RV_FREEWALL	11	1.0	10
-2.51367	-24.00191	-61.05364	LAX_RV_FREEWALL	11	1.0	10
-2.04994	-25.39567	-63.83394	LAX_RV_FREEWALL	11	1.0	10
-1.58621	-26.78943	-66.61425	LAX_RV_FREEWALL	11	1.0	10
-1.20790	-26.77955	-69.40117	LAX_RV_FREEWALL	11	1.0	10
-0.82959	-26.76967	-72.18809	LAX_RV_FREEWALL	11	1.0	10
-0.45128	-26.75979	-74.97502	LAX_RV_FREEWALL	11	1.0	10
-0.07297	-26.74991	-77.76194	LAX_RV_FREEWALL	11	1.0	10
0.39076	-28.14367	-80.54224	LAX_RV_FREEWALL	11	1.0	10
0.76907	-28.13379	-83.32917	LAX_RV_FREEWALL	11	1.0	10
1.06197	-26.72028	-86.12271	LAX_RV_FREEWALL	11	1.0	10
1.44028	-26.71040	-88.90963	LAX_RV_FREEWALL	11	1.0	10
1.81859	-26.70052	-91.69655	LAX_RV_FREEWALL	11	1.0	10
2.19691	-26.69064	-94.48348	LAX_RV_FREEWALL	11	1.0	10
2.48980	-25.27712	-97.27702	LAX_RV_FREEWALL	11	1.0	10
2.86812	-25.26724	-100.06394	LAX_RV_FREEWALL	11	1.0	10
3.16101	-23.85373	-102.85749	LAX_RV_FREEWALL	11	1.0	10
3.17934	-21.04151	-104.26419	LAX_RV_FREEWALL	11	1.0	10
3.00850	-18.23423	-104.27743	LAX_RV_FREEWALL	11	1.0	10
2.64852	-15.43189	-102.89720	LAX_RV_FREEWALL	11	1.0	10
2.28853	-12.62956	-101.51698	LAX_RV_FREEWALL	11	1.0	10
1.92854	-9.82722	-100.13676	LAX_RV_FREEWALL	11	1.0	10
1.56855	-7.02488	-98.75653	LAX_RV_FREEWALL	11	1.0	10
1.01941	-4.22748	-95.98285	LAX_RV_FREEWALL	11	1.0	10
0.65942	-1.42514	-94.60263	LAX_RV_FREEWALL	11	1.0	10
0.11028	1.37225	-91.82894	LAX_RV_FREEWALL	11	1.0	10
-0.43887	4.16965	-89.05526	LAX_RV_FREEWALL	11	1.0	10
-0.98801	6.96705	-86.28157	LAX_RV_FREEWALL	11	1.0	10
-1.00634	4.15483	-84.87487	LAX_RV_FREEWALL	11	1.0	10
-1.21382	1.33768	-82.07471	LAX_RV_SEPTUM	11	1.0	10
-1.42130	-1.47948	-79.27455	LAX_RV_SEPTUM	11	1.0	10
-1.62878	-4.29663	-76.47439	LAX_RV_SEPTUM	11	1.0	10
-1.83626	-7.11379	-73.67423	LAX_RV_SEPTUM	11	1.0	10
-2.12915	-8.52731	-70.88068	LAX_RV_SEPTUM	11	1.0	10
-2.42205	-9.94082	-68.08714	LAX_RV_SEPTUM	11	1.0	10
-2.71495	-11.35434	-65.29360	LAX_RV_SEPTUM	11	1.0	10
-3.09326	-11.36422	-62.50668	LAX_RV_SEPTUM	11	1.0	10
-3.47157	-11.37410	-59.71975	LAX_RV_SEPTUM	11	1.0	10
-3.84988	-11.38398	-56.93283	LAX_RV_SEPTUM	11	1.0	10
-4.22819	-11.39386	-54.14591	LAX_RV_SEPTUM	11	1.0	10
-4.60651	-11.40374	-51.35898	LAX_RV_SEPTUM	11	1.0	10
-4.98482	-11.41361	-48.57206	LAX_RV_SEPTUM	11	1.0	10
-5.36313	-11.42349	-45.78514	LAX_RV_SEPTUM	11	1.0	10
-5.74144	-11.43337	-42.99821	LAX_RV_SEPTUM	11	1.0	10
-6.11976	-11.44325	-40.21129	LAX_RV_SEPTUM	11	1.0	10
-6.49807	-11.45313	-37.42437	LAX_RV_SEPTUM	11	1.0	10
-6.96180	-10.05937	-34.64406	LAX_RV_SEPTUM	11	1.0	10
-7.34011	-10.06925	-31.85714	LAX_RV_SEPTUM	11	1.0	10
-7.80384	-8.67549	-29.07684	LAX_RV_SEPTUM	11	1.0	10
-8.18215	-8.68537	-26.28991	LAX_RV_SEPTUM	11	1.0	10
-8.64588	-7.29161	-23.50961	LAX_RV_SEPTUM	11	1.0	10
-9.10960	-5.89785	-20.72931	LAX_RV_SEPTUM	11	1.0	10
-9.65875	-3.10045	-17.95562	LAX_RV_SEPTUM	11	1.0	10
-10.12248	-1.70669	-15.17532	LAX_RV_SEPTUM	11	1.0	10
-10.58620	-0.31293	-12.39501	LAX_RV_SEPTUM	11	1.0	10
-10.71447	-19.99845	-2.54811	LAX_RV_EPICARDIAL	11	1.0	10
-10.33616	-19.98857	-5.33503	LAX_RV_EPICARDIAL	11	1.0	10
-9.87243	-21.38233	-8.11534	LAX_RV_EPICARDIAL	11	1.0	10
-9.49412	-21.37245	-10.90226	LAX_RV_EPICARDIAL	11	1.0	10
-9.03039	-22.76621	-13.68257	LAX_RV_EPICARDIAL	11	1.0	10
-8.65208	-22.75633	-16.46949	LAX_RV_EPICARDIAL	11	1.0	10
-8.18835	-24.15009	-19.24979	LAX_RV_EPICARDIAL	11	1.0	10
-7.81004	-24.14021	-22.03672	LAX_RV_EPICARDIAL	11	1.0	10
-7.34631	-25.53397	-24.81702	LAX_RV_EPICARDIAL	11	1.0	10
-6.88259	-26.92773	-27.59732	LAX_RV_EPICARDIAL	11	1.0	10
-6.50427	-26.91785	-30.38425	LAX_RV_EPICARDIAL	11	1.0	10
-6.04055	-28.31161	-33.16455	LAX_RV_EPICARDIAL	11	1.0	10
-5.66223	-28.30173	-35.95147	LAX_RV_EPICARDIAL	11	1.0	10
-5.28392	-28.29185	-38.73840	LAX_RV_EPICARDIAL	11	1.0	10
-4.90561	-28.28197	-41.52532	LAX_RV_EPICARDIAL	11	1.0	10
-4.44188	-29.67573	-44.30562	LAX_RV_EPICARDIAL	11	1.0	10
-4.06357	-29.66586	-47.09255	LAX_RV_EPICARDIAL	11	1.0	10
-3.77067	-28.25234	-49.88609	LAX_RV_EPICARDIAL	11	1.0	10
-3.39236	-28.24246	-52.67301	LAX_RV_EPICARDIAL	11	1.0	10
-3.09946	-26.82894	-55.46655	LAX_RV_EPICARDIAL	11	1.0	10
-2.72115	-26.81906	-58.25348	LAX_RV_EPICARDIAL	11	1.0	10
-2.25742	-28.21282	-61.03378	LAX_RV_EPICARDIAL	11	1.0	10
-1.87911	-28.20294	-63.82070	LAX_RV_EPICARDIAL	11	1.0	10
-1.41538	-29.59670	-66.60101	LAX_RV_EPICARDIAL	11	1.0	10
-0.95165	-30.99046	-69.38131	LAX_RV_EPICARDIAL	11	1.0	10
-0.57334	-30.98059	-72.16823	LAX_RV_EPICARDIAL	11	1.0	10
-0.28045	-29.56707	-74.96178	LAX_RV_EPICARDIAL	11	1.0	10
0.09787	-29.55719	-77.74870	LAX_RV_EPICARDIAL	11	1.0	10
0.56159	-30.95095	-80.52900	LAX_RV_EPICARDIAL	11	1.0	10
0.93991	-30.94107	-83.31593	LAX_RV_EPICARDIAL	11	1.0	10
1.31822	-30.93119	-86.10285	LAX_RV_EPICARDIAL	11	1.0	10
1.69653	-30.92131	-88.88977	LAX_RV_EPICARDIAL	11	1.0	10
2.07484	-30.91143	-91.67670	LAX_RV_EPICARDIAL	11	1.0	10
2.36774	-29.49792	-94.47024	LAX_RV_EPICARDIAL	11	1.0	10
2.74605	-29.48804	-97.25716	LAX_RV_EPICARDIAL	11	1.0	10
3.03895	-28.07452	-100.05070	LAX_RV_EPICARDIAL	11	1.0	10
3.41726	-28.06464	-102.83763	LAX_RV_EPICARDIAL	11	1.0	10
3.71016	-26.65112	-105.63117	LAX_RV_EPICARDIAL	11	1.0	10
3.91764	-23.83397	-108.43133	LAX_RV_EPICARDIAL	11	1.0	10
3.74680	-21.02669	-108.44457	LAX_RV_EPICARDIAL	11	1.0	10
3.57597	-18.21941	-108.45781	LAX_RV_EPICARDIAL	11	1.0	10
3.40514	-15.41214	-108.47105	LAX_RV_EPICARDIAL	11	1.0	10
3.04515	-12.60980	-107.09083	LAX_RV_EPICARDIAL	11	1.0	10
2.68517	-9.80746	-105.71060	LAX_RV_EPICARDIAL	11	1.0	10
2.32518	-7.00512	-104.33038	LAX_RV_EPICARDIAL	11	1.0	10
1.96519	-4.20279	-102.95016	LAX_RV_EPICARDIAL	11	1.0	10
1.41605	-1.40539	-100.17647	LAX_RV_EPICARDIAL	11	1.0	10
0.86690	1.39201	-97.40279	LAX_RV_EPICARDIAL	11	1.0	10
0.50691	4.19435	-96.02257	LAX_RV_EPICARDIAL	11	1.0	10
0.14693	6.99669	-94.64234	LAX_RV_EPICARDIAL	11	1.0	10
-0.40222	9.79409	-91.86866	LAX_RV_EPICARDIAL	11	1.0	10
-0.95136	12.59148	-89.09497	LAX_RV_EPICARDIAL	11	1.0	10
-1.32967	12.58161	-86.30805	LAX_RV_EPICARDIAL	11	1.0	10
-1.15884	9.77433	-86.29481	LAX_RV_EPICARDIAL	11	1.0	10
-0.98801	6.96705	-86.28157	LAX_RV_EPICARDIAL	11	1.0	10
-11.07152	1.05870	-9.44591	PULMONARY_VALVE	11	1.0	10
-11.40368	-16.83763	1.09133	PULMONARY_VALVE	11	1.0	10
