x	y	z	contour type	frameID	weight	time frame
-51.26345	-14.32538	-47.52015	SAX_RV_FREEWALL	2	1.0	5
-52.96002	-13.22062	-49.92615	SAX_RV_FREEWALL	2	1.0	5
-54.65659	-12.11585	-52.33215	SAX_RV_FREEWALL	2	1.0	5
-56.35316	-11.01109	-54.73815	SAX_RV_FREEWALL	2	1.0	5
-56.93588	-9.90632	-56.28573	SAX_RV_FREEWALL	2	1.0	5
-55.87364	-7.69678	-57.66405	SAX_RV_FREEWALL	2	1.0	5
-57.03908	-5.48725	-60.75921	SAX_RV_FREEWALL	2	1.0	5
-58.73565	-4.38248	-63.16521	SAX_RV_FREEWALL	2	1.0	5
-59.90110	-2.17295	-66.26037	SAX_RV_FREEWALL	2	1.0	5
-57.72501	0.03659	-66.78026	SAX_RV_FREEWALL	2	1.0	5
-57.77662	2.24613	-69.01699	SAX_RV_FREEWALL	2	1.0	5
-56.71437	4.45566	-70.39531	SAX_RV_FREEWALL	2	1.0	5
-54.53829	6.66520	-70.91520	SAX_RV_FREEWALL	2	1.0	5
-53.47605	8.87474	-72.29351	SAX_RV_FREEWALL	2	1.0	5
-52.41380	11.08427	-73.67182	SAX_RV_FREEWALL	2	1.0	5
-51.35156	13.29381	-75.05014	SAX_RV_FREEWALL	2	1.0	5
-49.17548	15.50335	-75.57003	SAX_RV_FREEWALL	2	1.0	5
-45.88555	17.71289	-75.23150	SAX_RV_FREEWALL	2	1.0	5
-43.70946	19.92242	-75.75139	SAX_RV_FREEWALL	2	1.0	5
-40.95065	21.02719	-74.72370	SAX_RV_FREEWALL	2	1.0	5
-38.19184	22.13197	-73.69601	SAX_RV_FREEWALL	2	1.0	5
-35.96415	22.13197	-71.97916	SAX_RV_FREEWALL	2	1.0	5
-33.20534	23.23674	-70.95147	SAX_RV_FREEWALL	2	1.0	5
-30.97765	23.23674	-69.23463	SAX_RV_FREEWALL	2	1.0	5
-29.28109	22.13197	-66.82863	SAX_RV_FREEWALL	2	1.0	5
-27.05340	22.13198	-65.11178	SAX_RV_FREEWALL	2	1.0	5
-25.88795	19.92244	-62.01662	SAX_RV_FREEWALL	2	1.0	5
-24.15488	-6.59198	-34.31736	SAX_RV_FREEWALL	2	1.0	5
-26.91369	-7.69675	-35.34505	SAX_RV_FREEWALL	2	1.0	5
-30.20362	-9.90629	-35.68359	SAX_RV_FREEWALL	2	1.0	5
-32.96243	-11.01106	-36.71127	SAX_RV_FREEWALL	2	1.0	5
-35.72124	-12.11583	-37.73896	SAX_RV_FREEWALL	2	1.0	5
-37.94893	-12.11583	-39.45581	SAX_RV_FREEWALL	2	1.0	5
-40.17661	-12.11584	-41.17265	SAX_RV_FREEWALL	2	1.0	5
-41.87318	-11.01107	-43.57866	SAX_RV_FREEWALL	2	1.0	5
-43.56975	-9.90630	-45.98466	SAX_RV_FREEWALL	2	1.0	5
-45.79744	-9.90631	-47.70150	SAX_RV_FREEWALL	2	1.0	5
-47.97352	-12.11584	-47.18161	SAX_RV_FREEWALL	2	1.0	5
-49.03577	-14.32538	-45.80330	SAX_RV_FREEWALL	2	1.0	5
-54.55338	-16.53492	-47.85868	SAX_RV_EPICARDIAL	2	1.0	5
-56.24995	-15.43016	-50.26468	SAX_RV_EPICARDIAL	2	1.0	5
-57.94652	-14.32539	-52.67068	SAX_RV_EPICARDIAL	2	1.0	5
-59.11197	-12.11586	-55.76584	SAX_RV_EPICARDIAL	2	1.0	5
-60.27741	-9.90632	-58.86100	SAX_RV_EPICARDIAL	2	1.0	5
-59.21517	-7.69678	-60.23931	SAX_RV_EPICARDIAL	2	1.0	5
-60.38062	-5.48725	-63.33447	SAX_RV_EPICARDIAL	2	1.0	5
-62.07719	-4.38248	-65.74048	SAX_RV_EPICARDIAL	2	1.0	5
-63.24263	-2.17295	-68.83564	SAX_RV_EPICARDIAL	2	1.0	5
-62.18039	0.03659	-70.21395	SAX_RV_EPICARDIAL	2	1.0	5
-60.00430	2.24612	-70.73384	SAX_RV_EPICARDIAL	2	1.0	5
-58.94206	4.45566	-72.11215	SAX_RV_EPICARDIAL	2	1.0	5
-56.76598	6.66520	-72.63204	SAX_RV_EPICARDIAL	2	1.0	5
-55.70373	8.87473	-74.01036	SAX_RV_EPICARDIAL	2	1.0	5
-54.64149	11.08427	-75.38867	SAX_RV_EPICARDIAL	2	1.0	5
-53.57925	13.29381	-76.76698	SAX_RV_EPICARDIAL	2	1.0	5
-50.82044	14.39858	-75.73929	SAX_RV_EPICARDIAL	2	1.0	5
-57.46700	-11.01109	-55.59658	SAX_RV_EPICARDIAL	2	1.0	5
-58.52924	-13.22062	-54.21826	SAX_RV_EPICARDIAL	2	1.0	5
-56.83268	-14.32539	-51.81226	SAX_RV_EPICARDIAL	2	1.0	5
-55.13611	-15.43016	-49.40626	SAX_RV_EPICARDIAL	2	1.0	5
-53.43954	-16.53492	-47.00026	SAX_RV_EPICARDIAL	2	1.0	5
-59.69469	-11.01109	-57.31342	SAX_RV_EPICARDIAL	2	1.0	5
-57.46700	-11.01109	-55.59658	SAX_RV_EPICARDIAL	2	1.0	5
-23.66026	19.92244	-60.29978	SAX_RV_SEPTUM	2	1.0	5
-24.72251	17.71291	-58.92146	SAX_RV_SEPTUM	2	1.0	5
-24.67090	15.50337	-56.68473	SAX_RV_SEPTUM	2	1.0	5
-24.61930	13.29384	-54.44799	SAX_RV_SEPTUM	2	1.0	5
-23.45385	11.08430	-51.35283	SAX_RV_SEPTUM	2	1.0	5
-23.40225	8.87477	-49.11610	SAX_RV_SEPTUM	2	1.0	5
-22.23681	6.66523	-46.02094	SAX_RV_SEPTUM	2	1.0	5
-22.18520	4.45570	-43.78420	SAX_RV_SEPTUM	2	1.0	5
-22.13360	2.24616	-41.54746	SAX_RV_SEPTUM	2	1.0	5
-22.08200	0.03663	-39.31073	SAX_RV_SEPTUM	2	1.0	5
-20.91655	-2.17291	-36.21557	SAX_RV_SEPTUM	2	1.0	5
-20.86495	-4.38244	-33.97883	SAX_RV_SEPTUM	2	1.0	5
-15.87845	-3.27767	-31.23430	SAX_LV_EPICARDIAL	2	1.0	5
-20.42194	24.34152	-62.19798	SAX_LV_EPICARDIAL	2	1.0	5
-19.35969	26.55106	-63.57629	SAX_LV_EPICARDIAL	2	1.0	5
-17.18361	28.76059	-64.09618	SAX_LV_EPICARDIAL	2	1.0	5
-16.12137	30.97013	-65.47450	SAX_LV_EPICARDIAL	2	1.0	5
-15.05912	33.17967	-66.85281	SAX_LV_EPICARDIAL	2	1.0	5
-12.88304	35.38920	-67.37270	SAX_LV_EPICARDIAL	2	1.0	5
-10.70695	37.59874	-67.89259	SAX_LV_EPICARDIAL	2	1.0	5
-8.53087	39.80828	-68.41248	SAX_LV_EPICARDIAL	2	1.0	5
-5.24094	42.01782	-68.07395	SAX_LV_EPICARDIAL	2	1.0	5
-3.06485	44.22736	-68.59384	SAX_LV_EPICARDIAL	2	1.0	5
0.22508	46.43689	-68.25531	SAX_LV_EPICARDIAL	2	1.0	5
2.98389	47.54166	-67.22762	SAX_LV_EPICARDIAL	2	1.0	5
5.74270	48.64644	-66.19993	SAX_LV_EPICARDIAL	2	1.0	5
8.50151	49.75121	-65.17224	SAX_LV_EPICARDIAL	2	1.0	5
10.72920	49.75121	-63.45540	SAX_LV_EPICARDIAL	2	1.0	5
13.48801	50.85598	-62.42771	SAX_LV_EPICARDIAL	2	1.0	5
15.71570	50.85598	-60.71086	SAX_LV_EPICARDIAL	2	1.0	5
17.94338	50.85598	-58.99402	SAX_LV_EPICARDIAL	2	1.0	5
20.17107	50.85599	-57.27717	SAX_LV_EPICARDIAL	2	1.0	5
22.39876	50.85599	-55.56033	SAX_LV_EPICARDIAL	2	1.0	5
24.62645	50.85599	-53.84348	SAX_LV_EPICARDIAL	2	1.0	5
26.32302	49.75122	-51.43748	SAX_LV_EPICARDIAL	2	1.0	5
28.55071	49.75123	-49.72063	SAX_LV_EPICARDIAL	2	1.0	5
30.24727	48.64646	-47.31463	SAX_LV_EPICARDIAL	2	1.0	5
31.41272	46.43693	-44.21947	SAX_LV_EPICARDIAL	2	1.0	5
33.10929	45.33216	-41.81347	SAX_LV_EPICARDIAL	2	1.0	5
33.16089	43.12262	-39.57673	SAX_LV_EPICARDIAL	2	1.0	5
34.32634	40.91309	-36.48157	SAX_LV_EPICARDIAL	2	1.0	5
34.37794	38.70355	-34.24484	SAX_LV_EPICARDIAL	2	1.0	5
34.42954	36.49402	-32.00810	SAX_LV_EPICARDIAL	2	1.0	5
33.36730	34.28448	-30.62979	SAX_LV_EPICARDIAL	2	1.0	5
32.30506	32.07495	-29.25147	SAX_LV_EPICARDIAL	2	1.0	5
32.35666	29.86541	-27.01474	SAX_LV_EPICARDIAL	2	1.0	5
31.29442	27.65587	-25.63642	SAX_LV_EPICARDIAL	2	1.0	5
29.11833	25.44634	-25.11653	SAX_LV_EPICARDIAL	2	1.0	5
28.05609	23.23680	-23.73822	SAX_LV_EPICARDIAL	2	1.0	5
26.99385	21.02726	-22.35991	SAX_LV_EPICARDIAL	2	1.0	5
24.81776	18.81772	-21.84002	SAX_LV_EPICARDIAL	2	1.0	5
22.64168	16.60819	-21.32013	SAX_LV_EPICARDIAL	2	1.0	5
20.46559	14.39865	-20.80023	SAX_LV_EPICARDIAL	2	1.0	5
17.17566	12.18911	-21.13877	SAX_LV_EPICARDIAL	2	1.0	5
14.41685	11.08434	-22.16646	SAX_LV_EPICARDIAL	2	1.0	5
11.12692	8.87480	-22.50499	SAX_LV_EPICARDIAL	2	1.0	5
8.36811	7.77003	-23.53268	SAX_LV_EPICARDIAL	2	1.0	5
5.60930	6.66526	-24.56037	SAX_LV_EPICARDIAL	2	1.0	5
2.85049	5.56049	-25.58805	SAX_LV_EPICARDIAL	2	1.0	5
-0.43944	3.35095	-25.92659	SAX_LV_EPICARDIAL	2	1.0	5
-2.61553	1.14141	-25.40670	SAX_LV_EPICARDIAL	2	1.0	5
-5.37433	0.03664	-26.43439	SAX_LV_EPICARDIAL	2	1.0	5
-8.66426	-2.17290	-26.77292	SAX_LV_EPICARDIAL	2	1.0	5
-10.89195	-2.17290	-28.48976	SAX_LV_EPICARDIAL	2	1.0	5
-13.65076	-3.27767	-29.51745	SAX_LV_EPICARDIAL	2	1.0	5
-14.91941	3.35094	-37.08608	SAX_LV_ENDOCARDIAL	2	1.0	5
-16.61598	4.45570	-39.49209	SAX_LV_ENDOCARDIAL	2	1.0	5
-17.78143	6.66524	-42.58724	SAX_LV_ENDOCARDIAL	2	1.0	5
-17.83303	8.87477	-44.82398	SAX_LV_ENDOCARDIAL	2	1.0	5
-16.77079	11.08431	-46.20229	SAX_LV_ENDOCARDIAL	2	1.0	5
-16.82239	13.29384	-48.43903	SAX_LV_ENDOCARDIAL	2	1.0	5
-16.87399	15.50338	-50.67577	SAX_LV_ENDOCARDIAL	2	1.0	5
-16.92560	17.71292	-52.91250	SAX_LV_ENDOCARDIAL	2	1.0	5
-15.86335	19.92245	-54.29082	SAX_LV_ENDOCARDIAL	2	1.0	5
-14.80111	22.13199	-55.66913	SAX_LV_ENDOCARDIAL	2	1.0	5
-14.85271	24.34152	-57.90587	SAX_LV_ENDOCARDIAL	2	1.0	5
-13.79047	26.55106	-59.28418	SAX_LV_ENDOCARDIAL	2	1.0	5
-11.61439	28.76060	-59.80407	SAX_LV_ENDOCARDIAL	2	1.0	5
-10.55214	30.97013	-61.18238	SAX_LV_ENDOCARDIAL	2	1.0	5
-8.37606	33.17967	-61.70227	SAX_LV_ENDOCARDIAL	2	1.0	5
-6.19997	35.38921	-62.22217	SAX_LV_ENDOCARDIAL	2	1.0	5
-2.91004	37.59875	-61.88363	SAX_LV_ENDOCARDIAL	2	1.0	5
0.37989	39.80829	-61.54510	SAX_LV_ENDOCARDIAL	2	1.0	5
3.13870	40.91306	-60.51741	SAX_LV_ENDOCARDIAL	2	1.0	5
5.89751	42.01783	-59.48972	SAX_LV_ENDOCARDIAL	2	1.0	5
9.18744	44.22737	-59.15119	SAX_LV_ENDOCARDIAL	2	1.0	5
11.94625	45.33214	-58.12350	SAX_LV_ENDOCARDIAL	2	1.0	5
14.17394	45.33214	-56.40666	SAX_LV_ENDOCARDIAL	2	1.0	5
16.40162	45.33214	-54.68981	SAX_LV_ENDOCARDIAL	2	1.0	5
18.62931	45.33214	-52.97297	SAX_LV_ENDOCARDIAL	2	1.0	5
20.85700	45.33215	-51.25612	SAX_LV_ENDOCARDIAL	2	1.0	5
22.55357	44.22738	-48.85012	SAX_LV_ENDOCARDIAL	2	1.0	5
24.25014	43.12261	-46.44411	SAX_LV_ENDOCARDIAL	2	1.0	5
25.41558	40.91308	-43.34896	SAX_LV_ENDOCARDIAL	2	1.0	5
25.46718	38.70355	-41.11222	SAX_LV_ENDOCARDIAL	2	1.0	5
25.51879	36.49401	-38.87548	SAX_LV_ENDOCARDIAL	2	1.0	5
25.57039	34.28447	-36.63875	SAX_LV_ENDOCARDIAL	2	1.0	5
25.62199	32.07494	-34.40201	SAX_LV_ENDOCARDIAL	2	1.0	5
24.55975	29.86540	-33.02370	SAX_LV_ENDOCARDIAL	2	1.0	5
24.61135	27.65587	-30.78696	SAX_LV_ENDOCARDIAL	2	1.0	5
23.54911	25.44633	-29.40865	SAX_LV_ENDOCARDIAL	2	1.0	5
21.37302	23.23679	-28.88876	SAX_LV_ENDOCARDIAL	2	1.0	5
19.19694	21.02725	-28.36887	SAX_LV_ENDOCARDIAL	2	1.0	5
17.02085	18.81772	-27.84898	SAX_LV_ENDOCARDIAL	2	1.0	5
14.84477	16.60818	-27.32909	SAX_LV_ENDOCARDIAL	2	1.0	5
11.55484	14.39864	-27.66762	SAX_LV_ENDOCARDIAL	2	1.0	5
8.79603	13.29387	-28.69531	SAX_LV_ENDOCARDIAL	2	1.0	5
5.50610	11.08433	-29.03384	SAX_LV_ENDOCARDIAL	2	1.0	5
2.74729	9.97956	-30.06153	SAX_LV_ENDOCARDIAL	2	1.0	5
-0.54264	7.77002	-30.40006	SAX_LV_ENDOCARDIAL	2	1.0	5
-3.30145	6.66525	-31.42775	SAX_LV_ENDOCARDIAL	2	1.0	5
-6.59138	4.45571	-31.76628	SAX_LV_ENDOCARDIAL	2	1.0	5
-8.81907	4.45571	-33.48313	SAX_LV_ENDOCARDIAL	2	1.0	5
-11.04676	4.45571	-35.19997	SAX_LV_ENDOCARDIAL	2	1.0	5
-13.80557	3.35094	-36.22766	SAX_LV_ENDOCARDIAL	2	1.0	5
-20.86495	-4.38244	-33.97883	RV_INSERT	2	1.0	5
-23.66026	19.92244	-60.29978	RV_INSERT	2	1.0	5
-38.26748	-27.48641	-52.86372	SAX_RV_FREEWALL	3	1.0	5
-39.96404	-26.38165	-55.26972	SAX_RV_FREEWALL	3	1.0	5
-42.19173	-26.38165	-56.98657	SAX_RV_FREEWALL	3	1.0	5
-43.88830	-25.27688	-59.39257	SAX_RV_FREEWALL	3	1.0	5
-45.58487	-24.17212	-61.79857	SAX_RV_FREEWALL	3	1.0	5
-46.75031	-21.96258	-64.89373	SAX_RV_FREEWALL	3	1.0	5
-48.44688	-20.85782	-67.29973	SAX_RV_FREEWALL	3	1.0	5
-49.61233	-18.64828	-70.39489	SAX_RV_FREEWALL	3	1.0	5
-49.66393	-16.43875	-72.63163	SAX_RV_FREEWALL	3	1.0	5
-50.82938	-14.22921	-75.72679	SAX_RV_FREEWALL	3	1.0	5
-49.76713	-12.01968	-77.10510	SAX_RV_FREEWALL	3	1.0	5
-49.81874	-9.81014	-79.34184	SAX_RV_FREEWALL	3	1.0	5
-48.75649	-7.60061	-80.72015	SAX_RV_FREEWALL	3	1.0	5
-47.69425	-5.39107	-82.09846	SAX_RV_FREEWALL	3	1.0	5
-45.51817	-3.18153	-82.61835	SAX_RV_FREEWALL	3	1.0	5
-43.34208	-0.97199	-83.13825	SAX_RV_FREEWALL	3	1.0	5
-41.16599	1.23754	-83.65814	SAX_RV_FREEWALL	3	1.0	5
-38.98991	3.44708	-84.17803	SAX_RV_FREEWALL	3	1.0	5
-35.69998	5.65662	-83.83949	SAX_RV_FREEWALL	3	1.0	5
-33.52389	7.86616	-84.35938	SAX_RV_FREEWALL	3	1.0	5
-30.23396	10.07570	-84.02085	SAX_RV_FREEWALL	3	1.0	5
-26.94403	12.28524	-83.68232	SAX_RV_FREEWALL	3	1.0	5
-24.18522	13.39001	-82.65463	SAX_RV_FREEWALL	3	1.0	5
-21.42641	14.49478	-81.62694	SAX_RV_FREEWALL	3	1.0	5
-18.66760	15.59955	-80.59925	SAX_RV_FREEWALL	3	1.0	5
-15.90879	16.70432	-79.57156	SAX_RV_FREEWALL	3	1.0	5
-13.68111	16.70432	-77.85472	SAX_RV_FREEWALL	3	1.0	5
6.02828	-16.43869	-29.71049	SAX_RV_FREEWALL	3	1.0	5
2.73835	-18.64823	-30.04902	SAX_RV_FREEWALL	3	1.0	5
-0.02046	-19.75300	-31.07671	SAX_RV_FREEWALL	3	1.0	5
-2.77927	-20.85777	-32.10440	SAX_RV_FREEWALL	3	1.0	5
-5.53808	-21.96254	-33.13209	SAX_RV_FREEWALL	3	1.0	5
-8.29689	-23.06731	-34.15978	SAX_RV_FREEWALL	3	1.0	5
-11.05570	-24.17208	-35.18746	SAX_RV_FREEWALL	3	1.0	5
-13.81450	-25.27685	-36.21515	SAX_RV_FREEWALL	3	1.0	5
-16.57331	-26.38163	-37.24284	SAX_RV_FREEWALL	3	1.0	5
-18.80100	-26.38163	-38.95969	SAX_RV_FREEWALL	3	1.0	5
-21.55981	-27.48640	-39.98738	SAX_RV_FREEWALL	3	1.0	5
-23.78750	-27.48640	-41.70422	SAX_RV_FREEWALL	3	1.0	5
-26.01519	-27.48640	-43.42107	SAX_RV_FREEWALL	3	1.0	5
-28.24288	-27.48640	-45.13791	SAX_RV_FREEWALL	3	1.0	5
-30.47057	-27.48641	-46.85476	SAX_RV_FREEWALL	3	1.0	5
-32.69825	-27.48641	-48.57160	SAX_RV_FREEWALL	3	1.0	5
-34.92594	-27.48641	-50.28845	SAX_RV_FREEWALL	3	1.0	5
-37.15363	-27.48641	-52.00530	SAX_RV_FREEWALL	3	1.0	5
-37.05043	-31.90548	-47.53182	SAX_RV_EPICARDIAL	3	1.0	5
-38.74699	-30.80072	-49.93783	SAX_RV_EPICARDIAL	3	1.0	5
-40.97468	-30.80072	-51.65467	SAX_RV_EPICARDIAL	3	1.0	5
-42.67125	-29.69595	-54.06067	SAX_RV_EPICARDIAL	3	1.0	5
-44.36782	-28.59119	-56.46668	SAX_RV_EPICARDIAL	3	1.0	5
-46.59551	-28.59119	-58.18352	SAX_RV_EPICARDIAL	3	1.0	5
-48.29207	-27.48642	-60.58952	SAX_RV_EPICARDIAL	3	1.0	5
-49.98864	-26.38166	-62.99553	SAX_RV_EPICARDIAL	3	1.0	5
-51.15409	-24.17212	-66.09069	SAX_RV_EPICARDIAL	3	1.0	5
-52.31953	-21.96259	-69.18584	SAX_RV_EPICARDIAL	3	1.0	5
-53.48498	-19.75306	-72.28100	SAX_RV_EPICARDIAL	3	1.0	5
-54.06770	-18.64829	-73.82858	SAX_RV_EPICARDIAL	3	1.0	5
-54.11931	-16.43875	-76.06532	SAX_RV_EPICARDIAL	3	1.0	5
-53.05706	-14.22922	-77.44363	SAX_RV_EPICARDIAL	3	1.0	5
-53.10867	-12.01968	-79.68037	SAX_RV_EPICARDIAL	3	1.0	5
-52.04642	-9.81014	-81.05868	SAX_RV_EPICARDIAL	3	1.0	5
-50.98418	-7.60061	-82.43700	SAX_RV_EPICARDIAL	3	1.0	5
-49.92194	-5.39107	-83.81531	SAX_RV_EPICARDIAL	3	1.0	5
-48.85970	-3.18153	-85.19362	SAX_RV_EPICARDIAL	3	1.0	5
-46.68361	-0.97200	-85.71351	SAX_RV_EPICARDIAL	3	1.0	5
-44.50753	1.23754	-86.23340	SAX_RV_EPICARDIAL	3	1.0	5
-42.33144	3.44708	-86.75329	SAX_RV_EPICARDIAL	3	1.0	5
-40.15535	5.65662	-87.27319	SAX_RV_EPICARDIAL	3	1.0	5
-36.86542	7.86616	-86.93465	SAX_RV_EPICARDIAL	3	1.0	5
-33.57549	10.07569	-86.59612	SAX_RV_EPICARDIAL	3	1.0	5
-31.93053	11.18046	-86.42685	SAX_RV_EPICARDIAL	3	1.0	5
-28.64060	13.39000	-86.08832	SAX_RV_EPICARDIAL	3	1.0	5
-25.35067	15.59954	-85.74979	SAX_RV_EPICARDIAL	3	1.0	5
-22.59186	16.70431	-84.72210	SAX_RV_EPICARDIAL	3	1.0	5
-19.30193	18.91385	-84.38357	SAX_RV_EPICARDIAL	3	1.0	5
-16.54312	20.01862	-83.35588	SAX_RV_EPICARDIAL	3	1.0	5
-13.78431	21.12339	-82.32819	SAX_RV_EPICARDIAL	3	1.0	5
-11.02550	22.22816	-81.30050	SAX_RV_EPICARDIAL	3	1.0	5
-8.79781	22.22816	-79.58366	SAX_RV_EPICARDIAL	3	1.0	5
-10.92230	17.80909	-76.82703	SAX_RV_EPICARDIAL	3	1.0	5
7.09052	-14.22916	-31.08880	SAX_RV_EPICARDIAL	3	1.0	5
9.31821	-14.22915	-29.37196	SAX_RV_EPICARDIAL	3	1.0	5
9.36981	-16.43869	-27.13522	SAX_RV_EPICARDIAL	3	1.0	5
7.19373	-18.64823	-26.61533	SAX_RV_EPICARDIAL	3	1.0	5
5.01764	-20.85776	-26.09544	SAX_RV_EPICARDIAL	3	1.0	5
2.25883	-21.96254	-27.12313	SAX_RV_EPICARDIAL	3	1.0	5
-0.49998	-23.06731	-28.15082	SAX_RV_EPICARDIAL	3	1.0	5
-3.78991	-25.27684	-28.48935	SAX_RV_EPICARDIAL	3	1.0	5
-6.54872	-26.38162	-29.51704	SAX_RV_EPICARDIAL	3	1.0	5
-9.30753	-27.48639	-30.54473	SAX_RV_EPICARDIAL	3	1.0	5
-12.06634	-28.59116	-31.57241	SAX_RV_EPICARDIAL	3	1.0	5
-14.82514	-29.69593	-32.60010	SAX_RV_EPICARDIAL	3	1.0	5
-17.05283	-29.69593	-34.31695	SAX_RV_EPICARDIAL	3	1.0	5
-19.81164	-30.80070	-35.34464	SAX_RV_EPICARDIAL	3	1.0	5
-22.03933	-30.80070	-37.06148	SAX_RV_EPICARDIAL	3	1.0	5
-24.26702	-30.80070	-38.77833	SAX_RV_EPICARDIAL	3	1.0	5
-27.02583	-31.90547	-39.80602	SAX_RV_EPICARDIAL	3	1.0	5
-29.25352	-31.90548	-41.52286	SAX_RV_EPICARDIAL	3	1.0	5
-31.48121	-31.90548	-43.23971	SAX_RV_EPICARDIAL	3	1.0	5
-33.70889	-31.90548	-44.95656	SAX_RV_EPICARDIAL	3	1.0	5
-35.93658	-31.90548	-46.67340	SAX_RV_EPICARDIAL	3	1.0	5
-11.98454	15.59955	-75.44872	SAX_RV_SEPTUM	3	1.0	5
-11.93294	13.39002	-73.21198	SAX_RV_SEPTUM	3	1.0	5
-11.88133	11.18048	-70.97524	SAX_RV_SEPTUM	3	1.0	5
-11.82973	8.97095	-68.73851	SAX_RV_SEPTUM	3	1.0	5
-12.89197	6.76141	-67.36019	SAX_RV_SEPTUM	3	1.0	5
-12.84037	4.55188	-65.12346	SAX_RV_SEPTUM	3	1.0	5
-12.78877	2.34234	-62.88672	SAX_RV_SEPTUM	3	1.0	5
-12.73717	0.13280	-60.64999	SAX_RV_SEPTUM	3	1.0	5
-12.68556	-2.07673	-58.41325	SAX_RV_SEPTUM	3	1.0	5
-11.52012	-4.28627	-55.31809	SAX_RV_SEPTUM	3	1.0	5
-11.46851	-6.49580	-53.08135	SAX_RV_SEPTUM	3	1.0	5
-10.30307	-8.70533	-49.98620	SAX_RV_SEPTUM	3	1.0	5
-8.60650	-9.81010	-47.58019	SAX_RV_SEPTUM	3	1.0	5
-6.90993	-10.91487	-45.17419	SAX_RV_SEPTUM	3	1.0	5
-5.21337	-12.01963	-42.76819	SAX_RV_SEPTUM	3	1.0	5
-2.98568	-12.01963	-41.05134	SAX_RV_SEPTUM	3	1.0	5
-1.28911	-13.12440	-38.64534	SAX_RV_SEPTUM	3	1.0	5
0.93858	-13.12439	-36.92849	SAX_RV_SEPTUM	3	1.0	5
3.16627	-13.12439	-35.21165	SAX_RV_SEPTUM	3	1.0	5
4.86284	-14.22916	-32.80565	SAX_RV_SEPTUM	3	1.0	5
7.09052	-14.22916	-31.08880	SAX_RV_SEPTUM	3	1.0	5
-7.63237	20.01863	-76.48850	SAX_LV_EPICARDIAL	3	1.0	5
-6.57012	22.22817	-77.86681	SAX_LV_EPICARDIAL	3	1.0	5
-4.39404	24.43770	-78.38670	SAX_LV_EPICARDIAL	3	1.0	5
-2.21795	26.64724	-78.90659	SAX_LV_EPICARDIAL	3	1.0	5
-0.04187	28.85678	-79.42648	SAX_LV_EPICARDIAL	3	1.0	5
3.24806	31.06632	-79.08795	SAX_LV_EPICARDIAL	3	1.0	5
6.53800	33.27586	-78.74942	SAX_LV_EPICARDIAL	3	1.0	5
9.82793	35.48540	-78.41089	SAX_LV_EPICARDIAL	3	1.0	5
12.58673	36.59017	-77.38320	SAX_LV_EPICARDIAL	3	1.0	5
15.34554	37.69494	-76.35551	SAX_LV_EPICARDIAL	3	1.0	5
18.10435	38.79971	-75.32782	SAX_LV_EPICARDIAL	3	1.0	5
20.86316	39.90448	-74.30013	SAX_LV_EPICARDIAL	3	1.0	5
23.62197	41.00925	-73.27244	SAX_LV_EPICARDIAL	3	1.0	5
25.84966	41.00925	-71.55560	SAX_LV_EPICARDIAL	3	1.0	5
28.60847	42.11402	-70.52791	SAX_LV_EPICARDIAL	3	1.0	5
30.83616	42.11402	-68.81106	SAX_LV_EPICARDIAL	3	1.0	5
33.06385	42.11402	-67.09422	SAX_LV_EPICARDIAL	3	1.0	5
34.76041	41.00926	-64.68821	SAX_LV_EPICARDIAL	3	1.0	5
36.98810	41.00926	-62.97137	SAX_LV_EPICARDIAL	3	1.0	5
39.21579	41.00926	-61.25452	SAX_LV_EPICARDIAL	3	1.0	5
40.91236	39.90450	-58.84852	SAX_LV_EPICARDIAL	3	1.0	5
42.60893	38.79973	-56.44252	SAX_LV_EPICARDIAL	3	1.0	5
44.30549	37.69497	-54.03652	SAX_LV_EPICARDIAL	3	1.0	5
45.47094	35.48543	-50.94136	SAX_LV_EPICARDIAL	3	1.0	5
46.63639	33.27590	-47.84620	SAX_LV_EPICARDIAL	3	1.0	5
47.80183	31.06636	-44.75104	SAX_LV_EPICARDIAL	3	1.0	5
47.85344	28.85683	-42.51430	SAX_LV_EPICARDIAL	3	1.0	5
47.90504	26.64729	-40.27757	SAX_LV_EPICARDIAL	3	1.0	5
47.95664	24.43776	-38.04083	SAX_LV_EPICARDIAL	3	1.0	5
46.89440	22.22822	-36.66252	SAX_LV_EPICARDIAL	3	1.0	5
46.94600	20.01868	-34.42578	SAX_LV_EPICARDIAL	3	1.0	5
45.88376	17.80915	-33.04747	SAX_LV_EPICARDIAL	3	1.0	5
44.82152	15.59961	-31.66915	SAX_LV_EPICARDIAL	3	1.0	5
43.75928	13.39007	-30.29084	SAX_LV_EPICARDIAL	3	1.0	5
42.69703	11.18054	-28.91253	SAX_LV_EPICARDIAL	3	1.0	5
41.63479	8.97100	-27.53421	SAX_LV_EPICARDIAL	3	1.0	5
39.45871	6.76146	-27.01432	SAX_LV_EPICARDIAL	3	1.0	5
38.39646	4.55193	-25.63601	SAX_LV_EPICARDIAL	3	1.0	5
36.22038	2.34239	-25.11612	SAX_LV_EPICARDIAL	3	1.0	5
34.04429	0.13285	-24.59623	SAX_LV_EPICARDIAL	3	1.0	5
31.86821	-2.07669	-24.07634	SAX_LV_EPICARDIAL	3	1.0	5
29.69212	-4.28622	-23.55645	SAX_LV_EPICARDIAL	3	1.0	5
26.40219	-6.49576	-23.89498	SAX_LV_EPICARDIAL	3	1.0	5
23.11226	-8.70530	-24.23351	SAX_LV_EPICARDIAL	3	1.0	5
20.35345	-9.81007	-25.26120	SAX_LV_EPICARDIAL	3	1.0	5
17.59464	-10.91484	-26.28889	SAX_LV_EPICARDIAL	3	1.0	5
14.83583	-12.01961	-27.31658	SAX_LV_EPICARDIAL	3	1.0	5
12.07702	-13.12438	-28.34427	SAX_LV_EPICARDIAL	3	1.0	5
8.52908	-4.28625	-39.86648	SAX_LV_ENDOCARDIAL	3	1.0	5
6.83251	-3.18148	-42.27248	SAX_LV_ENDOCARDIAL	3	1.0	5
5.13594	-2.07671	-44.67848	SAX_LV_ENDOCARDIAL	3	1.0	5
2.90826	-2.07672	-46.39533	SAX_LV_ENDOCARDIAL	3	1.0	5
1.74281	0.13282	-49.49049	SAX_LV_ENDOCARDIAL	3	1.0	5
0.04624	1.23759	-51.89649	SAX_LV_ENDOCARDIAL	3	1.0	5
-1.11920	3.44712	-54.99165	SAX_LV_ENDOCARDIAL	3	1.0	5
-1.17081	5.65666	-57.22839	SAX_LV_ENDOCARDIAL	3	1.0	5
-2.33625	7.86619	-60.32355	SAX_LV_ENDOCARDIAL	3	1.0	5
-2.38786	10.07572	-62.56028	SAX_LV_ENDOCARDIAL	3	1.0	5
-2.43946	12.28526	-64.79702	SAX_LV_ENDOCARDIAL	3	1.0	5
-1.37722	14.49480	-66.17533	SAX_LV_ENDOCARDIAL	3	1.0	5
-0.31497	16.70433	-67.55365	SAX_LV_ENDOCARDIAL	3	1.0	5
0.74727	18.91387	-68.93196	SAX_LV_ENDOCARDIAL	3	1.0	5
1.80951	21.12341	-70.31027	SAX_LV_ENDOCARDIAL	3	1.0	5
3.98560	23.33294	-70.83016	SAX_LV_ENDOCARDIAL	3	1.0	5
6.16168	25.54248	-71.35005	SAX_LV_ENDOCARDIAL	3	1.0	5
9.45161	27.75202	-71.01152	SAX_LV_ENDOCARDIAL	3	1.0	5
12.74154	29.96156	-70.67299	SAX_LV_ENDOCARDIAL	3	1.0	5
15.50035	31.06633	-69.64530	SAX_LV_ENDOCARDIAL	3	1.0	5
18.79028	33.27587	-69.30677	SAX_LV_ENDOCARDIAL	3	1.0	5
21.01797	33.27587	-67.58992	SAX_LV_ENDOCARDIAL	3	1.0	5
23.77678	34.38064	-66.56223	SAX_LV_ENDOCARDIAL	3	1.0	5
26.00447	34.38064	-64.84539	SAX_LV_ENDOCARDIAL	3	1.0	5
28.23216	34.38065	-63.12854	SAX_LV_ENDOCARDIAL	3	1.0	5
30.45984	34.38065	-61.41170	SAX_LV_ENDOCARDIAL	3	1.0	5
32.68753	34.38065	-59.69485	SAX_LV_ENDOCARDIAL	3	1.0	5
34.91522	34.38065	-57.97801	SAX_LV_ENDOCARDIAL	3	1.0	5
36.61179	33.27589	-55.57200	SAX_LV_ENDOCARDIAL	3	1.0	5
38.30836	32.17112	-53.16600	SAX_LV_ENDOCARDIAL	3	1.0	5
39.47380	29.96159	-50.07084	SAX_LV_ENDOCARDIAL	3	1.0	5
40.63925	27.75205	-46.97568	SAX_LV_ENDOCARDIAL	3	1.0	5
40.69085	25.54252	-44.73895	SAX_LV_ENDOCARDIAL	3	1.0	5
40.74245	23.33298	-42.50221	SAX_LV_ENDOCARDIAL	3	1.0	5
40.79406	21.12345	-40.26547	SAX_LV_ENDOCARDIAL	3	1.0	5
39.73181	18.91391	-38.88716	SAX_LV_ENDOCARDIAL	3	1.0	5
39.78342	16.70437	-36.65042	SAX_LV_ENDOCARDIAL	3	1.0	5
38.72118	14.49484	-35.27211	SAX_LV_ENDOCARDIAL	3	1.0	5
36.54509	12.28530	-34.75222	SAX_LV_ENDOCARDIAL	3	1.0	5
35.48285	10.07576	-33.37391	SAX_LV_ENDOCARDIAL	3	1.0	5
33.30676	7.86622	-32.85402	SAX_LV_ENDOCARDIAL	3	1.0	5
32.24452	5.65669	-31.47570	SAX_LV_ENDOCARDIAL	3	1.0	5
30.06843	3.44715	-30.95581	SAX_LV_ENDOCARDIAL	3	1.0	5
27.89235	1.23761	-30.43592	SAX_LV_ENDOCARDIAL	3	1.0	5
25.71626	-0.97192	-29.91603	SAX_LV_ENDOCARDIAL	3	1.0	5
22.95745	-2.07670	-30.94372	SAX_LV_ENDOCARDIAL	3	1.0	5
20.19864	-3.18147	-31.97141	SAX_LV_ENDOCARDIAL	3	1.0	5
17.43983	-4.28624	-32.99910	SAX_LV_ENDOCARDIAL	3	1.0	5
15.21214	-4.28624	-34.71594	SAX_LV_ENDOCARDIAL	3	1.0	5
12.98446	-4.28624	-36.43279	SAX_LV_ENDOCARDIAL	3	1.0	5
10.75677	-4.28624	-38.14963	SAX_LV_ENDOCARDIAL	3	1.0	5
6.28364	-16.18235	-29.76857	RV_INSERT	3	1.0	5
-13.35449	16.91598	-77.81346	RV_INSERT	3	1.0	5
-33.27581	-31.80881	-73.16270	SAX_RV_FREEWALL	4	1.0	5
-34.97238	-30.70405	-75.56870	SAX_RV_FREEWALL	4	1.0	5
-36.13783	-28.49451	-78.66386	SAX_RV_FREEWALL	4	1.0	5
-37.30328	-26.28498	-81.75902	SAX_RV_FREEWALL	4	1.0	5
-37.35488	-24.07544	-83.99575	SAX_RV_FREEWALL	4	1.0	5
-38.52032	-21.86591	-87.09091	SAX_RV_FREEWALL	4	1.0	5
-37.45808	-19.65637	-88.46923	SAX_RV_FREEWALL	4	1.0	5
-36.39584	-17.44683	-89.84754	SAX_RV_FREEWALL	4	1.0	5
-35.33360	-15.23730	-91.22585	SAX_RV_FREEWALL	4	1.0	5
-34.27136	-13.02776	-92.60417	SAX_RV_FREEWALL	4	1.0	5
-30.98143	-10.81822	-92.26563	SAX_RV_FREEWALL	4	1.0	5
-28.80534	-8.60868	-92.78552	SAX_RV_FREEWALL	4	1.0	5
-26.62925	-6.39915	-93.30541	SAX_RV_FREEWALL	4	1.0	5
-23.33932	-4.18961	-92.96688	SAX_RV_FREEWALL	4	1.0	5
-20.04939	-1.98007	-92.62835	SAX_RV_FREEWALL	4	1.0	5
-16.75946	0.22947	-92.28982	SAX_RV_FREEWALL	4	1.0	5
-13.46953	2.43901	-91.95129	SAX_RV_FREEWALL	4	1.0	5
-10.17960	4.64855	-91.61275	SAX_RV_FREEWALL	4	1.0	5
-7.42079	5.75332	-90.58506	SAX_RV_FREEWALL	4	1.0	5
-4.66198	6.85809	-89.55738	SAX_RV_FREEWALL	4	1.0	5
-2.43430	6.85809	-87.84053	SAX_RV_FREEWALL	4	1.0	5
0.32451	7.96286	-86.81284	SAX_RV_FREEWALL	4	1.0	5
2.74351	-24.07540	-53.09253	SAX_RV_FREEWALL	4	1.0	5
-0.01530	-25.18017	-54.12022	SAX_RV_FREEWALL	4	1.0	5
-2.77410	-26.28494	-55.14791	SAX_RV_FREEWALL	4	1.0	5
-5.00179	-26.28494	-56.86476	SAX_RV_FREEWALL	4	1.0	5
-7.22948	-26.28495	-58.58160	SAX_RV_FREEWALL	4	1.0	5
-9.98829	-27.38972	-59.60929	SAX_RV_FREEWALL	4	1.0	5
-12.74710	-28.49449	-60.63698	SAX_RV_FREEWALL	4	1.0	5
-15.50591	-29.59926	-61.66467	SAX_RV_FREEWALL	4	1.0	5
-17.73360	-29.59926	-63.38151	SAX_RV_FREEWALL	4	1.0	5
-20.49241	-30.70403	-64.40920	SAX_RV_FREEWALL	4	1.0	5
-23.25122	-31.80880	-65.43689	SAX_RV_FREEWALL	4	1.0	5
-25.47891	-31.80880	-67.15374	SAX_RV_FREEWALL	4	1.0	5
-27.70659	-31.80881	-68.87058	SAX_RV_FREEWALL	4	1.0	5
-29.93428	-31.80881	-70.58743	SAX_RV_FREEWALL	4	1.0	5
-32.16197	-31.80881	-72.30427	SAX_RV_FREEWALL	4	1.0	5
-35.98302	-35.12312	-71.95365	SAX_RV_EPICARDIAL	4	1.0	5
-37.67959	-34.01835	-74.35965	SAX_RV_EPICARDIAL	4	1.0	5
-38.84504	-31.80882	-77.45481	SAX_RV_EPICARDIAL	4	1.0	5
-39.42776	-30.70405	-79.00239	SAX_RV_EPICARDIAL	4	1.0	5
-40.59321	-28.49452	-82.09755	SAX_RV_EPICARDIAL	4	1.0	5
-41.75865	-26.28498	-85.19271	SAX_RV_EPICARDIAL	4	1.0	5
-41.81025	-24.07545	-87.42944	SAX_RV_EPICARDIAL	4	1.0	5
-41.86186	-21.86591	-89.66618	SAX_RV_EPICARDIAL	4	1.0	5
-40.79962	-19.65637	-91.04449	SAX_RV_EPICARDIAL	4	1.0	5
-39.73737	-17.44684	-92.42281	SAX_RV_EPICARDIAL	4	1.0	5
-38.67513	-15.23730	-93.80112	SAX_RV_EPICARDIAL	4	1.0	5
-36.49905	-13.02776	-94.32101	SAX_RV_EPICARDIAL	4	1.0	5
-34.32296	-10.81823	-94.84090	SAX_RV_EPICARDIAL	4	1.0	5
-32.14687	-8.60869	-95.36079	SAX_RV_EPICARDIAL	4	1.0	5
-29.97079	-6.39915	-95.88068	SAX_RV_EPICARDIAL	4	1.0	5
-27.79470	-4.18961	-96.40057	SAX_RV_EPICARDIAL	4	1.0	5
-25.61862	-1.98007	-96.92046	SAX_RV_EPICARDIAL	4	1.0	5
-22.32868	0.22946	-96.58193	SAX_RV_EPICARDIAL	4	1.0	5
-19.03875	2.43900	-96.24340	SAX_RV_EPICARDIAL	4	1.0	5
-16.27994	3.54377	-95.21571	SAX_RV_EPICARDIAL	4	1.0	5
-12.99001	5.75331	-94.87718	SAX_RV_EPICARDIAL	4	1.0	5
-10.23121	6.85808	-93.84949	SAX_RV_EPICARDIAL	4	1.0	5
-7.47240	7.96285	-92.82180	SAX_RV_EPICARDIAL	4	1.0	5
-4.71359	9.06762	-91.79411	SAX_RV_EPICARDIAL	4	1.0	5
-1.95478	10.17239	-90.76642	SAX_RV_EPICARDIAL	4	1.0	5
0.80403	11.27716	-89.73873	SAX_RV_EPICARDIAL	4	1.0	5
3.03172	11.27717	-88.02189	SAX_RV_EPICARDIAL	4	1.0	5
2.55220	7.96286	-85.09600	SAX_RV_EPICARDIAL	4	1.0	5
9.37498	-21.86586	-50.17873	SAX_RV_EPICARDIAL	4	1.0	5
7.78161	-25.18016	-48.11126	SAX_RV_EPICARDIAL	4	1.0	5
5.02280	-26.28493	-49.13895	SAX_RV_EPICARDIAL	4	1.0	5
2.26400	-27.38971	-50.16664	SAX_RV_EPICARDIAL	4	1.0	5
0.03631	-27.38971	-51.88348	SAX_RV_EPICARDIAL	4	1.0	5
-2.72250	-28.49448	-52.91117	SAX_RV_EPICARDIAL	4	1.0	5
-4.95019	-28.49448	-54.62802	SAX_RV_EPICARDIAL	4	1.0	5
-7.17788	-28.49448	-56.34486	SAX_RV_EPICARDIAL	4	1.0	5
-9.93669	-29.59925	-57.37255	SAX_RV_EPICARDIAL	4	1.0	5
-12.69550	-30.70402	-58.40024	SAX_RV_EPICARDIAL	4	1.0	5
-15.98543	-32.91356	-58.73877	SAX_RV_EPICARDIAL	4	1.0	5
-18.21312	-32.91356	-60.45562	SAX_RV_EPICARDIAL	4	1.0	5
-20.97193	-34.01833	-61.48331	SAX_RV_EPICARDIAL	4	1.0	5
-23.19961	-34.01834	-63.20015	SAX_RV_EPICARDIAL	4	1.0	5
-25.95842	-35.12311	-64.22784	SAX_RV_EPICARDIAL	4	1.0	5
-28.18611	-35.12311	-65.94469	SAX_RV_EPICARDIAL	4	1.0	5
-30.41380	-35.12311	-67.66153	SAX_RV_EPICARDIAL	4	1.0	5
-32.64149	-35.12311	-69.37838	SAX_RV_EPICARDIAL	4	1.0	5
-34.86918	-35.12312	-71.09523	SAX_RV_EPICARDIAL	4	1.0	5
2.02108	6.85810	-84.40684	SAX_RV_SEPTUM	4	1.0	5
0.95884	4.64856	-83.02853	SAX_RV_SEPTUM	4	1.0	5
-0.10340	2.43902	-81.65021	SAX_RV_SEPTUM	4	1.0	5
-1.16564	0.22949	-80.27190	SAX_RV_SEPTUM	4	1.0	5
-2.22789	-1.98005	-78.89359	SAX_RV_SEPTUM	4	1.0	5
-2.17628	-4.18959	-76.65685	SAX_RV_SEPTUM	4	1.0	5
-2.12468	-6.39912	-74.42011	SAX_RV_SEPTUM	4	1.0	5
-3.18692	-8.60866	-73.04180	SAX_RV_SEPTUM	4	1.0	5
-2.02148	-10.81819	-69.94664	SAX_RV_SEPTUM	4	1.0	5
-0.85603	-13.02773	-66.85148	SAX_RV_SEPTUM	4	1.0	5
0.30942	-15.23726	-63.75632	SAX_RV_SEPTUM	4	1.0	5
1.47486	-17.44680	-60.66116	SAX_RV_SEPTUM	4	1.0	5
3.17143	-18.55156	-58.25516	SAX_RV_SEPTUM	4	1.0	5
4.86800	-19.65633	-55.84916	SAX_RV_SEPTUM	4	1.0	5
6.56457	-20.76109	-53.44316	SAX_RV_SEPTUM	4	1.0	5
8.26113	-21.86586	-51.03715	SAX_RV_SEPTUM	4	1.0	5
5.50232	-22.97063	-52.06484	SAX_RV_SEPTUM	4	1.0	5
4.72829	10.17240	-85.61589	SAX_LV_EPICARDIAL	4	1.0	5
6.90437	12.38194	-86.13578	SAX_LV_EPICARDIAL	4	1.0	5
9.08046	14.59148	-86.65567	SAX_LV_EPICARDIAL	4	1.0	5
11.25655	16.80101	-87.17556	SAX_LV_EPICARDIAL	4	1.0	5
14.54648	19.01055	-86.83703	SAX_LV_EPICARDIAL	4	1.0	5
17.83641	21.22009	-86.49849	SAX_LV_EPICARDIAL	4	1.0	5
21.12634	23.42963	-86.15996	SAX_LV_EPICARDIAL	4	1.0	5
23.88515	24.53440	-85.13227	SAX_LV_EPICARDIAL	4	1.0	5
27.17508	26.74394	-84.79374	SAX_LV_EPICARDIAL	4	1.0	5
29.40277	26.74394	-83.07689	SAX_LV_EPICARDIAL	4	1.0	5
32.16157	27.84871	-82.04921	SAX_LV_EPICARDIAL	4	1.0	5
34.38926	27.84871	-80.33236	SAX_LV_EPICARDIAL	4	1.0	5
36.61695	27.84872	-78.61551	SAX_LV_EPICARDIAL	4	1.0	5
38.84464	27.84872	-76.89867	SAX_LV_EPICARDIAL	4	1.0	5
41.07233	27.84872	-75.18182	SAX_LV_EPICARDIAL	4	1.0	5
43.30002	27.84872	-73.46498	SAX_LV_EPICARDIAL	4	1.0	5
44.99658	26.74396	-71.05898	SAX_LV_EPICARDIAL	4	1.0	5
46.69315	25.63919	-68.65297	SAX_LV_EPICARDIAL	4	1.0	5
48.38972	24.53443	-66.24697	SAX_LV_EPICARDIAL	4	1.0	5
50.08629	23.42966	-63.84097	SAX_LV_EPICARDIAL	4	1.0	5
51.78285	22.32489	-61.43497	SAX_LV_EPICARDIAL	4	1.0	5
52.94830	20.11536	-58.33981	SAX_LV_EPICARDIAL	4	1.0	5
52.99990	17.90582	-56.10307	SAX_LV_EPICARDIAL	4	1.0	5
53.05151	15.69629	-53.86633	SAX_LV_EPICARDIAL	4	1.0	5
53.10311	13.48675	-51.62960	SAX_LV_EPICARDIAL	4	1.0	5
53.15471	11.27722	-49.39286	SAX_LV_EPICARDIAL	4	1.0	5
52.09247	9.06768	-48.01455	SAX_LV_EPICARDIAL	4	1.0	5
52.14407	6.85814	-45.77781	SAX_LV_EPICARDIAL	4	1.0	5
51.08183	4.64861	-44.39950	SAX_LV_EPICARDIAL	4	1.0	5
50.01959	2.43907	-43.02119	SAX_LV_EPICARDIAL	4	1.0	5
47.84350	0.22953	-42.50130	SAX_LV_EPICARDIAL	4	1.0	5
46.78126	-1.98000	-41.12298	SAX_LV_EPICARDIAL	4	1.0	5
44.60517	-4.18954	-40.60309	SAX_LV_EPICARDIAL	4	1.0	5
43.54293	-6.39908	-39.22478	SAX_LV_EPICARDIAL	4	1.0	5
41.36685	-8.60861	-38.70489	SAX_LV_EPICARDIAL	4	1.0	5
39.19076	-10.81815	-38.18500	SAX_LV_EPICARDIAL	4	1.0	5
35.90083	-13.02769	-38.52353	SAX_LV_EPICARDIAL	4	1.0	5
33.72474	-15.23723	-38.00364	SAX_LV_EPICARDIAL	4	1.0	5
30.96593	-16.34200	-39.03133	SAX_LV_EPICARDIAL	4	1.0	5
27.67600	-18.55154	-39.36986	SAX_LV_EPICARDIAL	4	1.0	5
24.91719	-19.65631	-40.39755	SAX_LV_EPICARDIAL	4	1.0	5
22.15838	-20.76108	-41.42524	SAX_LV_EPICARDIAL	4	1.0	5
19.39957	-21.86585	-42.45293	SAX_LV_EPICARDIAL	4	1.0	5
17.17189	-21.86585	-44.16977	SAX_LV_EPICARDIAL	4	1.0	5
14.94420	-21.86585	-45.88662	SAX_LV_EPICARDIAL	4	1.0	5
12.71651	-21.86586	-47.60346	SAX_LV_EPICARDIAL	4	1.0	5
17.54820	-14.13248	-51.56914	SAX_LV_ENDOCARDIAL	4	1.0	5
15.85163	-13.02771	-53.97514	SAX_LV_ENDOCARDIAL	4	1.0	5
14.15507	-11.92294	-56.38114	SAX_LV_ENDOCARDIAL	4	1.0	5
12.45850	-10.81818	-58.78714	SAX_LV_ENDOCARDIAL	4	1.0	5
10.76193	-9.71341	-61.19315	SAX_LV_ENDOCARDIAL	4	1.0	5
9.06536	-8.60865	-63.59915	SAX_LV_ENDOCARDIAL	4	1.0	5
7.89992	-6.39911	-66.69431	SAX_LV_ENDOCARDIAL	4	1.0	5
7.84831	-4.18958	-68.93104	SAX_LV_ENDOCARDIAL	4	1.0	5
7.79671	-1.98004	-71.16778	SAX_LV_ENDOCARDIAL	4	1.0	5
7.74511	0.22949	-73.40452	SAX_LV_ENDOCARDIAL	4	1.0	5
8.80735	2.43903	-74.78283	SAX_LV_ENDOCARDIAL	4	1.0	5
8.75575	4.64857	-77.01957	SAX_LV_ENDOCARDIAL	4	1.0	5
10.93183	6.85810	-77.53946	SAX_LV_ENDOCARDIAL	4	1.0	5
11.99408	9.06764	-78.91777	SAX_LV_ENDOCARDIAL	4	1.0	5
13.05632	11.27718	-80.29608	SAX_LV_ENDOCARDIAL	4	1.0	5
15.23240	13.48671	-80.81597	SAX_LV_ENDOCARDIAL	4	1.0	5
17.40849	15.69625	-81.33586	SAX_LV_ENDOCARDIAL	4	1.0	5
20.69842	17.90579	-80.99733	SAX_LV_ENDOCARDIAL	4	1.0	5
23.98835	20.11533	-80.65880	SAX_LV_ENDOCARDIAL	4	1.0	5
26.21604	20.11533	-78.94195	SAX_LV_ENDOCARDIAL	4	1.0	5
28.97485	21.22010	-77.91427	SAX_LV_ENDOCARDIAL	4	1.0	5
31.73366	22.32487	-76.88658	SAX_LV_ENDOCARDIAL	4	1.0	5
33.96135	22.32488	-75.16973	SAX_LV_ENDOCARDIAL	4	1.0	5
36.18904	22.32488	-73.45289	SAX_LV_ENDOCARDIAL	4	1.0	5
38.41672	22.32488	-71.73604	SAX_LV_ENDOCARDIAL	4	1.0	5
40.11329	21.22011	-69.33004	SAX_LV_ENDOCARDIAL	4	1.0	5
41.80986	20.11535	-66.92404	SAX_LV_ENDOCARDIAL	4	1.0	5
43.50643	19.01058	-64.51803	SAX_LV_ENDOCARDIAL	4	1.0	5
45.20299	17.90582	-62.11203	SAX_LV_ENDOCARDIAL	4	1.0	5
46.36844	15.69628	-59.01687	SAX_LV_ENDOCARDIAL	4	1.0	5
46.42004	13.48675	-56.78014	SAX_LV_ENDOCARDIAL	4	1.0	5
46.47165	11.27721	-54.54340	SAX_LV_ENDOCARDIAL	4	1.0	5
46.52325	9.06767	-52.30666	SAX_LV_ENDOCARDIAL	4	1.0	5
45.46101	6.85814	-50.92835	SAX_LV_ENDOCARDIAL	4	1.0	5
44.39876	4.64860	-49.55004	SAX_LV_ENDOCARDIAL	4	1.0	5
43.33652	2.43907	-48.17172	SAX_LV_ENDOCARDIAL	4	1.0	5
41.16044	0.22953	-47.65183	SAX_LV_ENDOCARDIAL	4	1.0	5
40.09819	-1.98001	-46.27352	SAX_LV_ENDOCARDIAL	4	1.0	5
37.92211	-4.18955	-45.75363	SAX_LV_ENDOCARDIAL	4	1.0	5
34.63218	-6.39909	-46.09216	SAX_LV_ENDOCARDIAL	4	1.0	5
32.45609	-8.60862	-45.57227	SAX_LV_ENDOCARDIAL	4	1.0	5
29.16616	-10.81816	-45.91080	SAX_LV_ENDOCARDIAL	4	1.0	5
26.40735	-11.92293	-46.93849	SAX_LV_ENDOCARDIAL	4	1.0	5
23.64854	-13.02770	-47.96618	SAX_LV_ENDOCARDIAL	4	1.0	5
20.88973	-14.13247	-48.99387	SAX_LV_ENDOCARDIAL	4	1.0	5
18.66204	-14.13248	-50.71071	SAX_LV_ENDOCARDIAL	4	1.0	5
0.78665	7.85742	-86.35184	RV_INSERT	4	1.0	5
7.13641	-22.65428	-51.12003	RV_INSERT	4	1.0	5
-12.89674	-27.29305	-90.39120	SAX_RV_FREEWALL	5	1.0	5
-12.94835	-25.08352	-92.62794	SAX_RV_FREEWALL	5	1.0	5
-11.88611	-22.87398	-94.00625	SAX_RV_FREEWALL	5	1.0	5
-10.82386	-20.66444	-95.38456	SAX_RV_FREEWALL	5	1.0	5
-8.64778	-18.45490	-95.90445	SAX_RV_FREEWALL	5	1.0	5
-6.47169	-16.24537	-96.42434	SAX_RV_FREEWALL	5	1.0	5
-3.18176	-14.03583	-96.08581	SAX_RV_FREEWALL	5	1.0	5
0.10817	-11.82629	-95.74728	SAX_RV_FREEWALL	5	1.0	5
3.39810	-9.61675	-95.40875	SAX_RV_FREEWALL	5	1.0	5
6.68803	-7.40721	-95.07021	SAX_RV_FREEWALL	5	1.0	5
9.44684	-6.30244	-94.04253	SAX_RV_FREEWALL	5	1.0	5
12.20565	-5.19767	-93.01484	SAX_RV_FREEWALL	5	1.0	5
14.96446	-4.09290	-91.98715	SAX_RV_FREEWALL	5	1.0	5
12.61847	-22.87395	-75.12095	SAX_RV_FREEWALL	5	1.0	5
10.39078	-22.87396	-76.83779	SAX_RV_FREEWALL	5	1.0	5
8.16309	-22.87396	-78.55464	SAX_RV_FREEWALL	5	1.0	5
5.40428	-23.97873	-79.58233	SAX_RV_FREEWALL	5	1.0	5
2.64547	-25.08350	-80.61002	SAX_RV_FREEWALL	5	1.0	5
-0.11334	-26.18827	-81.63770	SAX_RV_FREEWALL	5	1.0	5
-2.87215	-27.29304	-82.66539	SAX_RV_FREEWALL	5	1.0	5
-5.09984	-27.29304	-84.38224	SAX_RV_FREEWALL	5	1.0	5
-7.32752	-27.29305	-86.09908	SAX_RV_FREEWALL	5	1.0	5
-9.55521	-27.29305	-87.81593	SAX_RV_FREEWALL	5	1.0	5
-11.78290	-27.29305	-89.53278	SAX_RV_FREEWALL	5	1.0	5
-16.13507	-31.71213	-88.49299	SAX_RV_EPICARDIAL	5	1.0	5
-17.83164	-30.60736	-90.89900	SAX_RV_EPICARDIAL	5	1.0	5
-17.88324	-28.39782	-93.13573	SAX_RV_EPICARDIAL	5	1.0	5
-17.93485	-26.18829	-95.37247	SAX_RV_EPICARDIAL	5	1.0	5
-16.87260	-23.97875	-96.75078	SAX_RV_EPICARDIAL	5	1.0	5
-14.69652	-21.76921	-97.27067	SAX_RV_EPICARDIAL	5	1.0	5
-12.52043	-19.55968	-97.79056	SAX_RV_EPICARDIAL	5	1.0	5
-10.34434	-17.35014	-98.31045	SAX_RV_EPICARDIAL	5	1.0	5
-8.16826	-15.14060	-98.83035	SAX_RV_EPICARDIAL	5	1.0	5
-5.99217	-12.93106	-99.35024	SAX_RV_EPICARDIAL	5	1.0	5
-2.70224	-10.72152	-99.01170	SAX_RV_EPICARDIAL	5	1.0	5
0.58769	-8.51199	-98.67317	SAX_RV_EPICARDIAL	5	1.0	5
3.87762	-6.30245	-98.33464	SAX_RV_EPICARDIAL	5	1.0	5
6.63643	-5.19768	-97.30695	SAX_RV_EPICARDIAL	5	1.0	5
9.39524	-4.09291	-96.27926	SAX_RV_EPICARDIAL	5	1.0	5
12.15405	-2.98814	-95.25157	SAX_RV_EPICARDIAL	5	1.0	5
14.91286	-1.88337	-94.22388	SAX_RV_EPICARDIAL	5	1.0	5
17.14054	-1.88336	-92.50704	SAX_RV_EPICARDIAL	5	1.0	5
19.36823	-1.88336	-90.79019	SAX_RV_EPICARDIAL	5	1.0	5
17.19215	-4.09290	-90.27030	SAX_RV_EPICARDIAL	5	1.0	5
14.89776	-25.08349	-71.16736	SAX_RV_EPICARDIAL	5	1.0	5
12.67007	-25.08349	-72.88421	SAX_RV_EPICARDIAL	5	1.0	5
9.91126	-26.18826	-73.91190	SAX_RV_EPICARDIAL	5	1.0	5
7.68357	-26.18826	-75.62874	SAX_RV_EPICARDIAL	5	1.0	5
5.45588	-26.18827	-77.34559	SAX_RV_EPICARDIAL	5	1.0	5
2.16595	-28.39780	-77.68412	SAX_RV_EPICARDIAL	5	1.0	5
-0.59286	-29.50257	-78.71181	SAX_RV_EPICARDIAL	5	1.0	5
-3.35167	-30.60734	-79.73950	SAX_RV_EPICARDIAL	5	1.0	5
-5.57935	-30.60735	-81.45635	SAX_RV_EPICARDIAL	5	1.0	5
-8.33816	-31.71212	-82.48404	SAX_RV_EPICARDIAL	5	1.0	5
-10.56585	-31.71212	-84.20088	SAX_RV_EPICARDIAL	5	1.0	5
-12.79354	-31.71212	-85.91773	SAX_RV_EPICARDIAL	5	1.0	5
-15.02123	-31.71212	-87.63457	SAX_RV_EPICARDIAL	5	1.0	5
17.19215	-4.09290	-90.27030	SAX_RV_SEPTUM	5	1.0	5
16.12990	-6.30243	-88.89199	SAX_RV_SEPTUM	5	1.0	5
15.06766	-8.51197	-87.51368	SAX_RV_SEPTUM	5	1.0	5
15.11926	-10.72151	-85.27694	SAX_RV_SEPTUM	5	1.0	5
14.05702	-12.93104	-83.89863	SAX_RV_SEPTUM	5	1.0	5
14.10863	-15.14058	-81.66189	SAX_RV_SEPTUM	5	1.0	5
14.16023	-17.35011	-79.42515	SAX_RV_SEPTUM	5	1.0	5
14.21183	-19.55965	-77.18842	SAX_RV_SEPTUM	5	1.0	5
15.37728	-21.76918	-74.09326	SAX_RV_SEPTUM	5	1.0	5
14.84616	-22.87395	-73.40410	SAX_RV_SEPTUM	5	1.0	5
19.35313	-25.08348	-67.73367	SAX_LV_EPICARDIAL	5	1.0	5
17.65657	-23.97872	-70.13968	SAX_LV_EPICARDIAL	5	1.0	5
22.65816	0.32618	-90.45166	SAX_LV_EPICARDIAL	5	1.0	5
24.83425	2.53572	-90.97155	SAX_LV_EPICARDIAL	5	1.0	5
28.12418	4.74525	-90.63302	SAX_LV_EPICARDIAL	5	1.0	5
30.88299	5.85003	-89.60533	SAX_LV_EPICARDIAL	5	1.0	5
33.64180	6.95480	-88.57764	SAX_LV_EPICARDIAL	5	1.0	5
36.40061	8.05957	-87.54995	SAX_LV_EPICARDIAL	5	1.0	5
39.15942	9.16434	-86.52226	SAX_LV_EPICARDIAL	5	1.0	5
41.38711	9.16434	-84.80542	SAX_LV_EPICARDIAL	5	1.0	5
43.61479	9.16434	-83.08857	SAX_LV_EPICARDIAL	5	1.0	5
45.31136	8.05957	-80.68257	SAX_LV_EPICARDIAL	5	1.0	5
47.53905	8.05958	-78.96572	SAX_LV_EPICARDIAL	5	1.0	5
49.23562	6.95481	-76.55972	SAX_LV_EPICARDIAL	5	1.0	5
50.93218	5.85005	-74.15372	SAX_LV_EPICARDIAL	5	1.0	5
52.62875	4.74528	-71.74772	SAX_LV_EPICARDIAL	5	1.0	5
53.79420	2.53574	-68.65256	SAX_LV_EPICARDIAL	5	1.0	5
53.84580	0.32621	-66.41582	SAX_LV_EPICARDIAL	5	1.0	5
53.89740	-1.88333	-64.17909	SAX_LV_EPICARDIAL	5	1.0	5
53.94901	-4.09286	-61.94235	SAX_LV_EPICARDIAL	5	1.0	5
52.88676	-6.30240	-60.56404	SAX_LV_EPICARDIAL	5	1.0	5
51.82452	-8.51193	-59.18572	SAX_LV_EPICARDIAL	5	1.0	5
50.76228	-10.72147	-57.80741	SAX_LV_EPICARDIAL	5	1.0	5
49.70004	-12.93101	-56.42910	SAX_LV_EPICARDIAL	5	1.0	5
47.52395	-15.14055	-55.90920	SAX_LV_EPICARDIAL	5	1.0	5
44.23402	-17.35008	-56.24774	SAX_LV_EPICARDIAL	5	1.0	5
42.05794	-19.55962	-55.72785	SAX_LV_EPICARDIAL	5	1.0	5
38.76801	-21.76916	-56.06638	SAX_LV_EPICARDIAL	5	1.0	5
36.00920	-22.87393	-57.09407	SAX_LV_EPICARDIAL	5	1.0	5
33.25039	-23.97870	-58.12176	SAX_LV_EPICARDIAL	5	1.0	5
30.49158	-25.08347	-59.14945	SAX_LV_EPICARDIAL	5	1.0	5
28.26389	-25.08347	-60.86629	SAX_LV_EPICARDIAL	5	1.0	5
26.03620	-25.08348	-62.58314	SAX_LV_EPICARDIAL	5	1.0	5
23.80851	-25.08348	-64.29998	SAX_LV_EPICARDIAL	5	1.0	5
21.58082	-25.08348	-66.01683	SAX_LV_EPICARDIAL	5	1.0	5
26.99524	-18.45487	-68.43492	SAX_LV_ENDOCARDIAL	5	1.0	5
25.29867	-17.35010	-70.84092	SAX_LV_ENDOCARDIAL	5	1.0	5
24.13322	-15.14057	-73.93608	SAX_LV_ENDOCARDIAL	5	1.0	5
22.96778	-12.93103	-77.03124	SAX_LV_ENDOCARDIAL	5	1.0	5
22.91617	-10.72150	-79.26798	SAX_LV_ENDOCARDIAL	5	1.0	5
22.86457	-8.51196	-81.50472	SAX_LV_ENDOCARDIAL	5	1.0	5
23.92681	-6.30243	-82.88303	SAX_LV_ENDOCARDIAL	5	1.0	5
26.10290	-4.09289	-83.40292	SAX_LV_ENDOCARDIAL	5	1.0	5
28.27899	-1.88335	-83.92281	SAX_LV_ENDOCARDIAL	5	1.0	5
31.56892	0.32619	-83.58428	SAX_LV_ENDOCARDIAL	5	1.0	5
34.32773	1.43096	-82.55659	SAX_LV_ENDOCARDIAL	5	1.0	5
37.08654	2.53573	-81.52890	SAX_LV_ENDOCARDIAL	5	1.0	5
39.31422	2.53573	-79.81205	SAX_LV_ENDOCARDIAL	5	1.0	5
41.54191	2.53573	-78.09521	SAX_LV_ENDOCARDIAL	5	1.0	5
43.23848	1.43097	-75.68921	SAX_LV_ENDOCARDIAL	5	1.0	5
44.93505	0.32620	-73.28320	SAX_LV_ENDOCARDIAL	5	1.0	5
46.10049	-1.88333	-70.18805	SAX_LV_ENDOCARDIAL	5	1.0	5
46.15210	-4.09287	-67.95131	SAX_LV_ENDOCARDIAL	5	1.0	5
46.20370	-6.30240	-65.71457	SAX_LV_ENDOCARDIAL	5	1.0	5
45.14146	-8.51194	-64.33626	SAX_LV_ENDOCARDIAL	5	1.0	5
42.96537	-10.72148	-63.81637	SAX_LV_ENDOCARDIAL	5	1.0	5
41.90313	-12.93102	-62.43806	SAX_LV_ENDOCARDIAL	5	1.0	5
38.61320	-15.14055	-62.77659	SAX_LV_ENDOCARDIAL	5	1.0	5
35.32327	-17.35009	-63.11512	SAX_LV_ENDOCARDIAL	5	1.0	5
32.56446	-18.45486	-64.14281	SAX_LV_ENDOCARDIAL	5	1.0	5
30.33677	-18.45487	-65.85965	SAX_LV_ENDOCARDIAL	5	1.0	5
28.10908	-18.45487	-67.57650	SAX_LV_ENDOCARDIAL	5	1.0	5
14.32591	-23.18311	-73.49765	RV_INSERT	5	1.0	5
15.36999	-4.45876	-91.31083	RV_INSERT	5	1.0	5
15.33184	-24.98782	-99.37401	SAX_RV_FREEWALL	6	1.0	5
15.28023	-22.77828	-101.61074	SAX_RV_FREEWALL	6	1.0	5
15.22863	-20.56875	-103.84748	SAX_RV_FREEWALL	6	1.0	5
17.40472	-18.35921	-104.36737	SAX_RV_FREEWALL	6	1.0	5
20.69465	-16.14967	-104.02884	SAX_RV_FREEWALL	6	1.0	5
22.92234	-16.14967	-102.31199	SAX_RV_FREEWALL	6	1.0	5
24.61890	-17.25443	-99.90599	SAX_RV_FREEWALL	6	1.0	5
20.90106	-24.98781	-95.08189	SAX_RV_FREEWALL	6	1.0	5
18.67337	-24.98782	-96.79874	SAX_RV_FREEWALL	6	1.0	5
16.44568	-24.98782	-98.51558	SAX_RV_FREEWALL	6	1.0	5
13.15575	-27.19736	-98.85412	SAX_RV_EPICARDIAL	6	1.0	5
11.99030	-24.98782	-101.94927	SAX_RV_EPICARDIAL	6	1.0	5
10.82486	-22.77829	-105.04443	SAX_RV_EPICARDIAL	6	1.0	5
11.88710	-20.56875	-106.42275	SAX_RV_EPICARDIAL	6	1.0	5
14.06319	-18.35921	-106.94264	SAX_RV_EPICARDIAL	6	1.0	5
17.35312	-16.14967	-106.60411	SAX_RV_EPICARDIAL	6	1.0	5
20.11193	-15.04490	-105.57642	SAX_RV_EPICARDIAL	6	1.0	5
22.87073	-13.94013	-104.54873	SAX_RV_EPICARDIAL	6	1.0	5
24.56730	-15.04490	-102.14272	SAX_RV_EPICARDIAL	6	1.0	5
26.26387	-16.14967	-99.73672	SAX_RV_EPICARDIAL	6	1.0	5
24.77371	-23.88304	-93.19578	SAX_RV_EPICARDIAL	6	1.0	5
23.71147	-26.09258	-91.81747	SAX_RV_EPICARDIAL	6	1.0	5
20.95266	-27.19735	-92.84516	SAX_RV_EPICARDIAL	6	1.0	5
18.72497	-27.19735	-94.56200	SAX_RV_EPICARDIAL	6	1.0	5
16.49728	-27.19735	-96.27885	SAX_RV_EPICARDIAL	6	1.0	5
14.26960	-27.19735	-97.99569	SAX_RV_EPICARDIAL	6	1.0	5
25.78435	-19.46397	-96.81083	SAX_RV_SEPTUM	6	1.0	5
24.72211	-21.67351	-95.43252	SAX_RV_SEPTUM	6	1.0	5
23.65987	-23.88304	-94.05420	SAX_RV_SEPTUM	6	1.0	5
29.91502	-29.40687	-83.74104	SAX_LV_EPICARDIAL	6	1.0	5
28.21845	-28.30211	-86.14704	SAX_LV_EPICARDIAL	6	1.0	5
26.52188	-27.19734	-88.55304	SAX_LV_EPICARDIAL	6	1.0	5
28.49156	-16.14966	-98.01988	SAX_LV_EPICARDIAL	6	1.0	5
30.66764	-13.94013	-98.53977	SAX_LV_EPICARDIAL	6	1.0	5
33.95757	-11.73059	-98.20124	SAX_LV_EPICARDIAL	6	1.0	5
36.13366	-9.52105	-98.72113	SAX_LV_EPICARDIAL	6	1.0	5
38.89247	-8.41628	-97.69344	SAX_LV_EPICARDIAL	6	1.0	5
41.12016	-8.41628	-95.97659	SAX_LV_EPICARDIAL	6	1.0	5
43.34785	-8.41627	-94.25975	SAX_LV_EPICARDIAL	6	1.0	5
45.57554	-8.41627	-92.54290	SAX_LV_EPICARDIAL	6	1.0	5
47.80322	-8.41627	-90.82605	SAX_LV_EPICARDIAL	6	1.0	5
49.49979	-9.52104	-88.42005	SAX_LV_EPICARDIAL	6	1.0	5
49.55139	-11.73057	-86.18332	SAX_LV_EPICARDIAL	6	1.0	5
49.60300	-13.94011	-83.94658	SAX_LV_EPICARDIAL	6	1.0	5
49.65460	-16.14964	-81.70984	SAX_LV_EPICARDIAL	6	1.0	5
48.59236	-18.35918	-80.33153	SAX_LV_EPICARDIAL	6	1.0	5
47.53011	-20.56872	-78.95322	SAX_LV_EPICARDIAL	6	1.0	5
45.35403	-22.77825	-78.43333	SAX_LV_EPICARDIAL	6	1.0	5
44.29179	-24.98779	-77.05501	SAX_LV_EPICARDIAL	6	1.0	5
41.00186	-27.19733	-77.39354	SAX_LV_EPICARDIAL	6	1.0	5
38.24305	-28.30210	-78.42123	SAX_LV_EPICARDIAL	6	1.0	5
35.48424	-29.40687	-79.44892	SAX_LV_EPICARDIAL	6	1.0	5
33.25655	-29.40687	-81.16577	SAX_LV_EPICARDIAL	6	1.0	5
31.02886	-29.40687	-82.88261	SAX_LV_EPICARDIAL	6	1.0	5
33.68447	-23.88303	-86.32840	SAX_LV_ENDOCARDIAL	6	1.0	5
32.51902	-21.67350	-89.42356	SAX_LV_ENDOCARDIAL	6	1.0	5
32.46742	-19.46396	-91.66029	SAX_LV_ENDOCARDIAL	6	1.0	5
33.52966	-17.25443	-93.03861	SAX_LV_ENDOCARDIAL	6	1.0	5
34.59190	-15.04489	-94.41692	SAX_LV_ENDOCARDIAL	6	1.0	5
37.88183	-12.83535	-94.07839	SAX_LV_ENDOCARDIAL	6	1.0	5
40.64064	-11.73058	-93.05070	SAX_LV_ENDOCARDIAL	6	1.0	5
42.33721	-12.83535	-90.64470	SAX_LV_ENDOCARDIAL	6	1.0	5
43.50265	-15.04488	-87.54954	SAX_LV_ENDOCARDIAL	6	1.0	5
43.55426	-17.25442	-85.31280	SAX_LV_ENDOCARDIAL	6	1.0	5
42.49201	-19.46395	-83.93449	SAX_LV_ENDOCARDIAL	6	1.0	5
41.42977	-21.67349	-82.55617	SAX_LV_ENDOCARDIAL	6	1.0	5
38.13984	-23.88303	-82.89471	SAX_LV_ENDOCARDIAL	6	1.0	5
35.91215	-23.88303	-84.61155	SAX_LV_ENDOCARDIAL	6	1.0	5
24.56827	-17.77443	-99.42798	RV_INSERT	6	1.0	5
23.03921	-24.15706	-94.26008	RV_INSERT	6	1.0	5
6.04363	22.69813	-25.55534	LAX_LV_ENDOCARDIAL	9	1.0	5
7.84642	20.52980	-26.94672	LAX_LV_ENDOCARDIAL	9	1.0	5
9.64921	18.36146	-28.33811	LAX_LV_ENDOCARDIAL	9	1.0	5
11.45200	16.19313	-29.72950	LAX_LV_ENDOCARDIAL	9	1.0	5
13.25480	14.02479	-31.12088	LAX_LV_ENDOCARDIAL	9	1.0	5
15.05759	11.85646	-32.51227	LAX_LV_ENDOCARDIAL	9	1.0	5
16.80533	9.65297	-32.49893	LAX_LV_ENDOCARDIAL	9	1.0	5
18.55308	7.44949	-32.48558	LAX_LV_ENDOCARDIAL	9	1.0	5
20.30083	5.24600	-32.47223	LAX_LV_ENDOCARDIAL	9	1.0	5
22.04857	3.04251	-32.45889	LAX_LV_ENDOCARDIAL	9	1.0	5
23.85136	0.87418	-33.85027	LAX_LV_ENDOCARDIAL	9	1.0	5
25.65416	-1.29416	-35.24166	LAX_LV_ENDOCARDIAL	9	1.0	5
26.63812	-2.32560	-38.04445	LAX_LV_ENDOCARDIAL	9	1.0	5
27.62208	-3.35704	-40.84725	LAX_LV_ENDOCARDIAL	9	1.0	5
29.47992	-5.49022	-43.64337	LAX_LV_ENDOCARDIAL	9	1.0	5
30.46388	-6.52166	-46.44616	LAX_LV_ENDOCARDIAL	9	1.0	5
31.44784	-7.55310	-49.24895	LAX_LV_ENDOCARDIAL	9	1.0	5
33.30568	-9.68628	-52.04507	LAX_LV_ENDOCARDIAL	9	1.0	5
34.28964	-10.71772	-54.84786	LAX_LV_ENDOCARDIAL	9	1.0	5
35.27360	-11.74916	-57.65066	LAX_LV_ENDOCARDIAL	9	1.0	5
36.25756	-12.78060	-60.45345	LAX_LV_ENDOCARDIAL	9	1.0	5
37.24153	-13.81204	-63.25624	LAX_LV_ENDOCARDIAL	9	1.0	5
38.22549	-14.84348	-66.05903	LAX_LV_ENDOCARDIAL	9	1.0	5
39.20945	-15.87492	-68.86182	LAX_LV_ENDOCARDIAL	9	1.0	5
40.19341	-16.90636	-71.66462	LAX_LV_ENDOCARDIAL	9	1.0	5
40.30350	-16.83606	-74.47408	LAX_LV_ENDOCARDIAL	9	1.0	5
41.28746	-17.86750	-77.27688	LAX_LV_ENDOCARDIAL	9	1.0	5
42.27143	-18.89894	-80.07967	LAX_LV_ENDOCARDIAL	9	1.0	5
42.38152	-18.82863	-82.88913	LAX_LV_ENDOCARDIAL	9	1.0	5
42.49161	-18.75833	-85.69860	LAX_LV_ENDOCARDIAL	9	1.0	5
42.60169	-18.68803	-88.50806	LAX_LV_ENDOCARDIAL	9	1.0	5
41.83791	-17.51598	-91.32420	LAX_LV_ENDOCARDIAL	9	1.0	5
41.07413	-16.34393	-94.14034	LAX_LV_ENDOCARDIAL	9	1.0	5
39.38142	-14.10529	-95.55842	LAX_LV_ENDOCARDIAL	9	1.0	5
37.57863	-11.93696	-94.16703	LAX_LV_ENDOCARDIAL	9	1.0	5
35.83089	-9.73347	-94.18038	LAX_LV_ENDOCARDIAL	9	1.0	5
34.02810	-7.56514	-92.78899	LAX_LV_ENDOCARDIAL	9	1.0	5
32.22530	-5.39680	-91.39760	LAX_LV_ENDOCARDIAL	9	1.0	5
30.42251	-3.22847	-90.00622	LAX_LV_ENDOCARDIAL	9	1.0	5
28.61972	-1.06013	-88.61483	LAX_LV_ENDOCARDIAL	9	1.0	5
26.81693	1.10820	-87.22344	LAX_LV_ENDOCARDIAL	9	1.0	5
25.01414	3.27654	-85.83206	LAX_LV_ENDOCARDIAL	9	1.0	5
23.21135	5.44487	-84.44067	LAX_LV_ENDOCARDIAL	9	1.0	5
21.40856	7.61321	-83.04928	LAX_LV_ENDOCARDIAL	9	1.0	5
19.60577	9.78154	-81.65790	LAX_LV_ENDOCARDIAL	9	1.0	5
17.80298	11.94988	-80.26651	LAX_LV_ENDOCARDIAL	9	1.0	5
16.05523	14.15337	-80.27985	LAX_LV_ENDOCARDIAL	9	1.0	5
14.25244	16.32170	-78.88847	LAX_LV_ENDOCARDIAL	9	1.0	5
12.44965	18.49004	-77.49708	LAX_LV_ENDOCARDIAL	9	1.0	5
10.64686	20.65837	-76.10569	LAX_LV_ENDOCARDIAL	9	1.0	5
8.84406	22.82671	-74.71431	LAX_LV_ENDOCARDIAL	9	1.0	5
7.04127	24.99504	-73.32292	LAX_LV_ENDOCARDIAL	9	1.0	5
5.23848	27.16338	-71.93153	LAX_LV_ENDOCARDIAL	9	1.0	5
3.43569	29.33171	-70.54015	LAX_LV_ENDOCARDIAL	9	1.0	5
1.57786	31.46489	-67.74403	LAX_LV_ENDOCARDIAL	9	1.0	5
-0.22494	33.63323	-66.35264	LAX_LV_ENDOCARDIAL	9	1.0	5
-2.08277	35.76641	-63.55652	LAX_LV_ENDOCARDIAL	9	1.0	5
-3.88556	37.93475	-62.16513	LAX_LV_ENDOCARDIAL	9	1.0	5
-4.81448	39.00134	-60.76707	LAX_LV_ENDOCARDIAL	9	1.0	5
12.81444	13.74358	-19.88302	LAX_LV_EPICARDIAL	9	1.0	5
14.61723	11.57524	-21.27441	LAX_LV_EPICARDIAL	9	1.0	5
16.36498	9.37176	-21.26106	LAX_LV_EPICARDIAL	9	1.0	5
18.11272	7.16827	-21.24772	LAX_LV_EPICARDIAL	9	1.0	5
19.91551	4.99994	-22.63911	LAX_LV_EPICARDIAL	9	1.0	5
21.71831	2.83160	-24.03049	LAX_LV_EPICARDIAL	9	1.0	5
23.46605	0.62811	-24.01715	LAX_LV_EPICARDIAL	9	1.0	5
25.26884	-1.54022	-25.40853	LAX_LV_EPICARDIAL	9	1.0	5
27.07163	-3.70856	-26.79992	LAX_LV_EPICARDIAL	9	1.0	5
28.92947	-5.84174	-29.59604	LAX_LV_EPICARDIAL	9	1.0	5
30.78731	-7.97492	-32.39216	LAX_LV_EPICARDIAL	9	1.0	5
32.64514	-10.10811	-35.18828	LAX_LV_EPICARDIAL	9	1.0	5
33.62910	-11.13955	-37.99107	LAX_LV_EPICARDIAL	9	1.0	5
35.48694	-13.27273	-40.78719	LAX_LV_EPICARDIAL	9	1.0	5
36.47090	-14.30417	-43.58998	LAX_LV_EPICARDIAL	9	1.0	5
37.45486	-15.33561	-46.39278	LAX_LV_EPICARDIAL	9	1.0	5
38.43883	-16.36705	-49.19557	LAX_LV_EPICARDIAL	9	1.0	5
39.42279	-17.39849	-51.99836	LAX_LV_EPICARDIAL	9	1.0	5
40.40675	-18.42993	-54.80115	LAX_LV_EPICARDIAL	9	1.0	5
41.39071	-19.46137	-57.60395	LAX_LV_EPICARDIAL	9	1.0	5
42.37468	-20.49281	-60.40674	LAX_LV_EPICARDIAL	9	1.0	5
43.35864	-21.52425	-63.20953	LAX_LV_EPICARDIAL	9	1.0	5
43.46873	-21.45394	-66.01900	LAX_LV_EPICARDIAL	9	1.0	5
44.45269	-22.48538	-68.82179	LAX_LV_EPICARDIAL	9	1.0	5
44.56278	-22.41508	-71.63125	LAX_LV_EPICARDIAL	9	1.0	5
45.54674	-23.44652	-74.43405	LAX_LV_EPICARDIAL	9	1.0	5
45.65683	-23.37621	-77.24351	LAX_LV_EPICARDIAL	9	1.0	5
45.76692	-23.30591	-80.05298	LAX_LV_EPICARDIAL	9	1.0	5
45.87701	-23.23561	-82.86244	LAX_LV_EPICARDIAL	9	1.0	5
45.98710	-23.16530	-85.67191	LAX_LV_EPICARDIAL	9	1.0	5
46.09719	-23.09500	-88.48137	LAX_LV_EPICARDIAL	9	1.0	5
45.33340	-21.92295	-91.29751	LAX_LV_EPICARDIAL	9	1.0	5
45.44349	-21.85265	-94.10698	LAX_LV_EPICARDIAL	9	1.0	5
44.67971	-20.68060	-96.92311	LAX_LV_EPICARDIAL	9	1.0	5
43.04205	-18.40681	-99.74592	LAX_LV_EPICARDIAL	9	1.0	5
41.34935	-16.16817	-101.16400	LAX_LV_EPICARDIAL	9	1.0	5
39.60160	-13.96468	-101.17735	LAX_LV_EPICARDIAL	9	1.0	5
37.85386	-11.76120	-101.19069	LAX_LV_EPICARDIAL	9	1.0	5
36.10611	-9.55771	-101.20404	LAX_LV_EPICARDIAL	9	1.0	5
34.30332	-7.38938	-99.81265	LAX_LV_EPICARDIAL	9	1.0	5
32.50053	-5.22104	-98.42127	LAX_LV_EPICARDIAL	9	1.0	5
30.75278	-3.01755	-98.43461	LAX_LV_EPICARDIAL	9	1.0	5
28.94999	-0.84922	-97.04323	LAX_LV_EPICARDIAL	9	1.0	5
27.14720	1.31912	-95.65184	LAX_LV_EPICARDIAL	9	1.0	5
25.39945	3.52260	-95.66518	LAX_LV_EPICARDIAL	9	1.0	5
23.59666	5.69094	-94.27380	LAX_LV_EPICARDIAL	9	1.0	5
21.79387	7.85927	-92.88241	LAX_LV_EPICARDIAL	9	1.0	5
20.04612	10.06276	-92.89576	LAX_LV_EPICARDIAL	9	1.0	5
18.24333	12.23109	-91.50437	LAX_LV_EPICARDIAL	9	1.0	5
16.44054	14.39943	-90.11298	LAX_LV_EPICARDIAL	9	1.0	5
14.69279	16.60292	-90.12633	LAX_LV_EPICARDIAL	9	1.0	5
12.89000	18.77125	-88.73494	LAX_LV_EPICARDIAL	9	1.0	5
11.08721	20.93959	-87.34356	LAX_LV_EPICARDIAL	9	1.0	5
9.33947	23.14307	-87.35690	LAX_LV_EPICARDIAL	9	1.0	5
7.53667	25.31141	-85.96551	LAX_LV_EPICARDIAL	9	1.0	5
5.73388	27.47974	-84.57413	LAX_LV_EPICARDIAL	9	1.0	5
3.93109	29.64808	-83.18274	LAX_LV_EPICARDIAL	9	1.0	5
2.12830	31.81641	-81.79135	LAX_LV_EPICARDIAL	9	1.0	5
0.32551	33.98475	-80.39997	LAX_LV_EPICARDIAL	9	1.0	5
-1.47728	36.15308	-79.00858	LAX_LV_EPICARDIAL	9	1.0	5
-3.28007	38.32142	-77.61719	LAX_LV_EPICARDIAL	9	1.0	5
-5.13791	40.45460	-74.82107	LAX_LV_EPICARDIAL	9	1.0	5
-6.12187	41.48604	-72.01828	LAX_LV_EPICARDIAL	9	1.0	5
-7.10583	42.51748	-69.21549	LAX_LV_EPICARDIAL	9	1.0	5
-7.21592	42.44718	-66.40602	LAX_LV_EPICARDIAL	9	1.0	5
-6.45214	41.27513	-63.58988	LAX_LV_EPICARDIAL	9	1.0	5
-4.81448	39.00134	-60.76707	LAX_LV_EPICARDIAL	9	1.0	5
6.75237	21.49093	-21.33447	LAX_LV_EPICARDIAL	9	1.0	5
8.50012	19.28745	-21.32112	LAX_LV_EPICARDIAL	9	1.0	5
10.19282	17.04881	-19.90304	LAX_LV_EPICARDIAL	9	1.0	5
11.94057	14.84532	-19.88970	LAX_LV_EPICARDIAL	9	1.0	5
4.23285	25.01944	-26.08468	MITRAL_VALVE	9	1.0	5
-4.44084	38.36160	-58.49724	MITRAL_VALVE	9	1.0	5
44.28170	-20.12216	-97.68752	APEX_POINT	9	1.0	5
-8.38554	38.38064	8.05815	LAX_LA	9	1.0	5
-6.58275	36.21231	6.66677	LAX_LA	9	1.0	5
-4.77996	34.04397	5.27538	LAX_LA	9	1.0	5
-3.79599	33.01253	2.47259	LAX_LA	9	1.0	5
-2.81203	31.98109	-0.33021	LAX_LA	9	1.0	5
-0.95419	29.84791	-3.12632	LAX_LA	9	1.0	5
0.02977	28.81647	-5.92912	LAX_LA	9	1.0	5
1.01373	27.78503	-8.73191	LAX_LA	9	1.0	5
1.12382	27.85533	-11.54137	LAX_LA	9	1.0	5
2.10778	26.82389	-14.34417	LAX_LA	9	1.0	5
2.21787	26.89420	-17.15363	LAX_LA	9	1.0	5
3.20183	25.86276	-19.95642	LAX_LA	9	1.0	5
4.18580	24.83132	-22.75922	LAX_LA	9	1.0	5
-5.79844	40.03278	-57.96428	LAX_LA	9	1.0	5
-7.65628	42.16596	-55.16816	LAX_LA	9	1.0	5
-8.64024	43.19740	-52.36537	LAX_LA	9	1.0	5
-9.62420	44.22884	-49.56258	LAX_LA	9	1.0	5
-10.60817	45.26028	-46.75978	LAX_LA	9	1.0	5
-11.59213	46.29172	-43.95699	LAX_LA	9	1.0	5
-12.57609	47.32316	-41.15420	LAX_LA	9	1.0	5
-12.68618	47.25286	-38.34473	LAX_LA	9	1.0	5
-13.67014	48.28430	-35.54194	LAX_LA	9	1.0	5
-13.78023	48.21399	-32.73248	LAX_LA	9	1.0	5
-13.89032	48.14369	-29.92301	LAX_LA	9	1.0	5
-14.00041	48.07338	-27.11355	LAX_LA	9	1.0	5
-14.98437	49.10482	-24.31075	LAX_LA	9	1.0	5
-15.09446	49.03452	-21.50129	LAX_LA	9	1.0	5
-15.20455	48.96422	-18.69182	LAX_LA	9	1.0	5
-15.31464	48.89391	-15.88236	LAX_LA	9	1.0	5
-15.42473	48.82361	-13.07289	LAX_LA	9	1.0	5
-15.53482	48.75331	-10.26343	LAX_LA	9	1.0	5
-15.64491	48.68300	-7.45396	LAX_LA	9	1.0	5
-15.75500	48.61270	-4.64450	LAX_LA	9	1.0	5
-14.99121	47.44065	-1.82836	LAX_LA	9	1.0	5
-14.22743	46.26860	0.98778	LAX_LA	9	1.0	5
-13.46364	45.09656	3.80392	LAX_LA	9	1.0	5
-11.82599	42.82277	6.62673	LAX_LA	9	1.0	5
-10.13328	40.58413	8.04481	LAX_LA	9	1.0	5
-27.43206	-10.52195	-6.37042	LAX_RV_FREEWALL	8	1.0	1.0
-26.18601	-13.23885	-8.99456	LAX_RV_FREEWALL	8	1.0	1.0
-24.93995	-15.95575	-11.61870	LAX_RV_FREEWALL	8	1.0	1.0
-23.41498	-17.31420	-14.00968	LAX_RV_FREEWALL	8	1.0	1.0
-21.89001	-18.67265	-16.40066	LAX_RV_FREEWALL	8	1.0	1.0
-20.36504	-20.03110	-18.79164	LAX_RV_FREEWALL	8	1.0	1.0
-18.56116	-20.03111	-20.94946	LAX_RV_FREEWALL	8	1.0	1.0
-17.03619	-21.38956	-23.34044	LAX_RV_FREEWALL	8	1.0	1.0
-15.51123	-22.74801	-25.73142	LAX_RV_FREEWALL	8	1.0	1.0
-13.70735	-22.74801	-27.88924	LAX_RV_FREEWALL	8	1.0	1.0
-11.90346	-22.74801	-30.04705	LAX_RV_FREEWALL	8	1.0	1.0
-10.09958	-22.74801	-32.20487	LAX_RV_FREEWALL	8	1.0	1.0
-8.29570	-22.74801	-34.36269	LAX_RV_FREEWALL	8	1.0	1.0
-6.49182	-22.74802	-36.52050	LAX_RV_FREEWALL	8	1.0	1.0
-4.68794	-22.74802	-38.67832	LAX_RV_FREEWALL	8	1.0	1.0
-2.88406	-22.74802	-40.83614	LAX_RV_FREEWALL	8	1.0	1.0
-1.08018	-22.74802	-42.99396	LAX_RV_FREEWALL	8	1.0	1.0
0.72370	-22.74802	-45.15178	LAX_RV_FREEWALL	8	1.0	1.0
2.24867	-24.10647	-47.54275	LAX_RV_FREEWALL	8	1.0	1.0
4.05255	-24.10647	-49.70057	LAX_RV_FREEWALL	8	1.0	1.0
6.13535	-22.74803	-51.62523	LAX_RV_FREEWALL	8	1.0	1.0
-9.80257	-3.72973	-24.62497	LAX_RV_FREEWALL	8	1.0	1.0
-11.60645	-3.72972	-22.46715	LAX_RV_FREEWALL	8	1.0	1.0
-13.41033	-3.72972	-20.30933	LAX_RV_FREEWALL	8	1.0	1.0
-14.93530	-2.37127	-17.91835	LAX_RV_FREEWALL	8	1.0	1.0
-16.73918	-2.37127	-15.76054	LAX_RV_FREEWALL	8	1.0	1.0
-18.54306	-2.37127	-13.60272	LAX_RV_FREEWALL	8	1.0	1.0
-20.06803	-1.01282	-11.21174	LAX_RV_FREEWALL	8	1.0	1.0
-21.87191	-1.01282	-9.05392	LAX_RV_FREEWALL	8	1.0	1.0
-23.67579	-1.01281	-6.89610	LAX_RV_FREEWALL	8	1.0	1.0
-25.13556	-3.72971	-6.28352	LAX_RV_FREEWALL	8	1.0	1.0
-26.59532	-6.44661	-5.67094	LAX_RV_FREEWALL	8	1.0	1.0
-27.15315	-9.16350	-6.13726	LAX_RV_FREEWALL	8	1.0	1.0
-28.39920	-6.44661	-3.51312	LAX_RV_EPICARDIAL	8	1.0	1.0
-28.05509	-9.16350	-5.05835	LAX_RV_EPICARDIAL	8	1.0	1.0
-28.61291	-11.88040	-5.52467	LAX_RV_EPICARDIAL	8	1.0	1.0
-28.26880	-14.59730	-7.06991	LAX_RV_EPICARDIAL	8	1.0	1.0
-27.02274	-17.31420	-9.69405	LAX_RV_EPICARDIAL	8	1.0	1.0
-25.77669	-20.03110	-12.31819	LAX_RV_EPICARDIAL	8	1.0	1.0
-24.25172	-21.38955	-14.70917	LAX_RV_EPICARDIAL	8	1.0	1.0
-22.72675	-22.74800	-17.10015	LAX_RV_EPICARDIAL	8	1.0	1.0
-21.20178	-24.10645	-19.49113	LAX_RV_EPICARDIAL	8	1.0	1.0
-19.39790	-24.10645	-21.64894	LAX_RV_EPICARDIAL	8	1.0	1.0
-17.87293	-25.46490	-24.03992	LAX_RV_EPICARDIAL	8	1.0	1.0
-16.06905	-25.46490	-26.19774	LAX_RV_EPICARDIAL	8	1.0	1.0
-14.54408	-26.82335	-28.58872	LAX_RV_EPICARDIAL	8	1.0	1.0
-12.74020	-26.82336	-30.74654	LAX_RV_EPICARDIAL	8	1.0	1.0
-10.93632	-26.82336	-32.90436	LAX_RV_EPICARDIAL	8	1.0	1.0
-9.13244	-26.82336	-35.06217	LAX_RV_EPICARDIAL	8	1.0	1.0
-7.32856	-26.82336	-37.21999	LAX_RV_EPICARDIAL	8	1.0	1.0
-5.24576	-25.46491	-39.14465	LAX_RV_EPICARDIAL	8	1.0	1.0
-3.44188	-25.46492	-41.30246	LAX_RV_EPICARDIAL	8	1.0	1.0
-1.63800	-25.46492	-43.46028	LAX_RV_EPICARDIAL	8	1.0	1.0
0.16588	-25.46492	-45.61810	LAX_RV_EPICARDIAL	8	1.0	1.0
1.96976	-25.46492	-47.77592	LAX_RV_EPICARDIAL	8	1.0	1.0
3.77364	-25.46492	-49.93373	LAX_RV_EPICARDIAL	8	1.0	1.0
5.57752	-25.46492	-52.09155	LAX_RV_EPICARDIAL	8	1.0	1.0
7.38140	-25.46493	-54.24937	LAX_RV_EPICARDIAL	8	1.0	1.0
9.18529	-25.46493	-56.40719	LAX_RV_EPICARDIAL	8	1.0	1.0
-12.29468	1.70407	-19.37669	LAX_RV_EPICARDIAL	8	1.0	1.0
-14.09856	1.70407	-17.21887	LAX_RV_EPICARDIAL	8	1.0	1.0
-15.90244	1.70408	-15.06105	LAX_RV_EPICARDIAL	8	1.0	1.0
-16.80438	1.70408	-13.98214	LAX_RV_EPICARDIAL	8	1.0	1.0
-18.88717	0.34563	-12.05749	LAX_RV_EPICARDIAL	8	1.0	1.0
-20.69106	0.34563	-9.89967	LAX_RV_EPICARDIAL	8	1.0	1.0
-24.57773	-1.01281	-5.81720	LAX_RV_EPICARDIAL	8	1.0	1.0
-26.93944	-3.72971	-4.12570	LAX_RV_EPICARDIAL	8	1.0	1.0
7.93923	-22.74803	-53.78304	LAX_RV_SEPTUM	8	1.0	1.0
8.21814	-21.38958	-53.54988	LAX_RV_SEPTUM	8	1.0	1.0
6.69317	-20.03113	-51.15890	LAX_RV_SEPTUM	8	1.0	1.0
5.16821	-18.67268	-48.76792	LAX_RV_SEPTUM	8	1.0	1.0
3.64324	-17.31423	-46.37694	LAX_RV_SEPTUM	8	1.0	1.0
2.11827	-15.95578	-43.98597	LAX_RV_SEPTUM	8	1.0	1.0
0.59330	-14.59733	-41.59499	LAX_RV_SEPTUM	8	1.0	1.0
-0.93167	-13.23888	-39.20401	LAX_RV_SEPTUM	8	1.0	1.0
-2.17772	-10.52198	-36.57987	LAX_RV_SEPTUM	8	1.0	1.0
-3.70269	-9.16353	-34.18889	LAX_RV_SEPTUM	8	1.0	1.0
-4.94875	-6.44663	-31.56475	LAX_RV_SEPTUM	8	1.0	1.0
-6.47372	-5.08818	-29.17377	LAX_RV_SEPTUM	8	1.0	1.0
-7.99868	-3.72973	-26.78279	LAX_RV_SEPTUM	8	1.0	1.0
-9.86777	0.34562	-22.84657	LAX_LV_EPICARDIAL	8	1.0	1.0
-8.34280	-1.01283	-25.23755	LAX_LV_EPICARDIAL	8	1.0	1.0
10.64505	-22.74803	-57.01977	LAX_LV_EPICARDIAL	8	1.0	1.0
12.17002	-24.10648	-59.41075	LAX_LV_EPICARDIAL	8	1.0	1.0
13.97390	-24.10648	-61.56857	LAX_LV_EPICARDIAL	8	1.0	1.0
15.49887	-25.46493	-63.95955	LAX_LV_EPICARDIAL	8	1.0	1.0
17.30275	-25.46494	-66.11737	LAX_LV_EPICARDIAL	8	1.0	1.0
18.82772	-26.82339	-68.50834	LAX_LV_EPICARDIAL	8	1.0	1.0
20.63160	-26.82339	-70.66616	LAX_LV_EPICARDIAL	8	1.0	1.0
22.43548	-26.82339	-72.82398	LAX_LV_EPICARDIAL	8	1.0	1.0
23.96045	-28.18184	-75.21496	LAX_LV_EPICARDIAL	8	1.0	1.0
25.76433	-28.18184	-77.37278	LAX_LV_EPICARDIAL	8	1.0	1.0
27.56821	-28.18184	-79.53059	LAX_LV_EPICARDIAL	8	1.0	1.0
29.37209	-28.18185	-81.68841	LAX_LV_EPICARDIAL	8	1.0	1.0
31.45489	-26.82340	-83.61307	LAX_LV_EPICARDIAL	8	1.0	1.0
33.25877	-26.82340	-85.77088	LAX_LV_EPICARDIAL	8	1.0	1.0
35.06265	-26.82340	-87.92870	LAX_LV_EPICARDIAL	8	1.0	1.0
36.86653	-26.82340	-90.08652	LAX_LV_EPICARDIAL	8	1.0	1.0
38.94933	-25.46496	-92.01118	LAX_LV_EPICARDIAL	8	1.0	1.0
41.31103	-22.74806	-93.70267	LAX_LV_EPICARDIAL	8	1.0	1.0
43.67274	-20.03117	-95.39416	LAX_LV_EPICARDIAL	8	1.0	1.0
45.13251	-17.31427	-96.00675	LAX_LV_EPICARDIAL	8	1.0	1.0
45.69033	-14.59737	-95.54042	LAX_LV_EPICARDIAL	8	1.0	1.0
46.24816	-11.88047	-95.07410	LAX_LV_EPICARDIAL	8	1.0	1.0
46.80598	-9.16358	-94.60778	LAX_LV_EPICARDIAL	8	1.0	1.0
46.46187	-6.44668	-93.06254	LAX_LV_EPICARDIAL	8	1.0	1.0
46.11775	-3.72978	-91.51731	LAX_LV_EPICARDIAL	8	1.0	1.0
45.77364	-1.01288	-89.97208	LAX_LV_EPICARDIAL	8	1.0	1.0
45.42952	1.70402	-88.42685	LAX_LV_EPICARDIAL	8	1.0	1.0
45.08541	4.42092	-86.88161	LAX_LV_EPICARDIAL	8	1.0	1.0
44.74129	7.13781	-85.33638	LAX_LV_EPICARDIAL	8	1.0	1.0
44.39718	9.85471	-83.79115	LAX_LV_EPICARDIAL	8	1.0	1.0
44.05306	12.57161	-82.24592	LAX_LV_EPICARDIAL	8	1.0	1.0
44.61089	15.28851	-81.77959	LAX_LV_EPICARDIAL	8	1.0	1.0
44.26677	18.00541	-80.23436	LAX_LV_EPICARDIAL	8	1.0	1.0
43.02072	20.72231	-77.61022	LAX_LV_EPICARDIAL	8	1.0	1.0
42.67660	23.43920	-76.06499	LAX_LV_EPICARDIAL	8	1.0	1.0
42.33249	26.15610	-74.51975	LAX_LV_EPICARDIAL	8	1.0	1.0
41.98837	28.87300	-72.97452	LAX_LV_EPICARDIAL	8	1.0	1.0
40.74232	31.58990	-70.35038	LAX_LV_EPICARDIAL	8	1.0	1.0
40.39820	34.30680	-68.80515	LAX_LV_EPICARDIAL	8	1.0	1.0
39.15215	37.02370	-66.18101	LAX_LV_EPICARDIAL	8	1.0	1.0
37.90609	39.74060	-63.55686	LAX_LV_EPICARDIAL	8	1.0	1.0
36.66004	42.45750	-60.93272	LAX_LV_EPICARDIAL	8	1.0	1.0
35.13507	43.81595	-58.54174	LAX_LV_EPICARDIAL	8	1.0	1.0
33.61010	45.17440	-56.15076	LAX_LV_EPICARDIAL	8	1.0	1.0
32.36404	47.89130	-53.52662	LAX_LV_EPICARDIAL	8	1.0	1.0
30.83907	49.24975	-51.13564	LAX_LV_EPICARDIAL	8	1.0	1.0
29.31411	50.60820	-48.74467	LAX_LV_EPICARDIAL	8	1.0	1.0
27.51022	50.60820	-46.58685	LAX_LV_EPICARDIAL	8	1.0	1.0
25.70634	50.60820	-44.42903	LAX_LV_EPICARDIAL	8	1.0	1.0
23.90246	50.60820	-42.27121	LAX_LV_EPICARDIAL	8	1.0	1.0
22.09858	50.60820	-40.11340	LAX_LV_EPICARDIAL	8	1.0	1.0
20.01579	49.24976	-38.18874	LAX_LV_EPICARDIAL	8	1.0	1.0
17.93299	47.89131	-36.26408	LAX_LV_EPICARDIAL	8	1.0	1.0
1.46625	24.79769	-26.20202	LAX_LV_EPICARDIAL	8	1.0	1.0
-0.61655	23.43925	-24.27737	LAX_LV_EPICARDIAL	8	1.0	1.0
-2.69934	22.08080	-22.35271	LAX_LV_EPICARDIAL	8	1.0	1.0
-4.50322	22.08080	-20.19489	LAX_LV_EPICARDIAL	8	1.0	1.0
-9.03103	4.42097	-22.14709	LAX_LV_ENDOCARDIAL	8	1.0	1.0
-7.22715	4.42097	-24.30491	LAX_LV_ENDOCARDIAL	8	1.0	1.0
-5.14435	5.77941	-26.22956	LAX_LV_ENDOCARDIAL	8	1.0	1.0
-3.06156	7.13786	-28.15422	LAX_LV_ENDOCARDIAL	8	1.0	1.0
-1.25768	7.13786	-30.31204	LAX_LV_ENDOCARDIAL	8	1.0	1.0
0.82512	8.49631	-32.23669	LAX_LV_ENDOCARDIAL	8	1.0	1.0
2.35008	7.13785	-34.62767	LAX_LV_ENDOCARDIAL	8	1.0	1.0
3.87505	5.77940	-37.01865	LAX_LV_ENDOCARDIAL	8	1.0	1.0
5.40002	4.42095	-39.40963	LAX_LV_ENDOCARDIAL	8	1.0	1.0
6.64608	1.70405	-42.03377	LAX_LV_ENDOCARDIAL	8	1.0	1.0
7.89213	-1.01284	-44.65791	LAX_LV_ENDOCARDIAL	8	1.0	1.0
9.13819	-3.72974	-47.28205	LAX_LV_ENDOCARDIAL	8	1.0	1.0
10.38424	-6.44664	-49.90619	LAX_LV_ENDOCARDIAL	8	1.0	1.0
11.90921	-7.80509	-52.29717	LAX_LV_ENDOCARDIAL	8	1.0	1.0
13.43418	-9.16354	-54.68815	LAX_LV_ENDOCARDIAL	8	1.0	1.0
14.95915	-10.52199	-57.07913	LAX_LV_ENDOCARDIAL	8	1.0	1.0
16.48412	-11.88045	-59.47011	LAX_LV_ENDOCARDIAL	8	1.0	1.0
18.00909	-13.23890	-61.86109	LAX_LV_ENDOCARDIAL	8	1.0	1.0
19.53405	-14.59735	-64.25207	LAX_LV_ENDOCARDIAL	8	1.0	1.0
21.33793	-14.59735	-66.40989	LAX_LV_ENDOCARDIAL	8	1.0	1.0
22.86290	-15.95580	-68.80087	LAX_LV_ENDOCARDIAL	8	1.0	1.0
24.38787	-17.31425	-71.19185	LAX_LV_ENDOCARDIAL	8	1.0	1.0
26.19175	-17.31425	-73.34966	LAX_LV_ENDOCARDIAL	8	1.0	1.0
27.71672	-18.67270	-75.74064	LAX_LV_ENDOCARDIAL	8	1.0	1.0
29.52060	-18.67270	-77.89846	LAX_LV_ENDOCARDIAL	8	1.0	1.0
31.04557	-20.03115	-80.28944	LAX_LV_ENDOCARDIAL	8	1.0	1.0
33.12837	-18.67271	-82.21410	LAX_LV_ENDOCARDIAL	8	1.0	1.0
34.65333	-20.03116	-84.60508	LAX_LV_ENDOCARDIAL	8	1.0	1.0
36.45721	-20.03116	-86.76289	LAX_LV_ENDOCARDIAL	8	1.0	1.0
37.98218	-21.38961	-89.15387	LAX_LV_ENDOCARDIAL	8	1.0	1.0
40.06498	-20.03116	-91.07853	LAX_LV_ENDOCARDIAL	8	1.0	1.0
42.42668	-17.31427	-92.77002	LAX_LV_ENDOCARDIAL	8	1.0	1.0
42.98451	-14.59737	-92.30370	LAX_LV_ENDOCARDIAL	8	1.0	1.0
42.64039	-11.88047	-90.75847	LAX_LV_ENDOCARDIAL	8	1.0	1.0
41.39434	-9.16357	-88.13432	LAX_LV_ENDOCARDIAL	8	1.0	1.0
40.14828	-6.44667	-85.51018	LAX_LV_ENDOCARDIAL	8	1.0	1.0
39.80417	-3.72977	-83.96495	LAX_LV_ENDOCARDIAL	8	1.0	1.0
39.46005	-1.01288	-82.41972	LAX_LV_ENDOCARDIAL	8	1.0	1.0
38.21400	1.70402	-79.79558	LAX_LV_ENDOCARDIAL	8	1.0	1.0
37.86988	4.42092	-78.25034	LAX_LV_ENDOCARDIAL	8	1.0	1.0
36.62383	7.13782	-75.62620	LAX_LV_ENDOCARDIAL	8	1.0	1.0
35.37777	9.85472	-73.00206	LAX_LV_ENDOCARDIAL	8	1.0	1.0
34.13172	12.57162	-70.37792	LAX_LV_ENDOCARDIAL	8	1.0	1.0
33.78760	15.28852	-68.83269	LAX_LV_ENDOCARDIAL	8	1.0	1.0
33.44349	18.00542	-67.28746	LAX_LV_ENDOCARDIAL	8	1.0	1.0
33.09937	20.72232	-65.74222	LAX_LV_ENDOCARDIAL	8	1.0	1.0
34.55914	23.43921	-66.35481	LAX_LV_ENDOCARDIAL	8	1.0	1.0
34.21502	26.15611	-64.80958	LAX_LV_ENDOCARDIAL	8	1.0	1.0
32.96897	28.87301	-62.18543	LAX_LV_ENDOCARDIAL	8	1.0	1.0
32.62485	31.58991	-60.64020	LAX_LV_ENDOCARDIAL	8	1.0	1.0
31.09988	32.94836	-58.24922	LAX_LV_ENDOCARDIAL	8	1.0	1.0
29.57491	34.30681	-55.85824	LAX_LV_ENDOCARDIAL	8	1.0	1.0
28.32886	37.02371	-53.23410	LAX_LV_ENDOCARDIAL	8	1.0	1.0
26.80389	38.38216	-50.84312	LAX_LV_ENDOCARDIAL	8	1.0	1.0
25.55784	41.09906	-48.21898	LAX_LV_ENDOCARDIAL	8	1.0	1.0
24.03287	42.45751	-45.82800	LAX_LV_ENDOCARDIAL	8	1.0	1.0
22.22899	42.45751	-43.67018	LAX_LV_ENDOCARDIAL	8	1.0	1.0
20.42510	42.45751	-41.51237	LAX_LV_ENDOCARDIAL	8	1.0	1.0
18.62122	42.45751	-39.35455	LAX_LV_ENDOCARDIAL	8	1.0	1.0
1.46625	24.79769	-26.20202	LAX_LV_ENDOCARDIAL	8	1.0	1.0
-0.61655	23.43925	-24.27737	LAX_LV_ENDOCARDIAL	8	1.0	1.0
-2.69934	22.08080	-22.35271	LAX_LV_ENDOCARDIAL	8	1.0	1.0
-4.50322	22.08080	-20.19489	LAX_LV_ENDOCARDIAL	8	1.0	1.0
-28.39920	-6.44661	-3.51312	LAX_RV_EPICARDIAL	8	1.0	1.0
-28.05509	-9.16350	-5.05835	LAX_RV_EPICARDIAL	8	1.0	1.0
-28.61291	-11.88040	-5.52467	LAX_RV_EPICARDIAL	8	1.0	1.0
-28.26880	-14.59730	-7.06991	LAX_RV_EPICARDIAL	8	1.0	1.0
-27.02274	-17.31420	-9.69405	LAX_RV_EPICARDIAL	8	1.0	1.0
-25.77669	-20.03110	-12.31819	LAX_RV_EPICARDIAL	8	1.0	1.0
-24.25172	-21.38955	-14.70917	LAX_RV_EPICARDIAL	8	1.0	1.0
-22.72675	-22.74800	-17.10015	LAX_RV_EPICARDIAL	8	1.0	1.0
-21.20178	-24.10645	-19.49113	LAX_RV_EPICARDIAL	8	1.0	1.0
-19.39790	-24.10645	-21.64894	LAX_RV_EPICARDIAL	8	1.0	1.0
-17.87293	-25.46490	-24.03992	LAX_RV_EPICARDIAL	8	1.0	1.0
-16.06905	-25.46490	-26.19774	LAX_RV_EPICARDIAL	8	1.0	1.0
-14.54408	-26.82335	-28.58872	LAX_RV_EPICARDIAL	8	1.0	1.0
-12.74020	-26.82336	-30.74654	LAX_RV_EPICARDIAL	8	1.0	1.0
-10.93632	-26.82336	-32.90436	LAX_RV_EPICARDIAL	8	1.0	1.0
-9.13244	-26.82336	-35.06217	LAX_RV_EPICARDIAL	8	1.0	1.0
-7.32856	-26.82336	-37.21999	LAX_RV_EPICARDIAL	8	1.0	1.0
-5.24576	-25.46491	-39.14465	LAX_RV_EPICARDIAL	8	1.0	1.0
-3.44188	-25.46492	-41.30246	LAX_RV_EPICARDIAL	8	1.0	1.0
-1.63800	-25.46492	-43.46028	LAX_RV_EPICARDIAL	8	1.0	1.0
0.16588	-25.46492	-45.61810	LAX_RV_EPICARDIAL	8	1.0	1.0
1.96976	-25.46492	-47.77592	LAX_RV_EPICARDIAL	8	1.0	1.0
3.77364	-25.46492	-49.93373	LAX_RV_EPICARDIAL	8	1.0	1.0
5.57752	-25.46492	-52.09155	LAX_RV_EPICARDIAL	8	1.0	1.0
7.38140	-25.46493	-54.24937	LAX_RV_EPICARDIAL	8	1.0	1.0
9.18529	-25.46493	-56.40719	LAX_RV_EPICARDIAL	8	1.0	1.0
-12.29468	1.70407	-19.37669	LAX_RV_EPICARDIAL	8	1.0	1.0
-14.09856	1.70407	-17.21887	LAX_RV_EPICARDIAL	8	1.0	1.0
-15.90244	1.70408	-15.06105	LAX_RV_EPICARDIAL	8	1.0	1.0
-16.80438	1.70408	-13.98214	LAX_RV_EPICARDIAL	8	1.0	1.0
-18.88717	0.34563	-12.05749	LAX_RV_EPICARDIAL	8	1.0	1.0
-20.69106	0.34563	-9.89967	LAX_RV_EPICARDIAL	8	1.0	1.0
-24.57773	-1.01281	-5.81720	LAX_RV_EPICARDIAL	8	1.0	1.0
-26.93944	-3.72971	-4.12570	LAX_RV_EPICARDIAL	8	1.0	1.0
-21.27788	37.02376	6.10588	LAX_LA	8	1.0	1.0
-20.93376	34.30686	4.56065	LAX_LA	8	1.0	1.0
-20.58965	31.58996	3.01541	LAX_LA	8	1.0	1.0
-19.96662	30.23151	1.70334	LAX_LA	8	1.0	1.0
-18.44165	28.87306	-0.68764	LAX_LA	8	1.0	1.0
-16.63777	28.87306	-2.84545	LAX_LA	8	1.0	1.0
-15.11280	27.51461	-5.23643	LAX_LA	8	1.0	1.0
-13.30892	27.51461	-7.39425	LAX_LA	8	1.0	1.0
-11.22612	28.87305	-9.31891	LAX_LA	8	1.0	1.0
-9.42224	28.87305	-11.47672	LAX_LA	8	1.0	1.0
-7.61836	28.87305	-13.63454	LAX_LA	8	1.0	1.0
-5.81448	28.87305	-15.79236	LAX_LA	8	1.0	1.0
-4.28951	27.51460	-18.18334	LAX_LA	8	1.0	1.0
-2.48563	27.51459	-20.34115	LAX_LA	8	1.0	1.0
-0.68175	27.51459	-22.49897	LAX_LA	8	1.0	1.0
1.12213	27.51459	-24.65679	LAX_LA	8	1.0	1.0
14.66935	45.17442	-33.49368	LAX_LA	8	1.0	1.0
13.14438	46.53287	-31.10270	LAX_LA	8	1.0	1.0
11.34050	46.53287	-28.94488	LAX_LA	8	1.0	1.0
9.81553	47.89132	-26.55391	LAX_LA	8	1.0	1.0
8.01165	47.89132	-24.39609	LAX_LA	8	1.0	1.0
6.20776	47.89132	-22.23827	LAX_LA	8	1.0	1.0
4.40388	47.89132	-20.08045	LAX_LA	8	1.0	1.0
2.60000	47.89133	-17.92263	LAX_LA	8	1.0	1.0
0.79612	47.89133	-15.76482	LAX_LA	8	1.0	1.0
0.45201	50.60823	-14.21959	LAX_LA	8	1.0	1.0
-1.07296	51.96668	-11.82861	LAX_LA	8	1.0	1.0
-2.87684	51.96668	-9.67079	LAX_LA	8	1.0	1.0
-4.68072	51.96668	-7.51297	LAX_LA	8	1.0	1.0
-6.48461	51.96668	-5.35515	LAX_LA	8	1.0	1.0
-8.56740	50.60823	-3.43050	LAX_LA	8	1.0	1.0
-10.65019	49.24979	-1.50584	LAX_LA	8	1.0	1.0
-12.73299	47.89134	0.41881	LAX_LA	8	1.0	1.0
-15.09470	45.17444	2.11031	LAX_LA	8	1.0	1.0
-17.17749	43.81600	4.03496	LAX_LA	8	1.0	1.0
-19.53920	41.09910	5.72646	LAX_LA	8	1.0	1.0
-20.99896	38.38220	6.33904	LAX_LA	8	1.0	1.0
1.84462	27.45831	-25.54452	MITRAL_VALVE	8	1.0	1.0
16.46192	43.05897	-36.52062	MITRAL_VALVE	8	1.0	1.0
-6.74362	20.91189	-18.00263	AORTA_VALVE	8	1.0	1.0
-10.69283	4.05785	-20.31074	AORTA_VALVE	8	1.0	1.0
43.82357	-20.00034	-95.56173	APEX_POINT	8	1.0	1.0
-53.18483	3.88894	-72.79785	LAX_RV_FREEWALL	7	1.0	5
-54.36310	2.28764	-75.23408	LAX_RV_FREEWALL	7	1.0	5
-55.54137	0.68635	-77.67032	LAX_RV_FREEWALL	7	1.0	5
-55.31985	-0.91494	-79.97183	LAX_RV_FREEWALL	7	1.0	5
-53.69856	-2.51623	-82.13862	LAX_RV_FREEWALL	7	1.0	5
-50.67748	-4.11752	-84.17068	LAX_RV_FREEWALL	7	1.0	5
-49.05619	-5.71881	-86.33746	LAX_RV_FREEWALL	7	1.0	5
-46.03511	-7.32011	-88.36953	LAX_RV_FREEWALL	7	1.0	5
-44.41382	-8.92140	-90.53631	LAX_RV_FREEWALL	7	1.0	5
-41.50350	-9.72204	-91.41762	LAX_RV_FREEWALL	7	1.0	5
-38.59318	-10.52269	-92.29893	LAX_RV_FREEWALL	7	1.0	5
-35.57210	-12.12398	-94.33099	LAX_RV_FREEWALL	7	1.0	5
-32.55103	-13.72527	-96.36305	LAX_RV_FREEWALL	7	1.0	5
-29.64071	-14.52592	-97.24435	LAX_RV_FREEWALL	7	1.0	5
-26.73039	-15.32657	-98.12566	LAX_RV_FREEWALL	7	1.0	5
-23.82007	-16.12721	-99.00697	LAX_RV_FREEWALL	7	1.0	5
-21.02051	-16.12721	-98.73752	LAX_RV_FREEWALL	7	1.0	5
-18.11019	-16.92786	-99.61882	LAX_RV_FREEWALL	7	1.0	5
-15.19987	-17.72851	-100.50013	LAX_RV_FREEWALL	7	1.0	5
-12.28955	-18.52915	-101.38144	LAX_RV_FREEWALL	7	1.0	5
-9.48999	-18.52915	-101.11199	LAX_RV_FREEWALL	7	1.0	5
-6.57967	-19.32980	-101.99329	LAX_RV_FREEWALL	7	1.0	5
-3.78011	-19.32980	-101.72384	LAX_RV_FREEWALL	7	1.0	5
-0.98055	-19.32980	-101.45439	LAX_RV_FREEWALL	7	1.0	5
1.92977	-20.13045	-102.33570	LAX_RV_FREEWALL	7	1.0	5
4.72934	-20.13045	-102.06625	LAX_RV_FREEWALL	7	1.0	5
7.52890	-20.13045	-101.79680	LAX_RV_FREEWALL	7	1.0	5
10.43922	-20.93110	-102.67811	LAX_RV_FREEWALL	7	1.0	5
13.23878	-20.93110	-102.40866	LAX_RV_FREEWALL	7	1.0	5
16.14910	-21.73174	-103.28996	LAX_RV_FREEWALL	7	1.0	5
18.94866	-21.73174	-103.02052	LAX_RV_FREEWALL	7	1.0	5
21.63747	-20.93110	-101.60031	LAX_RV_FREEWALL	7	1.0	5
24.32627	-20.13045	-100.18011	LAX_RV_FREEWALL	7	1.0	5
-53.29559	4.68958	-71.64709	LAX_RV_EPICARDIAL	7	1.0	5
-56.09515	4.68958	-71.91654	LAX_RV_EPICARDIAL	7	1.0	5
-58.78395	3.88894	-73.33675	LAX_RV_EPICARDIAL	7	1.0	5
-61.47276	3.08829	-74.75695	LAX_RV_EPICARDIAL	7	1.0	5
-59.85147	1.48700	-76.92374	LAX_RV_EPICARDIAL	7	1.0	5
-59.62995	-0.11429	-79.22525	LAX_RV_EPICARDIAL	7	1.0	5
-58.00866	-1.71558	-81.39204	LAX_RV_EPICARDIAL	7	1.0	5
-57.78715	-3.31687	-83.69355	LAX_RV_EPICARDIAL	7	1.0	5
-56.16585	-4.91817	-85.86033	LAX_RV_EPICARDIAL	7	1.0	5
-54.54456	-6.51946	-88.02712	LAX_RV_EPICARDIAL	7	1.0	5
-52.92326	-8.12075	-90.19391	LAX_RV_EPICARDIAL	7	1.0	5
-49.90219	-9.72204	-92.22597	LAX_RV_EPICARDIAL	7	1.0	5
-46.88111	-11.32333	-94.25803	LAX_RV_EPICARDIAL	7	1.0	5
-43.86004	-12.92462	-96.29009	LAX_RV_EPICARDIAL	7	1.0	5
-40.83896	-14.52592	-98.32215	LAX_RV_EPICARDIAL	7	1.0	5
-37.92864	-15.32656	-99.20346	LAX_RV_EPICARDIAL	7	1.0	5
-35.01832	-16.12721	-100.08476	LAX_RV_EPICARDIAL	7	1.0	5
-32.10800	-16.92786	-100.96607	LAX_RV_EPICARDIAL	7	1.0	5
-29.19768	-17.72850	-101.84738	LAX_RV_EPICARDIAL	7	1.0	5
-26.28736	-18.52915	-102.72868	LAX_RV_EPICARDIAL	7	1.0	5
-23.48780	-18.52915	-102.45923	LAX_RV_EPICARDIAL	7	1.0	5
-20.57748	-19.32980	-103.34054	LAX_RV_EPICARDIAL	7	1.0	5
-17.66716	-20.13044	-104.22185	LAX_RV_EPICARDIAL	7	1.0	5
-14.86760	-20.13044	-103.95240	LAX_RV_EPICARDIAL	7	1.0	5
-11.95728	-20.93109	-104.83370	LAX_RV_EPICARDIAL	7	1.0	5
-9.15772	-20.93109	-104.56425	LAX_RV_EPICARDIAL	7	1.0	5
-6.24740	-21.73174	-105.44556	LAX_RV_EPICARDIAL	7	1.0	5
-3.44784	-21.73174	-105.17611	LAX_RV_EPICARDIAL	7	1.0	5
-0.53752	-22.53238	-106.05742	LAX_RV_EPICARDIAL	7	1.0	5
2.26204	-22.53239	-105.78797	LAX_RV_EPICARDIAL	7	1.0	5
5.06161	-22.53239	-105.51852	LAX_RV_EPICARDIAL	7	1.0	5
7.86117	-22.53239	-105.24907	LAX_RV_EPICARDIAL	7	1.0	5
10.66073	-22.53239	-104.97962	LAX_RV_EPICARDIAL	7	1.0	5
13.46029	-22.53239	-104.71017	LAX_RV_EPICARDIAL	7	1.0	5
16.37061	-23.33303	-105.59148	LAX_RV_EPICARDIAL	7	1.0	5
19.17017	-23.33304	-105.32203	LAX_RV_EPICARDIAL	7	1.0	5
21.96974	-23.33304	-105.05258	LAX_RV_EPICARDIAL	7	1.0	5
24.76930	-23.33304	-104.78313	LAX_RV_EPICARDIAL	7	1.0	5
27.34735	-21.73175	-102.21217	LAX_RV_EPICARDIAL	7	1.0	5
28.52562	-20.13046	-99.77593	LAX_RV_EPICARDIAL	7	1.0	5
27.01508	-19.32981	-98.75990	LAX_RV_EPICARDIAL	7	1.0	5
-23.71872	13.49667	-56.02484	LAX_RV_SEPTUM	7	1.0	5
25.50454	-18.52916	-97.74387	LAX_RV_SEPTUM	7	1.0	5
22.59422	-17.72852	-96.86256	LAX_RV_SEPTUM	7	1.0	5
19.57315	-16.12723	-94.83050	LAX_RV_SEPTUM	7	1.0	5
16.66283	-15.32658	-93.94920	LAX_RV_SEPTUM	7	1.0	5
13.64175	-13.72529	-91.91713	LAX_RV_SEPTUM	7	1.0	5
10.73143	-12.92464	-91.03583	LAX_RV_SEPTUM	7	1.0	5
7.71036	-11.32335	-89.00377	LAX_RV_SEPTUM	7	1.0	5
4.68928	-9.72206	-86.97171	LAX_RV_SEPTUM	7	1.0	5
1.66821	-8.12076	-84.93964	LAX_RV_SEPTUM	7	1.0	5
0.04691	-6.51947	-82.77286	LAX_RV_SEPTUM	7	1.0	5
-2.97416	-4.91818	-80.74080	LAX_RV_SEPTUM	7	1.0	5
-4.59546	-3.31689	-78.57401	LAX_RV_SEPTUM	7	1.0	5
-6.21675	-1.71560	-76.40722	LAX_RV_SEPTUM	7	1.0	5
-7.83805	-0.11431	-74.24044	LAX_RV_SEPTUM	7	1.0	5
-9.45934	1.48699	-72.07365	LAX_RV_SEPTUM	7	1.0	5
-11.08064	3.08828	-69.90686	LAX_RV_SEPTUM	7	1.0	5
-14.10171	4.68957	-67.87480	LAX_RV_SEPTUM	7	1.0	5
-15.72300	6.29086	-65.70802	LAX_RV_SEPTUM	7	1.0	5
-17.34430	7.89215	-63.54123	LAX_RV_SEPTUM	7	1.0	5
-18.96559	9.49344	-61.37444	LAX_RV_SEPTUM	7	1.0	5
-20.58689	11.09474	-59.20766	LAX_RV_SEPTUM	7	1.0	5
-22.20818	12.69603	-57.04087	LAX_RV_SEPTUM	7	1.0	5
18.19461	34.31345	-21.79401	LAX_LV_EPICARDIAL	7	1.0	5
-21.91597	20.70248	-45.39859	LAX_LV_EPICARDIAL	7	1.0	5
-21.69445	19.10119	-47.70010	LAX_LV_EPICARDIAL	7	1.0	5
-22.87272	17.49990	-50.13634	LAX_LV_EPICARDIAL	7	1.0	5
-22.65121	15.89861	-52.43785	LAX_LV_EPICARDIAL	7	1.0	5
29.70389	-18.52916	-97.33970	LAX_LV_EPICARDIAL	7	1.0	5
32.50345	-18.52917	-97.07025	LAX_LV_EPICARDIAL	7	1.0	5
35.41377	-19.32981	-97.95155	LAX_LV_EPICARDIAL	7	1.0	5
38.21333	-19.32981	-97.68210	LAX_LV_EPICARDIAL	7	1.0	5
41.01289	-19.32981	-97.41265	LAX_LV_EPICARDIAL	7	1.0	5
43.70170	-18.52917	-95.99245	LAX_LV_EPICARDIAL	7	1.0	5
46.27975	-16.92788	-93.42149	LAX_LV_EPICARDIAL	7	1.0	5
48.85780	-15.32659	-90.85053	LAX_LV_EPICARDIAL	7	1.0	5
50.03606	-13.72530	-88.41429	LAX_LV_EPICARDIAL	7	1.0	5
51.21433	-12.12401	-85.97806	LAX_LV_EPICARDIAL	7	1.0	5
50.99282	-10.52271	-83.67655	LAX_LV_EPICARDIAL	7	1.0	5
52.17109	-8.92142	-81.24031	LAX_LV_EPICARDIAL	7	1.0	5
51.94957	-7.32013	-78.93880	LAX_LV_EPICARDIAL	7	1.0	5
53.12784	-5.71884	-76.50256	LAX_LV_EPICARDIAL	7	1.0	5
54.30611	-4.11755	-74.06633	LAX_LV_EPICARDIAL	7	1.0	5
54.08460	-2.51626	-71.76482	LAX_LV_EPICARDIAL	7	1.0	5
53.86309	-0.91497	-69.46331	LAX_LV_EPICARDIAL	7	1.0	5
55.04135	0.68632	-67.02707	LAX_LV_EPICARDIAL	7	1.0	5
54.81984	2.28761	-64.72556	LAX_LV_EPICARDIAL	7	1.0	5
54.59833	3.88890	-62.42405	LAX_LV_EPICARDIAL	7	1.0	5
54.37681	5.49020	-60.12254	LAX_LV_EPICARDIAL	7	1.0	5
54.15530	7.09149	-57.82103	LAX_LV_EPICARDIAL	7	1.0	5
52.53401	8.69278	-55.65424	LAX_LV_EPICARDIAL	7	1.0	5
52.31249	10.29407	-53.35273	LAX_LV_EPICARDIAL	7	1.0	5
50.69120	11.89536	-51.18594	LAX_LV_EPICARDIAL	7	1.0	5
50.46969	13.49665	-48.88443	LAX_LV_EPICARDIAL	7	1.0	5
50.24817	15.09794	-46.58292	LAX_LV_EPICARDIAL	7	1.0	5
48.62688	16.69924	-44.41614	LAX_LV_EPICARDIAL	7	1.0	5
48.40537	18.30053	-42.11463	LAX_LV_EPICARDIAL	7	1.0	5
46.78407	19.90182	-39.94784	LAX_LV_EPICARDIAL	7	1.0	5
45.16278	21.50311	-37.78105	LAX_LV_EPICARDIAL	7	1.0	5
43.54148	23.10440	-35.61427	LAX_LV_EPICARDIAL	7	1.0	5
41.92019	24.70569	-33.44748	LAX_LV_EPICARDIAL	7	1.0	5
40.29889	26.30699	-31.28069	LAX_LV_EPICARDIAL	7	1.0	5
38.67760	27.90828	-29.11391	LAX_LV_EPICARDIAL	7	1.0	5
35.65652	29.50957	-27.08185	LAX_LV_EPICARDIAL	7	1.0	5
32.63545	31.11086	-25.04978	LAX_LV_EPICARDIAL	7	1.0	5
29.72513	31.91151	-24.16848	LAX_LV_EPICARDIAL	7	1.0	5
26.81481	32.71215	-23.28717	LAX_LV_EPICARDIAL	7	1.0	5
23.90449	33.51280	-22.40587	LAX_LV_EPICARDIAL	7	1.0	5
20.99417	34.31345	-21.52456	LAX_LV_EPICARDIAL	7	1.0	5
-20.51618	20.70248	-45.26387	LAX_LV_ENDOCARDIAL	7	1.0	5
-18.89489	19.10119	-47.43065	LAX_LV_ENDOCARDIAL	7	1.0	5
-17.27360	17.49990	-49.59744	LAX_LV_ENDOCARDIAL	7	1.0	5
-15.65230	15.89861	-51.76423	LAX_LV_ENDOCARDIAL	7	1.0	5
-14.03101	14.29732	-53.93101	LAX_LV_ENDOCARDIAL	7	1.0	5
-12.40971	12.69603	-56.09780	LAX_LV_ENDOCARDIAL	7	1.0	5
-9.38864	11.09473	-58.12986	LAX_LV_ENDOCARDIAL	7	1.0	5
-6.36756	9.49344	-60.16192	LAX_LV_ENDOCARDIAL	7	1.0	5
-3.34649	7.89215	-62.19398	LAX_LV_ENDOCARDIAL	7	1.0	5
-1.72519	6.29086	-64.36077	LAX_LV_ENDOCARDIAL	7	1.0	5
1.29588	4.68957	-66.39283	LAX_LV_ENDOCARDIAL	7	1.0	5
4.31696	3.08827	-68.42489	LAX_LV_ENDOCARDIAL	7	1.0	5
5.93825	1.48698	-70.59168	LAX_LV_ENDOCARDIAL	7	1.0	5
7.55955	-0.11431	-72.75847	LAX_LV_ENDOCARDIAL	7	1.0	5
9.18084	-1.71560	-74.92525	LAX_LV_ENDOCARDIAL	7	1.0	5
12.20192	-3.31689	-76.95731	LAX_LV_ENDOCARDIAL	7	1.0	5
13.82321	-4.91819	-79.12410	LAX_LV_ENDOCARDIAL	7	1.0	5
16.84429	-6.51948	-81.15616	LAX_LV_ENDOCARDIAL	7	1.0	5
18.46558	-8.12077	-83.32295	LAX_LV_ENDOCARDIAL	7	1.0	5
21.48666	-9.72206	-85.35501	LAX_LV_ENDOCARDIAL	7	1.0	5
24.39698	-10.52271	-86.23632	LAX_LV_ENDOCARDIAL	7	1.0	5
27.41805	-12.12400	-88.26838	LAX_LV_ENDOCARDIAL	7	1.0	5
30.43913	-13.72529	-90.30044	LAX_LV_ENDOCARDIAL	7	1.0	5
33.46020	-15.32658	-92.33250	LAX_LV_ENDOCARDIAL	7	1.0	5
36.37052	-16.12723	-93.21381	LAX_LV_ENDOCARDIAL	7	1.0	5
39.17008	-16.12723	-92.94436	LAX_LV_ENDOCARDIAL	7	1.0	5
41.96965	-16.12723	-92.67491	LAX_LV_ENDOCARDIAL	7	1.0	5
43.14791	-14.52594	-90.23867	LAX_LV_ENDOCARDIAL	7	1.0	5
44.32618	-12.92465	-87.80244	LAX_LV_ENDOCARDIAL	7	1.0	5
44.10467	-11.32336	-85.50093	LAX_LV_ENDOCARDIAL	7	1.0	5
45.28294	-9.72207	-83.06469	LAX_LV_ENDOCARDIAL	7	1.0	5
45.06143	-8.12078	-80.76318	LAX_LV_ENDOCARDIAL	7	1.0	5
44.83991	-6.51949	-78.46167	LAX_LV_ENDOCARDIAL	7	1.0	5
44.61840	-4.91819	-76.16016	LAX_LV_ENDOCARDIAL	7	1.0	5
45.79667	-3.31690	-73.72392	LAX_LV_ENDOCARDIAL	7	1.0	5
45.57515	-1.71561	-71.42241	LAX_LV_ENDOCARDIAL	7	1.0	5
45.35364	-0.11432	-69.12090	LAX_LV_ENDOCARDIAL	7	1.0	5
45.13213	1.48697	-66.81939	LAX_LV_ENDOCARDIAL	7	1.0	5
44.91061	3.08826	-64.51788	LAX_LV_ENDOCARDIAL	7	1.0	5
44.68910	4.68955	-62.21637	LAX_LV_ENDOCARDIAL	7	1.0	5
44.46759	6.29084	-59.91486	LAX_LV_ENDOCARDIAL	7	1.0	5
42.84629	7.89214	-57.74807	LAX_LV_ENDOCARDIAL	7	1.0	5
41.22500	9.49343	-55.58128	LAX_LV_ENDOCARDIAL	7	1.0	5
41.00349	11.09472	-53.27977	LAX_LV_ENDOCARDIAL	7	1.0	5
39.38219	12.69601	-51.11299	LAX_LV_ENDOCARDIAL	7	1.0	5
39.16068	14.29730	-48.81148	LAX_LV_ENDOCARDIAL	7	1.0	5
37.53939	15.89859	-46.64469	LAX_LV_ENDOCARDIAL	7	1.0	5
37.31787	17.49988	-44.34318	LAX_LV_ENDOCARDIAL	7	1.0	5
35.69658	19.10118	-42.17639	LAX_LV_ENDOCARDIAL	7	1.0	5
34.07528	20.70247	-40.00961	LAX_LV_ENDOCARDIAL	7	1.0	5
32.45399	22.30376	-37.84282	LAX_LV_ENDOCARDIAL	7	1.0	5
30.83270	23.90505	-35.67603	LAX_LV_ENDOCARDIAL	7	1.0	5
27.81162	25.50634	-33.64397	LAX_LV_ENDOCARDIAL	7	1.0	5
26.19033	27.10764	-31.47719	LAX_LV_ENDOCARDIAL	7	1.0	5
23.16925	28.70893	-29.44512	LAX_LV_ENDOCARDIAL	7	1.0	5
20.14817	30.31022	-27.41306	LAX_LV_ENDOCARDIAL	7	1.0	5
17.12710	31.91151	-25.38100	LAX_LV_ENDOCARDIAL	7	1.0	5
-53.29559	4.68958	-71.64709	LAX_RV_EPICARDIAL	7	1.0	5
-56.09515	4.68958	-71.91654	LAX_RV_EPICARDIAL	7	1.0	5
-58.78395	3.88894	-73.33675	LAX_RV_EPICARDIAL	7	1.0	5
-61.47276	3.08829	-74.75695	LAX_RV_EPICARDIAL	7	1.0	5
-59.85147	1.48700	-76.92374	LAX_RV_EPICARDIAL	7	1.0	5
-59.62995	-0.11429	-79.22525	LAX_RV_EPICARDIAL	7	1.0	5
-58.00866	-1.71558	-81.39204	LAX_RV_EPICARDIAL	7	1.0	5
-57.78715	-3.31687	-83.69355	LAX_RV_EPICARDIAL	7	1.0	5
-56.16585	-4.91817	-85.86033	LAX_RV_EPICARDIAL	7	1.0	5
-54.54456	-6.51946	-88.02712	LAX_RV_EPICARDIAL	7	1.0	5
-52.92326	-8.12075	-90.19391	LAX_RV_EPICARDIAL	7	1.0	5
-49.90219	-9.72204	-92.22597	LAX_RV_EPICARDIAL	7	1.0	5
-46.88111	-11.32333	-94.25803	LAX_RV_EPICARDIAL	7	1.0	5
-43.86004	-12.92462	-96.29009	LAX_RV_EPICARDIAL	7	1.0	5
-40.83896	-14.52592	-98.32215	LAX_RV_EPICARDIAL	7	1.0	5
-37.92864	-15.32656	-99.20346	LAX_RV_EPICARDIAL	7	1.0	5
-35.01832	-16.12721	-100.08476	LAX_RV_EPICARDIAL	7	1.0	5
-32.10800	-16.92786	-100.96607	LAX_RV_EPICARDIAL	7	1.0	5
-29.19768	-17.72850	-101.84738	LAX_RV_EPICARDIAL	7	1.0	5
-26.28736	-18.52915	-102.72868	LAX_RV_EPICARDIAL	7	1.0	5
-23.48780	-18.52915	-102.45923	LAX_RV_EPICARDIAL	7	1.0	5
-20.57748	-19.32980	-103.34054	LAX_RV_EPICARDIAL	7	1.0	5
-17.66716	-20.13044	-104.22185	LAX_RV_EPICARDIAL	7	1.0	5
-14.86760	-20.13044	-103.95240	LAX_RV_EPICARDIAL	7	1.0	5
-11.95728	-20.93109	-104.83370	LAX_RV_EPICARDIAL	7	1.0	5
-9.15772	-20.93109	-104.56425	LAX_RV_EPICARDIAL	7	1.0	5
-6.24740	-21.73174	-105.44556	LAX_RV_EPICARDIAL	7	1.0	5
-3.44784	-21.73174	-105.17611	LAX_RV_EPICARDIAL	7	1.0	5
-0.53752	-22.53238	-106.05742	LAX_RV_EPICARDIAL	7	1.0	5
2.26204	-22.53239	-105.78797	LAX_RV_EPICARDIAL	7	1.0	5
5.06161	-22.53239	-105.51852	LAX_RV_EPICARDIAL	7	1.0	5
7.86117	-22.53239	-105.24907	LAX_RV_EPICARDIAL	7	1.0	5
10.66073	-22.53239	-104.97962	LAX_RV_EPICARDIAL	7	1.0	5
13.46029	-22.53239	-104.71017	LAX_RV_EPICARDIAL	7	1.0	5
16.37061	-23.33303	-105.59148	LAX_RV_EPICARDIAL	7	1.0	5
19.17017	-23.33304	-105.32203	LAX_RV_EPICARDIAL	7	1.0	5
21.96974	-23.33304	-105.05258	LAX_RV_EPICARDIAL	7	1.0	5
24.76930	-23.33304	-104.78313	LAX_RV_EPICARDIAL	7	1.0	5
27.34735	-21.73175	-102.21217	LAX_RV_EPICARDIAL	7	1.0	5
28.52562	-20.13046	-99.77593	LAX_RV_EPICARDIAL	7	1.0	5
27.01508	-19.32981	-98.75990	LAX_RV_EPICARDIAL	7	1.0	5
-11.90539	49.52572	-2.62415	LAX_LA	7	1.0	5
-14.59419	48.72508	-4.04435	LAX_LA	7	1.0	5
-17.28300	47.92443	-5.46456	LAX_LA	7	1.0	5
-19.86105	46.32314	-8.03552	LAX_LA	7	1.0	5
-22.66061	46.32314	-8.30497	LAX_LA	7	1.0	5
-25.34942	45.52250	-9.72517	LAX_LA	7	1.0	5
-28.03822	44.72185	-11.14538	LAX_LA	7	1.0	5
-30.83779	44.72185	-11.41483	LAX_LA	7	1.0	5
-33.74811	45.52250	-10.53352	LAX_LA	7	1.0	5
-36.54767	45.52250	-10.80297	LAX_LA	7	1.0	5
-39.45799	46.32315	-9.92166	LAX_LA	7	1.0	5
-42.25755	46.32315	-10.19111	LAX_LA	7	1.0	5
-45.16787	47.12380	-9.30981	LAX_LA	7	1.0	5
-47.96743	47.12380	-9.57926	LAX_LA	7	1.0	5
-50.76699	47.12380	-9.84871	LAX_LA	7	1.0	5
-53.45580	46.32315	-11.26891	LAX_LA	7	1.0	5
-56.03385	44.72186	-13.83987	LAX_LA	7	1.0	5
-57.21212	43.12057	-16.27611	LAX_LA	7	1.0	5
-56.99060	41.51928	-18.57762	LAX_LA	7	1.0	5
-56.76909	39.91799	-20.87913	LAX_LA	7	1.0	5
-53.74802	38.31670	-22.91119	LAX_LA	7	1.0	5
-52.12672	36.71540	-25.07798	LAX_LA	7	1.0	5
-49.10565	35.11411	-27.11004	LAX_LA	7	1.0	5
-46.19533	34.31347	-27.99134	LAX_LA	7	1.0	5
-43.28501	33.51282	-28.87265	LAX_LA	7	1.0	5
-40.48545	33.51282	-28.60320	LAX_LA	7	1.0	5
-37.57513	32.71217	-29.48451	LAX_LA	7	1.0	5
-34.66481	31.91153	-30.36581	LAX_LA	7	1.0	5
-31.64373	30.31023	-32.39787	LAX_LA	7	1.0	5
-30.02244	28.70894	-34.56466	LAX_LA	7	1.0	5
-28.40114	27.10765	-36.73145	LAX_LA	7	1.0	5
-26.77985	25.50636	-38.89823	LAX_LA	7	1.0	5
-23.75877	23.90507	-40.93029	LAX_LA	7	1.0	5
15.39505	34.31345	-22.06346	LAX_LA	7	1.0	5
15.17353	35.91474	-19.76195	LAX_LA	7	1.0	5
16.35180	37.51603	-17.32571	LAX_LA	7	1.0	5
16.13029	39.11732	-15.02420	LAX_LA	7	1.0	5
15.90878	40.71861	-12.72269	LAX_LA	7	1.0	5
12.99846	41.51926	-11.84138	LAX_LA	7	1.0	5
10.08814	42.31991	-10.96008	LAX_LA	7	1.0	5
7.06706	43.92120	-8.92802	LAX_LA	7	1.0	5
6.84555	45.52249	-6.62651	LAX_LA	7	1.0	5
3.82447	47.12378	-4.59444	LAX_LA	7	1.0	5
0.91416	47.92443	-3.71314	LAX_LA	7	1.0	5
-2.10692	49.52572	-1.68108	LAX_LA	7	1.0	5
-4.90648	49.52572	-1.95053	LAX_LA	7	1.0	5
-7.70605	49.52572	-2.21997	LAX_LA	7	1.0	5
-10.50561	49.52572	-2.48942	LAX_LA	7	1.0	5
-64.28173	33.51283	-30.89352	LAX_RA	7	1.0	5
-66.97053	32.71218	-32.31372	LAX_RA	7	1.0	5
-69.65934	31.91154	-33.73393	LAX_RA	7	1.0	5
-72.23739	30.31025	-36.30489	LAX_RA	7	1.0	5
-73.41566	28.70895	-38.74112	LAX_RA	7	1.0	5
-74.59392	27.10766	-41.17736	LAX_RA	7	1.0	5
-75.77219	25.50637	-43.61360	LAX_RA	7	1.0	5
-76.95046	23.90508	-46.04983	LAX_RA	7	1.0	5
-76.72895	22.30379	-48.35134	LAX_RA	7	1.0	5
-76.50743	20.70250	-50.65285	LAX_RA	7	1.0	5
-74.88614	19.10121	-52.81964	LAX_RA	7	1.0	5
-74.66463	17.49992	-55.12115	LAX_RA	7	1.0	5
-74.44311	15.89863	-57.42266	LAX_RA	7	1.0	5
-74.22160	14.29733	-59.72417	LAX_RA	7	1.0	5
-71.20053	12.69604	-61.75623	LAX_RA	7	1.0	5
-69.57923	11.09475	-63.92302	LAX_RA	7	1.0	5
-69.35772	9.49346	-66.22453	LAX_RA	7	1.0	5
-66.44740	8.69281	-67.10584	LAX_RA	7	1.0	5
-63.42632	7.09152	-69.13790	LAX_RA	7	1.0	5
-61.91579	6.29087	-70.15393	LAX_RA	7	1.0	5
-59.00547	5.49023	-71.03524	LAX_RA	7	1.0	5
-56.20590	5.49023	-70.76579	LAX_RA	7	1.0	5
-53.40634	5.49023	-70.49634	LAX_RA	7	1.0	5
-23.82948	14.29732	-54.87409	LAX_RA	7	1.0	5
-24.05099	15.89861	-52.57257	LAX_RA	7	1.0	5
-24.27250	17.49990	-50.27106	LAX_RA	7	1.0	5
-23.09423	19.10119	-47.83483	LAX_RA	7	1.0	5
-24.71553	20.70248	-45.66804	LAX_RA	7	1.0	5
-26.33682	22.30378	-43.50126	LAX_RA	7	1.0	5
-29.35790	23.90507	-41.46919	LAX_RA	7	1.0	5
-32.37897	25.50636	-39.43713	LAX_RA	7	1.0	5
-35.40005	27.10765	-37.40507	LAX_RA	7	1.0	5
-37.02134	28.70894	-35.23828	LAX_RA	7	1.0	5
-40.04242	30.31024	-33.20622	LAX_RA	7	1.0	5
-42.95274	31.11088	-32.32492	LAX_RA	7	1.0	5
-45.75230	31.11088	-32.59437	LAX_RA	7	1.0	5
-48.55186	31.11088	-32.86381	LAX_RA	7	1.0	5
-51.46218	31.91153	-31.98251	LAX_RA	7	1.0	5
-54.37250	32.71218	-31.10120	LAX_RA	7	1.0	5
-57.28282	33.51282	-30.21990	LAX_RA	7	1.0	5
-60.08238	33.51282	-30.48935	LAX_RA	7	1.0	5
-62.88195	33.51282	-30.75879	LAX_RA	7	1.0	5
-20.39501	22.30509	-42.92747	MITRAL_VALVE	7	1.0	5
15.15673	32.82646	-24.24343	MITRAL_VALVE	7	1.0	5
-52.65379	5.31935	-70.67178	TRICUSPID_VALVE	7	1.0	5
-23.75383	14.11752	-55.12763	TRICUSPID_VALVE	7	1.0	5
41.40829	-19.28414	-97.30835	APEX_POINT	7	1.0	5
-10.69615	-17.18623	-3.95481	LAX_RV_FREEWALL	11	1.0	5
-10.23242	-18.57999	-6.73512	LAX_RV_FREEWALL	11	1.0	5
-9.85411	-18.57011	-9.52204	LAX_RV_FREEWALL	11	1.0	5
-9.39038	-19.96387	-12.30234	LAX_RV_FREEWALL	11	1.0	5
-9.01207	-19.95399	-15.08927	LAX_RV_FREEWALL	11	1.0	5
-8.54834	-21.34775	-17.86957	LAX_RV_FREEWALL	11	1.0	5
-8.17003	-21.33787	-20.65649	LAX_RV_FREEWALL	11	1.0	5
-7.70630	-22.73163	-23.43680	LAX_RV_FREEWALL	11	1.0	5
-7.32799	-22.72175	-26.22372	LAX_RV_FREEWALL	11	1.0	5
-6.94968	-22.71188	-29.01064	LAX_RV_FREEWALL	11	1.0	5
-6.48595	-24.10563	-31.79095	LAX_RV_FREEWALL	11	1.0	5
-6.10764	-24.09576	-34.57787	LAX_RV_FREEWALL	11	1.0	5
-5.72932	-24.08588	-37.36479	LAX_RV_FREEWALL	11	1.0	5
-5.35101	-24.07600	-40.15172	LAX_RV_FREEWALL	11	1.0	5
-4.97270	-24.06612	-42.93864	LAX_RV_FREEWALL	11	1.0	5
-4.59439	-24.05624	-45.72556	LAX_RV_FREEWALL	11	1.0	5
-4.13066	-25.45000	-48.50587	LAX_RV_FREEWALL	11	1.0	5
-3.75235	-25.44012	-51.29279	LAX_RV_FREEWALL	11	1.0	5
-3.37404	-25.43024	-54.07971	LAX_RV_FREEWALL	11	1.0	5
-2.99572	-25.42036	-56.86664	LAX_RV_FREEWALL	11	1.0	5
-2.53200	-26.81412	-59.64694	LAX_RV_FREEWALL	11	1.0	5
-2.15368	-26.80425	-62.43386	LAX_RV_FREEWALL	11	1.0	5
-1.77537	-26.79437	-65.22079	LAX_RV_FREEWALL	11	1.0	5
-1.39706	-26.78449	-68.00771	LAX_RV_FREEWALL	11	1.0	5
-1.01875	-26.77461	-70.79463	LAX_RV_FREEWALL	11	1.0	5
-0.64043	-26.76473	-73.58155	LAX_RV_FREEWALL	11	1.0	5
-0.26212	-26.75485	-76.36848	LAX_RV_FREEWALL	11	1.0	5
0.11619	-26.74497	-79.15540	LAX_RV_FREEWALL	11	1.0	5
0.49450	-26.73509	-81.94232	LAX_RV_FREEWALL	11	1.0	5
0.87281	-26.72521	-84.72925	LAX_RV_FREEWALL	11	1.0	5
1.25113	-26.71534	-87.51617	LAX_RV_FREEWALL	11	1.0	5
1.62944	-26.70546	-90.30309	LAX_RV_FREEWALL	11	1.0	5
2.00775	-26.69558	-93.09002	LAX_RV_FREEWALL	11	1.0	5
2.30065	-25.28206	-95.88356	LAX_RV_FREEWALL	11	1.0	5
2.67896	-25.27218	-98.67048	LAX_RV_FREEWALL	11	1.0	5
2.97186	-23.85866	-101.46402	LAX_RV_FREEWALL	11	1.0	5
3.17934	-21.04151	-104.26419	LAX_RV_FREEWALL	11	1.0	5
3.19766	-18.22929	-105.67089	LAX_RV_FREEWALL	11	1.0	5
3.02683	-15.42202	-105.68413	LAX_RV_FREEWALL	11	1.0	5
2.66684	-12.61968	-104.30390	LAX_RV_FREEWALL	11	1.0	5
2.49601	-9.81240	-104.31714	LAX_RV_FREEWALL	11	1.0	5
2.13602	-7.01006	-102.93692	LAX_RV_FREEWALL	11	1.0	5
1.77603	-4.20772	-101.55670	LAX_RV_FREEWALL	11	1.0	5
1.22689	-1.41033	-98.78301	LAX_RV_FREEWALL	11	1.0	5
0.67775	1.38707	-96.00933	LAX_RV_FREEWALL	11	1.0	5
0.12860	4.18447	-93.23564	LAX_RV_FREEWALL	11	1.0	5
-0.23139	6.98681	-91.85542	LAX_RV_FREEWALL	11	1.0	5
-0.78053	9.78421	-89.08174	LAX_RV_FREEWALL	11	1.0	5
-1.15884	9.77433	-86.29481	LAX_RV_FREEWALL	11	1.0	5
-0.98801	6.96705	-86.28157	LAX_RV_FREEWALL	11	1.0	5
-1.00634	4.15483	-84.87487	LAX_RV_SEPTUM	11	1.0	5
-1.02466	1.34262	-83.46817	LAX_RV_SEPTUM	11	1.0	5
-1.04298	-1.46960	-82.06147	LAX_RV_SEPTUM	11	1.0	5
-1.25046	-4.28676	-79.26131	LAX_RV_SEPTUM	11	1.0	5
-1.26879	-7.09897	-77.85461	LAX_RV_SEPTUM	11	1.0	5
-1.47627	-9.91613	-75.05445	LAX_RV_SEPTUM	11	1.0	5
-1.76917	-11.32964	-72.26091	LAX_RV_SEPTUM	11	1.0	5
-2.14748	-11.33952	-69.47398	LAX_RV_SEPTUM	11	1.0	5
-2.44037	-12.75304	-66.68044	LAX_RV_SEPTUM	11	1.0	5
-2.81869	-12.76292	-63.89352	LAX_RV_SEPTUM	11	1.0	5
-3.19700	-12.77280	-61.10659	LAX_RV_SEPTUM	11	1.0	5
-3.48989	-14.18632	-58.31305	LAX_RV_SEPTUM	11	1.0	5
-3.86821	-14.19619	-55.52613	LAX_RV_SEPTUM	11	1.0	5
-4.24652	-14.20607	-52.73921	LAX_RV_SEPTUM	11	1.0	5
-4.62483	-14.21595	-49.95228	LAX_RV_SEPTUM	11	1.0	5
-5.00314	-14.22583	-47.16536	LAX_RV_SEPTUM	11	1.0	5
-5.46687	-12.83207	-44.38506	LAX_RV_SEPTUM	11	1.0	5
-5.93060	-11.43831	-41.60475	LAX_RV_SEPTUM	11	1.0	5
-6.39433	-10.04455	-38.82445	LAX_RV_SEPTUM	11	1.0	5
-6.85806	-8.65079	-36.04414	LAX_RV_SEPTUM	11	1.0	5
-7.32178	-7.25703	-33.26384	LAX_RV_SEPTUM	11	1.0	5
-7.70010	-7.26691	-30.47692	LAX_RV_SEPTUM	11	1.0	5
-8.16382	-5.87315	-27.69661	LAX_RV_SEPTUM	11	1.0	5
-8.62755	-4.47939	-24.91631	LAX_RV_SEPTUM	11	1.0	5
-9.09128	-3.08563	-22.13601	LAX_RV_SEPTUM	11	1.0	5
-9.55501	-1.69187	-19.35570	LAX_RV_SEPTUM	11	1.0	5
-10.01874	-0.29811	-16.57540	LAX_RV_SEPTUM	11	1.0	5
-10.52532	-19.99351	-3.94157	LAX_RV_EPICARDIAL	11	1.0	5
-10.06159	-21.38727	-6.72188	LAX_RV_EPICARDIAL	11	1.0	5
-9.59786	-22.78103	-9.50218	LAX_RV_EPICARDIAL	11	1.0	5
-9.21955	-22.77115	-12.28910	LAX_RV_EPICARDIAL	11	1.0	5
-8.75582	-24.16491	-15.06941	LAX_RV_EPICARDIAL	11	1.0	5
-8.29209	-25.55867	-17.84971	LAX_RV_EPICARDIAL	11	1.0	5
-7.91378	-25.54879	-20.63663	LAX_RV_EPICARDIAL	11	1.0	5
-7.53547	-25.53891	-23.42356	LAX_RV_EPICARDIAL	11	1.0	5
-7.07174	-26.93267	-26.20386	LAX_RV_EPICARDIAL	11	1.0	5
-6.69343	-26.92279	-28.99078	LAX_RV_EPICARDIAL	11	1.0	5
-6.22970	-28.31655	-31.77109	LAX_RV_EPICARDIAL	11	1.0	5
-5.85139	-28.30667	-34.55801	LAX_RV_EPICARDIAL	11	1.0	5
-5.47308	-28.29679	-37.34493	LAX_RV_EPICARDIAL	11	1.0	5
-5.09476	-28.28691	-40.13186	LAX_RV_EPICARDIAL	11	1.0	5
-4.71645	-28.27704	-42.91878	LAX_RV_EPICARDIAL	11	1.0	5
-4.33814	-28.26716	-45.70570	LAX_RV_EPICARDIAL	11	1.0	5
-3.95983	-28.25728	-48.49263	LAX_RV_EPICARDIAL	11	1.0	5
-3.58152	-28.24740	-51.27955	LAX_RV_EPICARDIAL	11	1.0	5
-3.20320	-28.23752	-54.06647	LAX_RV_EPICARDIAL	11	1.0	5
-2.82489	-28.22764	-56.85340	LAX_RV_EPICARDIAL	11	1.0	5
-2.44658	-28.21776	-59.64032	LAX_RV_EPICARDIAL	11	1.0	5
-1.98285	-29.61152	-62.42062	LAX_RV_EPICARDIAL	11	1.0	5
-1.60454	-29.60164	-65.20755	LAX_RV_EPICARDIAL	11	1.0	5
-1.14081	-30.99540	-67.98785	LAX_RV_EPICARDIAL	11	1.0	5
-0.76250	-30.98552	-70.77477	LAX_RV_EPICARDIAL	11	1.0	5
-0.46960	-29.57201	-73.56832	LAX_RV_EPICARDIAL	11	1.0	5
-0.09129	-29.56213	-76.35524	LAX_RV_EPICARDIAL	11	1.0	5
0.28702	-29.55225	-79.14216	LAX_RV_EPICARDIAL	11	1.0	5
0.66533	-29.54237	-81.92909	LAX_RV_EPICARDIAL	11	1.0	5
1.12906	-30.93613	-84.70939	LAX_RV_EPICARDIAL	11	1.0	5
1.42196	-29.52261	-87.50293	LAX_RV_EPICARDIAL	11	1.0	5
1.80027	-29.51273	-90.28985	LAX_RV_EPICARDIAL	11	1.0	5
2.17858	-29.50286	-93.07678	LAX_RV_EPICARDIAL	11	1.0	5
2.55690	-29.49298	-95.86370	LAX_RV_EPICARDIAL	11	1.0	5
2.84979	-28.07946	-98.65724	LAX_RV_EPICARDIAL	11	1.0	5
3.22810	-28.06958	-101.44417	LAX_RV_EPICARDIAL	11	1.0	5
3.52100	-26.65606	-104.23771	LAX_RV_EPICARDIAL	11	1.0	5
3.72848	-23.83891	-107.03787	LAX_RV_EPICARDIAL	11	1.0	5
3.74680	-21.02669	-108.44457	LAX_RV_EPICARDIAL	11	1.0	5
3.76513	-18.21447	-109.85127	LAX_RV_EPICARDIAL	11	1.0	5
3.59430	-15.40720	-109.86451	LAX_RV_EPICARDIAL	11	1.0	5
3.42347	-12.59992	-109.87775	LAX_RV_EPICARDIAL	11	1.0	5
3.06348	-9.79758	-108.49753	LAX_RV_EPICARDIAL	11	1.0	5
2.70349	-6.99524	-107.11730	LAX_RV_EPICARDIAL	11	1.0	5
2.53266	-4.18797	-107.13054	LAX_RV_EPICARDIAL	11	1.0	5
2.17267	-1.38563	-105.75032	LAX_RV_EPICARDIAL	11	1.0	5
1.62353	1.41177	-102.97663	LAX_RV_EPICARDIAL	11	1.0	5
1.15980	2.80553	-100.19633	LAX_RV_EPICARDIAL	11	1.0	5
0.61065	5.60293	-97.42265	LAX_RV_EPICARDIAL	11	1.0	5
0.25067	8.40527	-96.04242	LAX_RV_EPICARDIAL	11	1.0	5
-0.10932	11.20760	-94.66220	LAX_RV_EPICARDIAL	11	1.0	5
-0.65847	14.00500	-91.88852	LAX_RV_EPICARDIAL	11	1.0	5
-1.12219	15.39876	-89.10821	LAX_RV_EPICARDIAL	11	1.0	5
-1.14052	12.58654	-87.70151	LAX_RV_EPICARDIAL	11	1.0	5
-10.43038	0.14330	-13.74745	PULMONARY_VALVE	11	1.0	5
-11.16672	-16.89893	-0.62375	PULMONARY_VALVE	11	1.0	5
