x	y	z	contour type	frameID	weight	time frame
26.68423	34.28448	-35.78032	SAX_LV_EPICARDIAL	2	1.0	6
26.63263	36.49401	-38.01706	SAX_LV_EPICARDIAL	2	1.0	6
26.58103	38.70355	-40.25380	SAX_LV_EPICARDIAL	2	1.0	6
25.41558	40.91308	-43.34896	SAX_LV_EPICARDIAL	2	1.0	6
23.71901	42.01785	-45.75496	SAX_LV_EPICARDIAL	2	1.0	6
22.55357	44.22738	-48.85012	SAX_LV_EPICARDIAL	2	1.0	6
9.77016	43.12260	-57.60361	SAX_LV_EPICARDIAL	2	1.0	6
7.01135	42.01783	-58.63130	SAX_LV_EPICARDIAL	2	1.0	6
4.78366	42.01783	-60.34815	SAX_LV_EPICARDIAL	2	1.0	6
2.02485	40.91306	-61.37583	SAX_LV_EPICARDIAL	2	1.0	6
-0.73396	39.80829	-62.40352	SAX_LV_EPICARDIAL	2	1.0	6
-3.49277	38.70352	-63.43121	SAX_LV_EPICARDIAL	2	1.0	6
-6.25157	37.59875	-64.45890	SAX_LV_EPICARDIAL	2	1.0	6
-5.18933	39.80828	-65.83722	SAX_LV_EPICARDIAL	2	1.0	6
-3.01325	42.01782	-66.35711	SAX_LV_EPICARDIAL	2	1.0	6
-0.83716	44.22736	-66.87700	SAX_LV_EPICARDIAL	2	1.0	6
2.45277	46.43690	-66.53846	SAX_LV_EPICARDIAL	2	1.0	6
5.21158	47.54167	-65.51078	SAX_LV_EPICARDIAL	2	1.0	6
7.97039	48.64644	-64.48309	SAX_LV_EPICARDIAL	2	1.0	6
10.19808	48.64644	-62.76624	SAX_LV_EPICARDIAL	2	1.0	6
12.95689	49.75121	-61.73855	SAX_LV_EPICARDIAL	2	1.0	6
15.18457	49.75121	-60.02171	SAX_LV_EPICARDIAL	2	1.0	6
17.41226	49.75121	-58.30486	SAX_LV_EPICARDIAL	2	1.0	6
19.63995	49.75122	-56.58801	SAX_LV_EPICARDIAL	2	1.0	6
21.86764	49.75122	-54.87117	SAX_LV_EPICARDIAL	2	1.0	6
24.09533	49.75122	-53.15432	SAX_LV_EPICARDIAL	2	1.0	6
25.79190	48.64646	-50.74832	SAX_LV_EPICARDIAL	2	1.0	6
27.48846	47.54169	-48.34232	SAX_LV_EPICARDIAL	2	1.0	6
29.18503	46.43692	-45.93632	SAX_LV_EPICARDIAL	2	1.0	6
29.23663	44.22739	-43.69958	SAX_LV_EPICARDIAL	2	1.0	6
29.28824	42.01785	-41.46284	SAX_LV_EPICARDIAL	2	1.0	6
28.22599	39.80832	-40.08453	SAX_LV_EPICARDIAL	2	1.0	6
27.16375	37.59878	-38.70622	SAX_LV_EPICARDIAL	2	1.0	6
27.21535	35.38924	-36.46948	SAX_LV_EPICARDIAL	2	1.0	6
7.01135	42.01783	-58.63130	SAX_LV_ENDOCARDIAL	2	1.0	6
9.77016	43.12260	-57.60361	SAX_LV_ENDOCARDIAL	2	1.0	6
12.52897	44.22737	-56.57592	SAX_LV_ENDOCARDIAL	2	1.0	6
15.28778	45.33214	-55.54823	SAX_LV_ENDOCARDIAL	2	1.0	6
17.51547	45.33214	-53.83139	SAX_LV_ENDOCARDIAL	2	1.0	6
19.21204	44.22738	-51.42539	SAX_LV_ENDOCARDIAL	2	1.0	6
19.79476	43.12261	-49.87781	SAX_LV_ENDOCARDIAL	2	1.0	6
18.14979	42.01784	-50.04707	SAX_LV_ENDOCARDIAL	2	1.0	6
15.92211	42.01784	-51.76392	SAX_LV_ENDOCARDIAL	2	1.0	6
13.69442	42.01784	-53.48076	SAX_LV_ENDOCARDIAL	2	1.0	6
11.46673	42.01783	-55.19761	SAX_LV_ENDOCARDIAL	2	1.0	6
9.77016	43.12260	-57.60361	SAX_LV_ENDOCARDIAL	2	1.0	6
-32.69825	-27.48641	-48.57160	SAX_RV_FREEWALL	3	1.0	6
-34.39482	-26.38164	-50.97761	SAX_RV_FREEWALL	3	1.0	6
-36.62251	-26.38165	-52.69445	SAX_RV_FREEWALL	3	1.0	6
-38.31908	-25.27688	-55.10046	SAX_RV_FREEWALL	3	1.0	6
-40.54677	-25.27688	-56.81730	SAX_RV_FREEWALL	3	1.0	6
-42.24333	-24.17212	-59.22330	SAX_RV_FREEWALL	3	1.0	6
-43.93990	-23.06735	-61.62931	SAX_RV_FREEWALL	3	1.0	6
-45.10535	-20.85781	-64.72446	SAX_RV_FREEWALL	3	1.0	6
-46.80192	-19.75305	-67.13047	SAX_RV_FREEWALL	3	1.0	6
-47.96736	-17.54351	-70.22563	SAX_RV_FREEWALL	3	1.0	6
-48.01896	-15.33398	-72.46236	SAX_RV_FREEWALL	3	1.0	6
-48.07057	-13.12444	-74.69910	SAX_RV_FREEWALL	3	1.0	6
-47.00832	-10.91491	-76.07741	SAX_RV_FREEWALL	3	1.0	6
-47.05993	-8.70537	-78.31415	SAX_RV_FREEWALL	3	1.0	6
-45.99768	-6.49583	-79.69246	SAX_RV_FREEWALL	3	1.0	6
-43.82160	-4.28630	-80.21235	SAX_RV_FREEWALL	3	1.0	6
-42.75936	-2.07676	-81.59067	SAX_RV_FREEWALL	3	1.0	6
-40.58327	0.13278	-82.11056	SAX_RV_FREEWALL	3	1.0	6
-37.29334	2.34232	-81.77202	SAX_RV_FREEWALL	3	1.0	6
-35.11725	4.55185	-82.29191	SAX_RV_FREEWALL	3	1.0	6
-31.82732	6.76139	-81.95338	SAX_RV_FREEWALL	3	1.0	6
-29.65124	8.97093	-82.47327	SAX_RV_FREEWALL	3	1.0	6
-26.36131	11.18047	-82.13474	SAX_RV_FREEWALL	3	1.0	6
-23.60250	12.28524	-81.10705	SAX_RV_FREEWALL	3	1.0	6
-20.84369	13.39001	-80.07936	SAX_RV_FREEWALL	3	1.0	6
-18.08488	14.49478	-79.05167	SAX_RV_FREEWALL	3	1.0	6
-15.32607	15.59955	-78.02399	SAX_RV_FREEWALL	3	1.0	6
7.67325	-15.33392	-29.54122	SAX_RV_FREEWALL	3	1.0	6
5.49716	-17.54346	-29.02133	SAX_RV_FREEWALL	3	1.0	6
2.73835	-18.64823	-30.04902	SAX_RV_FREEWALL	3	1.0	6
-0.02046	-19.75300	-31.07671	SAX_RV_FREEWALL	3	1.0	6
-2.77927	-20.85777	-32.10440	SAX_RV_FREEWALL	3	1.0	6
-5.53808	-21.96254	-33.13209	SAX_RV_FREEWALL	3	1.0	6
-8.29689	-23.06731	-34.15978	SAX_RV_FREEWALL	3	1.0	6
-11.05570	-24.17208	-35.18746	SAX_RV_FREEWALL	3	1.0	6
-13.81450	-25.27685	-36.21515	SAX_RV_FREEWALL	3	1.0	6
-16.57331	-26.38163	-37.24284	SAX_RV_FREEWALL	3	1.0	6
-18.80100	-26.38163	-38.95969	SAX_RV_FREEWALL	3	1.0	6
-21.55981	-27.48640	-39.98738	SAX_RV_FREEWALL	3	1.0	6
-23.78750	-27.48640	-41.70422	SAX_RV_FREEWALL	3	1.0	6
-26.01519	-27.48640	-43.42107	SAX_RV_FREEWALL	3	1.0	6
-28.24288	-27.48640	-45.13791	SAX_RV_FREEWALL	3	1.0	6
-30.47057	-27.48641	-46.85476	SAX_RV_FREEWALL	3	1.0	6
-36.51931	-30.80072	-48.22098	SAX_RV_EPICARDIAL	3	1.0	6
-38.21587	-29.69595	-50.62698	SAX_RV_EPICARDIAL	3	1.0	6
-40.44356	-29.69595	-52.34383	SAX_RV_EPICARDIAL	3	1.0	6
-42.14013	-28.59119	-54.74983	SAX_RV_EPICARDIAL	3	1.0	6
-43.83670	-27.48642	-57.15583	SAX_RV_EPICARDIAL	3	1.0	6
-46.06438	-27.48642	-58.87268	SAX_RV_EPICARDIAL	3	1.0	6
-47.76095	-26.38166	-61.27868	SAX_RV_EPICARDIAL	3	1.0	6
-48.92640	-24.17212	-64.37384	SAX_RV_EPICARDIAL	3	1.0	6
-50.09185	-21.96259	-67.46900	SAX_RV_EPICARDIAL	3	1.0	6
-51.25729	-19.75305	-70.56416	SAX_RV_EPICARDIAL	3	1.0	6
-52.95386	-18.64829	-72.97016	SAX_RV_EPICARDIAL	3	1.0	6
-51.89162	-16.43875	-74.34847	SAX_RV_EPICARDIAL	3	1.0	6
-51.94322	-14.22922	-76.58521	SAX_RV_EPICARDIAL	3	1.0	6
-50.88098	-12.01968	-77.96352	SAX_RV_EPICARDIAL	3	1.0	6
-49.81874	-9.81014	-79.34184	SAX_RV_EPICARDIAL	3	1.0	6
-48.75649	-7.60061	-80.72015	SAX_RV_EPICARDIAL	3	1.0	6
-47.69425	-5.39107	-82.09846	SAX_RV_EPICARDIAL	3	1.0	6
-46.63201	-3.18153	-83.47678	SAX_RV_EPICARDIAL	3	1.0	6
-44.45592	-0.97199	-83.99667	SAX_RV_EPICARDIAL	3	1.0	6
-42.27984	1.23754	-84.51656	SAX_RV_EPICARDIAL	3	1.0	6
-40.10375	3.44708	-85.03645	SAX_RV_EPICARDIAL	3	1.0	6
-37.92767	5.65662	-85.55634	SAX_RV_EPICARDIAL	3	1.0	6
-34.63774	7.86616	-85.21781	SAX_RV_EPICARDIAL	3	1.0	6
-31.34781	10.07570	-84.87928	SAX_RV_EPICARDIAL	3	1.0	6
-28.05788	12.28523	-84.54074	SAX_RV_EPICARDIAL	3	1.0	6
-24.76794	14.49477	-84.20221	SAX_RV_EPICARDIAL	3	1.0	6
-22.00914	15.59954	-83.17452	SAX_RV_EPICARDIAL	3	1.0	6
-18.71921	17.80908	-82.83599	SAX_RV_EPICARDIAL	3	1.0	6
-15.96040	18.91385	-81.80830	SAX_RV_EPICARDIAL	3	1.0	6
-13.20159	20.01862	-80.78061	SAX_RV_EPICARDIAL	3	1.0	6
-10.97390	20.01863	-79.06377	SAX_RV_EPICARDIAL	3	1.0	6
-11.98454	15.59955	-75.44872	SAX_RV_EPICARDIAL	3	1.0	6
8.73549	-13.12439	-30.91953	SAX_RV_EPICARDIAL	3	1.0	6
10.96318	-13.12438	-29.20269	SAX_RV_EPICARDIAL	3	1.0	6
12.12862	-15.33392	-26.10753	SAX_RV_EPICARDIAL	3	1.0	6
8.83869	-17.54346	-26.44606	SAX_RV_EPICARDIAL	3	1.0	6
6.66261	-19.75300	-25.92617	SAX_RV_EPICARDIAL	3	1.0	6
3.37268	-21.96253	-26.26470	SAX_RV_EPICARDIAL	3	1.0	6
0.61387	-23.06730	-27.29239	SAX_RV_EPICARDIAL	3	1.0	6
-2.14494	-24.17208	-28.32008	SAX_RV_EPICARDIAL	3	1.0	6
-5.43487	-26.38161	-28.65861	SAX_RV_EPICARDIAL	3	1.0	6
-8.19368	-27.48638	-29.68630	SAX_RV_EPICARDIAL	3	1.0	6
-10.42137	-27.48639	-31.40315	SAX_RV_EPICARDIAL	3	1.0	6
-13.18018	-28.59116	-32.43084	SAX_RV_EPICARDIAL	3	1.0	6
-15.93899	-29.69593	-33.45853	SAX_RV_EPICARDIAL	3	1.0	6
-18.16668	-29.69593	-35.17537	SAX_RV_EPICARDIAL	3	1.0	6
-20.92549	-30.80070	-36.20306	SAX_RV_EPICARDIAL	3	1.0	6
-23.15317	-30.80070	-37.91991	SAX_RV_EPICARDIAL	3	1.0	6
-25.38086	-30.80070	-39.63675	SAX_RV_EPICARDIAL	3	1.0	6
-27.60855	-30.80071	-41.35360	SAX_RV_EPICARDIAL	3	1.0	6
-29.83624	-30.80071	-43.07044	SAX_RV_EPICARDIAL	3	1.0	6
-32.06393	-30.80071	-44.78729	SAX_RV_EPICARDIAL	3	1.0	6
-34.29162	-30.80071	-46.50413	SAX_RV_EPICARDIAL	3	1.0	6
-13.09838	15.59955	-76.30714	SAX_RV_SEPTUM	3	1.0	6
-11.93294	13.39002	-73.21198	SAX_RV_SEPTUM	3	1.0	6
-11.88133	11.18048	-70.97524	SAX_RV_SEPTUM	3	1.0	6
-11.82973	8.97095	-68.73851	SAX_RV_SEPTUM	3	1.0	6
-11.77813	6.76141	-66.50177	SAX_RV_SEPTUM	3	1.0	6
-12.84037	4.55188	-65.12346	SAX_RV_SEPTUM	3	1.0	6
-12.78877	2.34234	-62.88672	SAX_RV_SEPTUM	3	1.0	6
-12.73717	0.13280	-60.64999	SAX_RV_SEPTUM	3	1.0	6
-11.57172	-2.07673	-57.55483	SAX_RV_SEPTUM	3	1.0	6
-11.52012	-4.28627	-55.31809	SAX_RV_SEPTUM	3	1.0	6
-10.35467	-6.49580	-52.22293	SAX_RV_SEPTUM	3	1.0	6
-9.18922	-8.70533	-49.12777	SAX_RV_SEPTUM	3	1.0	6
-7.49266	-9.81010	-46.72177	SAX_RV_SEPTUM	3	1.0	6
-5.79609	-10.91487	-44.31577	SAX_RV_SEPTUM	3	1.0	6
-4.09952	-12.01963	-41.90977	SAX_RV_SEPTUM	3	1.0	6
-1.87183	-12.01963	-40.19292	SAX_RV_SEPTUM	3	1.0	6
-0.17526	-13.12440	-37.78692	SAX_RV_SEPTUM	3	1.0	6
2.05242	-13.12439	-36.07007	SAX_RV_SEPTUM	3	1.0	6
4.28011	-13.12439	-34.35323	SAX_RV_SEPTUM	3	1.0	6
6.50780	-13.12439	-32.63638	SAX_RV_SEPTUM	3	1.0	6
8.73549	-13.12439	-30.91953	SAX_RV_SEPTUM	3	1.0	6
-8.69461	17.80909	-75.11018	SAX_LV_EPICARDIAL	3	1.0	6
-7.63237	20.01863	-76.48850	SAX_LV_EPICARDIAL	3	1.0	6
-6.57012	22.22817	-77.86681	SAX_LV_EPICARDIAL	3	1.0	6
-4.39404	24.43770	-78.38670	SAX_LV_EPICARDIAL	3	1.0	6
-2.21795	26.64724	-78.90659	SAX_LV_EPICARDIAL	3	1.0	6
1.07198	28.85678	-78.56806	SAX_LV_EPICARDIAL	3	1.0	6
4.36191	31.06632	-78.22953	SAX_LV_EPICARDIAL	3	1.0	6
7.65184	33.27586	-77.89100	SAX_LV_EPICARDIAL	3	1.0	6
10.94177	35.48540	-77.55246	SAX_LV_EPICARDIAL	3	1.0	6
13.70058	36.59017	-76.52478	SAX_LV_EPICARDIAL	3	1.0	6
16.45939	37.69494	-75.49709	SAX_LV_EPICARDIAL	3	1.0	6
19.21820	38.79971	-74.46940	SAX_LV_EPICARDIAL	3	1.0	6
21.97701	39.90448	-73.44171	SAX_LV_EPICARDIAL	3	1.0	6
24.20470	39.90448	-71.72486	SAX_LV_EPICARDIAL	3	1.0	6
26.96351	41.00925	-70.69717	SAX_LV_EPICARDIAL	3	1.0	6
29.19119	41.00925	-68.98033	SAX_LV_EPICARDIAL	3	1.0	6
31.41888	41.00926	-67.26348	SAX_LV_EPICARDIAL	3	1.0	6
33.64657	41.00926	-65.54664	SAX_LV_EPICARDIAL	3	1.0	6
35.87426	41.00926	-63.82979	SAX_LV_EPICARDIAL	3	1.0	6
38.10195	41.00926	-62.11295	SAX_LV_EPICARDIAL	3	1.0	6
39.79851	39.90450	-59.70694	SAX_LV_EPICARDIAL	3	1.0	6
41.49508	38.79973	-57.30094	SAX_LV_EPICARDIAL	3	1.0	6
43.19165	37.69496	-54.89494	SAX_LV_EPICARDIAL	3	1.0	6
44.35710	35.48543	-51.79978	SAX_LV_EPICARDIAL	3	1.0	6
46.05366	34.38066	-49.39378	SAX_LV_EPICARDIAL	3	1.0	6
46.10527	32.17113	-47.15704	SAX_LV_EPICARDIAL	3	1.0	6
47.27071	29.96159	-44.06188	SAX_LV_EPICARDIAL	3	1.0	6
47.32232	27.75206	-41.82515	SAX_LV_EPICARDIAL	3	1.0	6
47.37392	25.54252	-39.58841	SAX_LV_EPICARDIAL	3	1.0	6
47.42552	23.33299	-37.35167	SAX_LV_EPICARDIAL	3	1.0	6
46.36328	21.12345	-35.97336	SAX_LV_EPICARDIAL	3	1.0	6
45.30104	18.91391	-34.59505	SAX_LV_EPICARDIAL	3	1.0	6
45.35264	16.70438	-32.35831	SAX_LV_EPICARDIAL	3	1.0	6
44.29040	14.49484	-30.98000	SAX_LV_EPICARDIAL	3	1.0	6
43.22815	12.28531	-29.60168	SAX_LV_EPICARDIAL	3	1.0	6
41.05207	10.07577	-29.08179	SAX_LV_EPICARDIAL	3	1.0	6
39.98983	7.86623	-27.70348	SAX_LV_EPICARDIAL	3	1.0	6
38.92758	5.65669	-26.32517	SAX_LV_EPICARDIAL	3	1.0	6
36.75150	3.44716	-25.80528	SAX_LV_EPICARDIAL	3	1.0	6
34.57541	1.23762	-25.28538	SAX_LV_EPICARDIAL	3	1.0	6
32.39933	-0.97192	-24.76549	SAX_LV_EPICARDIAL	3	1.0	6
30.22324	-3.18146	-24.24560	SAX_LV_EPICARDIAL	3	1.0	6
26.93331	-5.39099	-24.58414	SAX_LV_EPICARDIAL	3	1.0	6
25.28835	-6.49576	-24.75340	SAX_LV_EPICARDIAL	3	1.0	6
21.99841	-8.70530	-25.09193	SAX_LV_EPICARDIAL	3	1.0	6
19.23961	-9.81007	-26.11962	SAX_LV_EPICARDIAL	3	1.0	6
16.48080	-10.91484	-27.14731	SAX_LV_EPICARDIAL	3	1.0	6
13.72199	-12.01961	-28.17500	SAX_LV_EPICARDIAL	3	1.0	6
10.17404	-3.18148	-39.69721	SAX_LV_ENDOCARDIAL	3	1.0	6
8.47748	-2.07671	-42.10322	SAX_LV_ENDOCARDIAL	3	1.0	6
6.24979	-2.07671	-43.82006	SAX_LV_ENDOCARDIAL	3	1.0	6
4.55322	-0.97195	-46.22606	SAX_LV_ENDOCARDIAL	3	1.0	6
2.85665	0.13282	-48.63207	SAX_LV_ENDOCARDIAL	3	1.0	6
1.69121	2.34235	-51.72723	SAX_LV_ENDOCARDIAL	3	1.0	6
-0.00536	3.44712	-54.13323	SAX_LV_ENDOCARDIAL	3	1.0	6
-0.05696	5.65666	-56.36996	SAX_LV_ENDOCARDIAL	3	1.0	6
-1.22241	7.86619	-59.46512	SAX_LV_ENDOCARDIAL	3	1.0	6
-1.27401	10.07573	-61.70186	SAX_LV_ENDOCARDIAL	3	1.0	6
-1.32561	12.28526	-63.93860	SAX_LV_ENDOCARDIAL	3	1.0	6
-0.26337	14.49480	-65.31691	SAX_LV_ENDOCARDIAL	3	1.0	6
0.79887	16.70433	-66.69522	SAX_LV_ENDOCARDIAL	3	1.0	6
1.86111	18.91387	-68.07354	SAX_LV_ENDOCARDIAL	3	1.0	6
2.92335	21.12341	-69.45185	SAX_LV_ENDOCARDIAL	3	1.0	6
5.09944	23.33295	-69.97174	SAX_LV_ENDOCARDIAL	3	1.0	6
7.27553	25.54248	-70.49163	SAX_LV_ENDOCARDIAL	3	1.0	6
10.56546	27.75202	-70.15310	SAX_LV_ENDOCARDIAL	3	1.0	6
13.85539	29.96156	-69.81457	SAX_LV_ENDOCARDIAL	3	1.0	6
16.61420	31.06633	-68.78688	SAX_LV_ENDOCARDIAL	3	1.0	6
19.37300	32.17110	-67.75919	SAX_LV_ENDOCARDIAL	3	1.0	6
22.13181	33.27587	-66.73150	SAX_LV_ENDOCARDIAL	3	1.0	6
24.35950	33.27587	-65.01465	SAX_LV_ENDOCARDIAL	3	1.0	6
26.58719	33.27588	-63.29781	SAX_LV_ENDOCARDIAL	3	1.0	6
29.34600	34.38065	-62.27012	SAX_LV_ENDOCARDIAL	3	1.0	6
31.57369	34.38065	-60.55327	SAX_LV_ENDOCARDIAL	3	1.0	6
33.27026	33.27588	-58.14727	SAX_LV_ENDOCARDIAL	3	1.0	6
34.96682	32.17112	-55.74127	SAX_LV_ENDOCARDIAL	3	1.0	6
36.66339	31.06635	-53.33527	SAX_LV_ENDOCARDIAL	3	1.0	6
37.82884	28.85682	-50.24011	SAX_LV_ENDOCARDIAL	3	1.0	6
38.99428	26.64728	-47.14495	SAX_LV_ENDOCARDIAL	3	1.0	6
39.04589	24.43775	-44.90821	SAX_LV_ENDOCARDIAL	3	1.0	6
39.09749	22.22821	-42.67148	SAX_LV_ENDOCARDIAL	3	1.0	6
39.14909	20.01868	-40.43474	SAX_LV_ENDOCARDIAL	3	1.0	6
38.08685	17.80914	-39.05643	SAX_LV_ENDOCARDIAL	3	1.0	6
37.02461	15.59960	-37.67811	SAX_LV_ENDOCARDIAL	3	1.0	6
35.96237	13.39007	-36.29980	SAX_LV_ENDOCARDIAL	3	1.0	6
34.90012	11.18053	-34.92149	SAX_LV_ENDOCARDIAL	3	1.0	6
33.83788	8.97099	-33.54317	SAX_LV_ENDOCARDIAL	3	1.0	6
31.66180	6.76146	-33.02328	SAX_LV_ENDOCARDIAL	3	1.0	6
29.48571	4.55192	-32.50339	SAX_LV_ENDOCARDIAL	3	1.0	6
27.30962	2.34238	-31.98350	SAX_LV_ENDOCARDIAL	3	1.0	6
25.13354	0.13284	-31.46361	SAX_LV_ENDOCARDIAL	3	1.0	6
21.84361	-2.07670	-31.80214	SAX_LV_ENDOCARDIAL	3	1.0	6
19.61592	-2.07670	-33.51899	SAX_LV_ENDOCARDIAL	3	1.0	6
16.85711	-3.18147	-34.54668	SAX_LV_ENDOCARDIAL	3	1.0	6
14.62942	-3.18147	-36.26352	SAX_LV_ENDOCARDIAL	3	1.0	6
12.40173	-3.18147	-37.98037	SAX_LV_ENDOCARDIAL	3	1.0	6
7.45164	-15.46321	-29.58346	RV_INSERT	3	1.0	6
-13.53359	15.27436	-76.31921	RV_INSERT	3	1.0	6
-29.93428	-31.80881	-70.58743	SAX_RV_FREEWALL	4	1.0	6
-31.63085	-30.70404	-72.99343	SAX_RV_FREEWALL	4	1.0	6
-33.32742	-29.59928	-75.39943	SAX_RV_FREEWALL	4	1.0	6
-34.49286	-27.38974	-78.49459	SAX_RV_FREEWALL	4	1.0	6
-35.65831	-25.18021	-81.58975	SAX_RV_FREEWALL	4	1.0	6
-35.70991	-22.97067	-83.82649	SAX_RV_FREEWALL	4	1.0	6
-35.76152	-20.76114	-86.06322	SAX_RV_FREEWALL	4	1.0	6
-35.81312	-18.55160	-88.29996	SAX_RV_FREEWALL	4	1.0	6
-34.75088	-16.34206	-89.67827	SAX_RV_FREEWALL	4	1.0	6
-32.57479	-14.13253	-90.19816	SAX_RV_FREEWALL	4	1.0	6
-30.39870	-11.92299	-90.71805	SAX_RV_FREEWALL	4	1.0	6
-28.22262	-9.71345	-91.23794	SAX_RV_FREEWALL	4	1.0	6
-24.93269	-7.50391	-90.89941	SAX_RV_FREEWALL	4	1.0	6
-22.75660	-5.29437	-91.41930	SAX_RV_FREEWALL	4	1.0	6
-19.46667	-3.08484	-91.08077	SAX_RV_FREEWALL	4	1.0	6
-16.17674	-0.87530	-90.74224	SAX_RV_FREEWALL	4	1.0	6
-12.88681	1.33424	-90.40371	SAX_RV_FREEWALL	4	1.0	6
-9.59688	3.54378	-90.06517	SAX_RV_FREEWALL	4	1.0	6
-6.83807	4.64855	-89.03749	SAX_RV_FREEWALL	4	1.0	6
-4.07926	5.75332	-88.00980	SAX_RV_FREEWALL	4	1.0	6
-1.32045	6.85809	-86.98211	SAX_RV_FREEWALL	4	1.0	6
3.85736	-24.07540	-52.23411	SAX_RV_FREEWALL	4	1.0	6
1.62967	-24.07540	-53.95095	SAX_RV_FREEWALL	4	1.0	6
-1.12914	-25.18017	-54.97864	SAX_RV_FREEWALL	4	1.0	6
-3.35683	-25.18018	-56.69549	SAX_RV_FREEWALL	4	1.0	6
-6.11564	-26.28495	-57.72318	SAX_RV_FREEWALL	4	1.0	6
-8.34333	-26.28495	-59.44002	SAX_RV_FREEWALL	4	1.0	6
-11.10214	-27.38972	-60.46771	SAX_RV_FREEWALL	4	1.0	6
-13.86094	-28.49449	-61.49540	SAX_RV_FREEWALL	4	1.0	6
-16.61975	-29.59926	-62.52309	SAX_RV_FREEWALL	4	1.0	6
-19.37856	-30.70403	-63.55078	SAX_RV_FREEWALL	4	1.0	6
-21.60625	-30.70403	-65.26762	SAX_RV_FREEWALL	4	1.0	6
-23.83394	-30.70403	-66.98447	SAX_RV_FREEWALL	4	1.0	6
-26.59275	-31.80880	-68.01216	SAX_RV_FREEWALL	4	1.0	6
-28.82044	-31.80881	-69.72900	SAX_RV_FREEWALL	4	1.0	6
-32.64149	-35.12311	-69.37838	SAX_RV_EPICARDIAL	4	1.0	6
-34.33806	-34.01835	-71.78438	SAX_RV_EPICARDIAL	4	1.0	6
-36.03462	-32.91358	-74.19039	SAX_RV_EPICARDIAL	4	1.0	6
-37.73119	-31.80882	-76.59639	SAX_RV_EPICARDIAL	4	1.0	6
-38.89664	-29.59928	-79.69155	SAX_RV_EPICARDIAL	4	1.0	6
-40.06208	-27.38975	-82.78671	SAX_RV_EPICARDIAL	4	1.0	6
-40.11369	-25.18021	-85.02344	SAX_RV_EPICARDIAL	4	1.0	6
-40.16529	-22.97068	-87.26018	SAX_RV_EPICARDIAL	4	1.0	6
-39.10305	-20.76114	-88.63849	SAX_RV_EPICARDIAL	4	1.0	6
-38.04081	-18.55160	-90.01680	SAX_RV_EPICARDIAL	4	1.0	6
-36.97856	-16.34207	-91.39512	SAX_RV_EPICARDIAL	4	1.0	6
-35.91632	-14.13253	-92.77343	SAX_RV_EPICARDIAL	4	1.0	6
-33.74024	-11.92299	-93.29332	SAX_RV_EPICARDIAL	4	1.0	6
-31.56415	-9.71345	-93.81321	SAX_RV_EPICARDIAL	4	1.0	6
-29.38806	-7.50392	-94.33310	SAX_RV_EPICARDIAL	4	1.0	6
-27.21198	-5.29438	-94.85299	SAX_RV_EPICARDIAL	4	1.0	6
-25.03589	-3.08484	-95.37288	SAX_RV_EPICARDIAL	4	1.0	6
-21.74596	-0.87530	-95.03435	SAX_RV_EPICARDIAL	4	1.0	6
-18.45603	1.33424	-94.69582	SAX_RV_EPICARDIAL	4	1.0	6
-15.16610	3.54377	-94.35729	SAX_RV_EPICARDIAL	4	1.0	6
-12.40729	4.64855	-93.32960	SAX_RV_EPICARDIAL	4	1.0	6
-9.11736	6.85808	-92.99107	SAX_RV_EPICARDIAL	4	1.0	6
-6.35855	7.96285	-91.96338	SAX_RV_EPICARDIAL	4	1.0	6
-3.59974	9.06762	-90.93569	SAX_RV_EPICARDIAL	4	1.0	6
-0.84093	10.17240	-89.90800	SAX_RV_EPICARDIAL	4	1.0	6
1.38676	10.17240	-88.19115	SAX_RV_EPICARDIAL	4	1.0	6
3.61444	10.17240	-86.47431	SAX_RV_EPICARDIAL	4	1.0	6
2.02108	6.85810	-84.40684	SAX_RV_EPICARDIAL	4	1.0	6
8.26113	-21.86586	-51.03715	SAX_RV_EPICARDIAL	4	1.0	6
7.78161	-25.18016	-48.11126	SAX_RV_EPICARDIAL	4	1.0	6
5.02280	-26.28493	-49.13895	SAX_RV_EPICARDIAL	4	1.0	6
2.26400	-27.38971	-50.16664	SAX_RV_EPICARDIAL	4	1.0	6
0.03631	-27.38971	-51.88348	SAX_RV_EPICARDIAL	4	1.0	6
-2.19138	-27.38971	-53.60033	SAX_RV_EPICARDIAL	4	1.0	6
-4.95019	-28.49448	-54.62802	SAX_RV_EPICARDIAL	4	1.0	6
-7.17788	-28.49448	-56.34486	SAX_RV_EPICARDIAL	4	1.0	6
-9.93669	-29.59925	-57.37255	SAX_RV_EPICARDIAL	4	1.0	6
-13.22662	-31.80879	-57.71109	SAX_RV_EPICARDIAL	4	1.0	6
-15.98543	-32.91356	-58.73877	SAX_RV_EPICARDIAL	4	1.0	6
-18.21312	-32.91356	-60.45562	SAX_RV_EPICARDIAL	4	1.0	6
-20.97193	-34.01833	-61.48331	SAX_RV_EPICARDIAL	4	1.0	6
-23.19961	-34.01834	-63.20015	SAX_RV_EPICARDIAL	4	1.0	6
-25.95842	-35.12311	-64.22784	SAX_RV_EPICARDIAL	4	1.0	6
-28.18611	-35.12311	-65.94469	SAX_RV_EPICARDIAL	4	1.0	6
-30.41380	-35.12311	-67.66153	SAX_RV_EPICARDIAL	4	1.0	6
0.90724	6.85809	-85.26526	SAX_RV_SEPTUM	4	1.0	6
1.48996	5.75333	-83.71768	SAX_RV_SEPTUM	4	1.0	6
0.42772	3.54379	-82.33937	SAX_RV_SEPTUM	4	1.0	6
-0.63452	1.33425	-80.96106	SAX_RV_SEPTUM	4	1.0	6
-1.69677	-0.87528	-79.58274	SAX_RV_SEPTUM	4	1.0	6
-1.64516	-3.08482	-77.34601	SAX_RV_SEPTUM	4	1.0	6
-1.59356	-5.29435	-75.10927	SAX_RV_SEPTUM	4	1.0	6
-1.54196	-7.50389	-72.87253	SAX_RV_SEPTUM	4	1.0	6
-2.60420	-9.71343	-71.49422	SAX_RV_SEPTUM	4	1.0	6
-1.43875	-11.92296	-68.39906	SAX_RV_SEPTUM	4	1.0	6
-0.27331	-14.13249	-65.30390	SAX_RV_SEPTUM	4	1.0	6
0.89214	-16.34203	-62.20874	SAX_RV_SEPTUM	4	1.0	6
2.58871	-17.44679	-59.80274	SAX_RV_SEPTUM	4	1.0	6
3.75415	-19.65633	-56.70758	SAX_RV_SEPTUM	4	1.0	6
5.98184	-19.65633	-54.99074	SAX_RV_SEPTUM	4	1.0	6
7.67841	-20.76109	-52.58473	SAX_RV_SEPTUM	4	1.0	6
6.61617	-22.97063	-51.20642	SAX_RV_SEPTUM	4	1.0	6
12.71651	-21.86586	-47.60346	SAX_LV_EPICARDIAL	4	1.0	6
11.01994	-20.76109	-50.00946	SAX_LV_EPICARDIAL	4	1.0	6
5.84213	10.17240	-84.75746	SAX_LV_EPICARDIAL	4	1.0	6
6.90437	12.38194	-86.13578	SAX_LV_EPICARDIAL	4	1.0	6
9.08046	14.59148	-86.65567	SAX_LV_EPICARDIAL	4	1.0	6
12.37039	16.80102	-86.31714	SAX_LV_EPICARDIAL	4	1.0	6
15.66032	19.01055	-85.97860	SAX_LV_EPICARDIAL	4	1.0	6
18.95025	21.22009	-85.64007	SAX_LV_EPICARDIAL	4	1.0	6
22.24018	23.42963	-85.30154	SAX_LV_EPICARDIAL	4	1.0	6
24.99899	24.53440	-84.27385	SAX_LV_EPICARDIAL	4	1.0	6
27.75780	25.63917	-83.24616	SAX_LV_EPICARDIAL	4	1.0	6
30.51661	26.74394	-82.21847	SAX_LV_EPICARDIAL	4	1.0	6
33.27542	27.84871	-81.19078	SAX_LV_EPICARDIAL	4	1.0	6
35.50311	27.84872	-79.47394	SAX_LV_EPICARDIAL	4	1.0	6
37.73080	27.84872	-77.75709	SAX_LV_EPICARDIAL	4	1.0	6
39.95848	27.84872	-76.04025	SAX_LV_EPICARDIAL	4	1.0	6
41.65505	26.74395	-73.63424	SAX_LV_EPICARDIAL	4	1.0	6
43.88274	26.74396	-71.91740	SAX_LV_EPICARDIAL	4	1.0	6
45.57931	25.63919	-69.51140	SAX_LV_EPICARDIAL	4	1.0	6
47.27588	24.53442	-67.10539	SAX_LV_EPICARDIAL	4	1.0	6
48.97244	23.42966	-64.69939	SAX_LV_EPICARDIAL	4	1.0	6
50.66901	22.32489	-62.29339	SAX_LV_EPICARDIAL	4	1.0	6
51.83446	20.11536	-59.19823	SAX_LV_EPICARDIAL	4	1.0	6
52.99990	17.90582	-56.10307	SAX_LV_EPICARDIAL	4	1.0	6
53.05151	15.69629	-53.86633	SAX_LV_EPICARDIAL	4	1.0	6
53.10311	13.48675	-51.62960	SAX_LV_EPICARDIAL	4	1.0	6
52.04087	11.27722	-50.25128	SAX_LV_EPICARDIAL	4	1.0	6
52.09247	9.06768	-48.01455	SAX_LV_EPICARDIAL	4	1.0	6
51.03023	6.85814	-46.63624	SAX_LV_EPICARDIAL	4	1.0	6
49.96798	4.64861	-45.25792	SAX_LV_EPICARDIAL	4	1.0	6
48.90574	2.43907	-43.87961	SAX_LV_EPICARDIAL	4	1.0	6
47.84350	0.22953	-42.50130	SAX_LV_EPICARDIAL	4	1.0	6
46.78126	-1.98000	-41.12298	SAX_LV_EPICARDIAL	4	1.0	6
44.60517	-4.18954	-40.60309	SAX_LV_EPICARDIAL	4	1.0	6
42.42909	-6.39908	-40.08320	SAX_LV_EPICARDIAL	4	1.0	6
41.36685	-8.60861	-38.70489	SAX_LV_EPICARDIAL	4	1.0	6
38.07691	-10.81815	-39.04342	SAX_LV_EPICARDIAL	4	1.0	6
35.90083	-13.02769	-38.52353	SAX_LV_EPICARDIAL	4	1.0	6
32.61090	-15.23723	-38.86206	SAX_LV_EPICARDIAL	4	1.0	6
29.32097	-17.44677	-39.20059	SAX_LV_EPICARDIAL	4	1.0	6
26.56216	-18.55154	-40.22828	SAX_LV_EPICARDIAL	4	1.0	6
23.80335	-19.65631	-41.25597	SAX_LV_EPICARDIAL	4	1.0	6
21.04454	-20.76108	-42.28366	SAX_LV_EPICARDIAL	4	1.0	6
18.81685	-20.76108	-44.00051	SAX_LV_EPICARDIAL	4	1.0	6
16.05804	-21.86585	-45.02819	SAX_LV_EPICARDIAL	4	1.0	6
13.83035	-21.86585	-46.74504	SAX_LV_EPICARDIAL	4	1.0	6
18.07932	-13.02771	-52.25829	SAX_LV_ENDOCARDIAL	4	1.0	6
16.38275	-11.92294	-54.66430	SAX_LV_ENDOCARDIAL	4	1.0	6
14.68619	-10.81818	-57.07030	SAX_LV_ENDOCARDIAL	4	1.0	6
12.98962	-9.71341	-59.47630	SAX_LV_ENDOCARDIAL	4	1.0	6
11.29305	-8.60864	-61.88230	SAX_LV_ENDOCARDIAL	4	1.0	6
9.59648	-7.50388	-64.28831	SAX_LV_ENDOCARDIAL	4	1.0	6
9.54488	-5.29434	-66.52504	SAX_LV_ENDOCARDIAL	4	1.0	6
8.37943	-3.08481	-69.62020	SAX_LV_ENDOCARDIAL	4	1.0	6
8.32783	-0.87527	-71.85694	SAX_LV_ENDOCARDIAL	4	1.0	6
9.39007	1.33426	-73.23525	SAX_LV_ENDOCARDIAL	4	1.0	6
9.33847	3.54380	-75.47199	SAX_LV_ENDOCARDIAL	4	1.0	6
10.40071	5.75334	-76.85030	SAX_LV_ENDOCARDIAL	4	1.0	6
11.46296	7.96287	-78.22861	SAX_LV_ENDOCARDIAL	4	1.0	6
13.63904	10.17241	-78.74850	SAX_LV_ENDOCARDIAL	4	1.0	6
15.81513	12.38195	-79.26839	SAX_LV_ENDOCARDIAL	4	1.0	6
17.99121	14.59149	-79.78829	SAX_LV_ENDOCARDIAL	4	1.0	6
20.16730	16.80102	-80.30818	SAX_LV_ENDOCARDIAL	4	1.0	6
22.92611	17.90579	-79.28049	SAX_LV_ENDOCARDIAL	4	1.0	6
25.68492	19.01056	-78.25280	SAX_LV_ENDOCARDIAL	4	1.0	6
28.44373	20.11533	-77.22511	SAX_LV_ENDOCARDIAL	4	1.0	6
31.20254	21.22010	-76.19742	SAX_LV_ENDOCARDIAL	4	1.0	6
33.43023	21.22011	-74.48057	SAX_LV_ENDOCARDIAL	4	1.0	6
35.65791	21.22011	-72.76373	SAX_LV_ENDOCARDIAL	4	1.0	6
37.88560	21.22011	-71.04688	SAX_LV_ENDOCARDIAL	4	1.0	6
39.58217	20.11535	-68.64088	SAX_LV_ENDOCARDIAL	4	1.0	6
41.27874	19.01058	-66.23488	SAX_LV_ENDOCARDIAL	4	1.0	6
42.97531	17.90581	-63.82888	SAX_LV_ENDOCARDIAL	4	1.0	6
44.14075	15.69628	-60.73372	SAX_LV_ENDOCARDIAL	4	1.0	6
45.30620	13.48674	-57.63856	SAX_LV_ENDOCARDIAL	4	1.0	6
45.35780	11.27721	-55.40182	SAX_LV_ENDOCARDIAL	4	1.0	6
45.40940	9.06767	-53.16509	SAX_LV_ENDOCARDIAL	4	1.0	6
44.34716	6.85814	-51.78677	SAX_LV_ENDOCARDIAL	4	1.0	6
43.28492	4.64860	-50.40846	SAX_LV_ENDOCARDIAL	4	1.0	6
42.22268	2.43906	-49.03015	SAX_LV_ENDOCARDIAL	4	1.0	6
41.16044	0.22953	-47.65183	SAX_LV_ENDOCARDIAL	4	1.0	6
38.98435	-1.98001	-47.13194	SAX_LV_ENDOCARDIAL	4	1.0	6
36.80826	-4.18955	-46.61205	SAX_LV_ENDOCARDIAL	4	1.0	6
34.63218	-6.39909	-46.09216	SAX_LV_ENDOCARDIAL	4	1.0	6
31.34225	-8.60862	-46.43069	SAX_LV_ENDOCARDIAL	4	1.0	6
28.05232	-10.81816	-46.76922	SAX_LV_ENDOCARDIAL	4	1.0	6
25.29351	-11.92293	-47.79691	SAX_LV_ENDOCARDIAL	4	1.0	6
22.53470	-13.02770	-48.82460	SAX_LV_ENDOCARDIAL	4	1.0	6
20.30701	-13.02771	-50.54145	SAX_LV_ENDOCARDIAL	4	1.0	6
0.08148	6.81467	-85.85849	RV_INSERT	4	1.0	6
7.69093	-22.41589	-50.92970	RV_INSERT	4	1.0	6
-10.13794	-26.18828	-89.36351	SAX_RV_FREEWALL	5	1.0	6
-10.18954	-23.97875	-91.60025	SAX_RV_FREEWALL	5	1.0	6
-9.12730	-21.76921	-92.97856	SAX_RV_FREEWALL	5	1.0	6
-6.95121	-19.55967	-93.49845	SAX_RV_FREEWALL	5	1.0	6
-4.77512	-17.35013	-94.01834	SAX_RV_FREEWALL	5	1.0	6
-2.59904	-15.14060	-94.53823	SAX_RV_FREEWALL	5	1.0	6
0.69089	-12.93106	-94.19970	SAX_RV_FREEWALL	5	1.0	6
3.98082	-10.72152	-93.86117	SAX_RV_FREEWALL	5	1.0	6
7.27075	-8.51198	-93.52263	SAX_RV_FREEWALL	5	1.0	6
10.56068	-6.30244	-93.18410	SAX_RV_FREEWALL	5	1.0	6
13.31949	-5.19767	-92.15641	SAX_RV_FREEWALL	5	1.0	6
15.54718	-5.19767	-90.43957	SAX_RV_FREEWALL	5	1.0	6
10.39078	-22.87396	-76.83779	SAX_RV_FREEWALL	5	1.0	6
8.16309	-22.87396	-78.55464	SAX_RV_FREEWALL	5	1.0	6
5.93540	-22.87396	-80.27148	SAX_RV_FREEWALL	5	1.0	6
3.17659	-23.97873	-81.29917	SAX_RV_FREEWALL	5	1.0	6
0.41778	-25.08350	-82.32686	SAX_RV_FREEWALL	5	1.0	6
-2.34103	-26.18827	-83.35455	SAX_RV_FREEWALL	5	1.0	6
-4.56871	-26.18828	-85.07140	SAX_RV_FREEWALL	5	1.0	6
-6.79640	-26.18828	-86.78824	SAX_RV_FREEWALL	5	1.0	6
-9.02409	-26.18828	-88.50509	SAX_RV_FREEWALL	5	1.0	6
-13.37626	-30.60735	-87.46531	SAX_RV_EPICARDIAL	5	1.0	6
-15.07283	-29.50259	-89.87131	SAX_RV_EPICARDIAL	5	1.0	6
-15.12443	-27.29305	-92.10804	SAX_RV_EPICARDIAL	5	1.0	6
-15.17604	-25.08352	-94.34478	SAX_RV_EPICARDIAL	5	1.0	6
-14.11379	-22.87398	-95.72309	SAX_RV_EPICARDIAL	5	1.0	6
-11.93771	-20.66444	-96.24298	SAX_RV_EPICARDIAL	5	1.0	6
-9.76162	-18.45491	-96.76288	SAX_RV_EPICARDIAL	5	1.0	6
-7.58554	-16.24537	-97.28277	SAX_RV_EPICARDIAL	5	1.0	6
-5.40945	-14.03583	-97.80266	SAX_RV_EPICARDIAL	5	1.0	6
-2.11952	-11.82629	-97.46412	SAX_RV_EPICARDIAL	5	1.0	6
1.17041	-9.61675	-97.12559	SAX_RV_EPICARDIAL	5	1.0	6
4.46034	-7.40721	-96.78706	SAX_RV_EPICARDIAL	5	1.0	6
7.21915	-6.30244	-95.75937	SAX_RV_EPICARDIAL	5	1.0	6
10.50908	-4.09290	-95.42084	SAX_RV_EPICARDIAL	5	1.0	6
13.26789	-2.98813	-94.39315	SAX_RV_EPICARDIAL	5	1.0	6
16.02670	-1.88336	-93.36546	SAX_RV_EPICARDIAL	5	1.0	6
18.25439	-1.88336	-91.64862	SAX_RV_EPICARDIAL	5	1.0	6
18.83711	-2.98813	-90.10104	SAX_RV_EPICARDIAL	5	1.0	6
17.77487	-5.19767	-88.72272	SAX_RV_EPICARDIAL	5	1.0	6
15.96000	-22.87395	-72.54568	SAX_RV_EPICARDIAL	5	1.0	6
14.89776	-25.08349	-71.16736	SAX_RV_EPICARDIAL	5	1.0	6
12.67007	-25.08349	-72.88421	SAX_RV_EPICARDIAL	5	1.0	6
10.44238	-25.08349	-74.60106	SAX_RV_EPICARDIAL	5	1.0	6
8.21469	-25.08349	-76.31790	SAX_RV_EPICARDIAL	5	1.0	6
5.45588	-26.18827	-77.34559	SAX_RV_EPICARDIAL	5	1.0	6
2.69707	-27.29304	-78.37328	SAX_RV_EPICARDIAL	5	1.0	6
-0.59286	-29.50257	-78.71181	SAX_RV_EPICARDIAL	5	1.0	6
-3.35167	-30.60734	-79.73950	SAX_RV_EPICARDIAL	5	1.0	6
-5.57935	-30.60735	-81.45635	SAX_RV_EPICARDIAL	5	1.0	6
-7.80704	-30.60735	-83.17319	SAX_RV_EPICARDIAL	5	1.0	6
-10.03473	-30.60735	-84.89004	SAX_RV_EPICARDIAL	5	1.0	6
-12.26242	-30.60735	-86.60688	SAX_RV_EPICARDIAL	5	1.0	6
17.77487	-5.19767	-88.72272	SAX_RV_SEPTUM	5	1.0	6
16.71263	-7.40720	-87.34441	SAX_RV_SEPTUM	5	1.0	6
15.65039	-9.61674	-85.96610	SAX_RV_SEPTUM	5	1.0	6
14.58814	-11.82628	-84.58778	SAX_RV_SEPTUM	5	1.0	6
14.63975	-14.03581	-82.35105	SAX_RV_SEPTUM	5	1.0	6
14.69135	-16.24535	-80.11431	SAX_RV_SEPTUM	5	1.0	6
14.74295	-18.45488	-77.87757	SAX_RV_SEPTUM	5	1.0	6
14.79455	-20.66442	-75.64084	SAX_RV_SEPTUM	5	1.0	6
14.84616	-22.87395	-73.40410	SAX_RV_SEPTUM	5	1.0	6
12.61847	-22.87395	-75.12095	SAX_RV_SEPTUM	5	1.0	6
20.46698	-25.08348	-66.87525	SAX_LV_EPICARDIAL	5	1.0	6
18.77041	-23.97872	-69.28125	SAX_LV_EPICARDIAL	5	1.0	6
22.12704	-0.77859	-89.76250	SAX_LV_EPICARDIAL	5	1.0	6
24.30313	1.43095	-90.28239	SAX_LV_EPICARDIAL	5	1.0	6
27.59306	3.64049	-89.94386	SAX_LV_EPICARDIAL	5	1.0	6
30.35187	4.74526	-88.91617	SAX_LV_EPICARDIAL	5	1.0	6
33.11068	5.85003	-87.88848	SAX_LV_EPICARDIAL	5	1.0	6
35.86949	6.95480	-86.86080	SAX_LV_EPICARDIAL	5	1.0	6
38.62830	8.05957	-85.83311	SAX_LV_EPICARDIAL	5	1.0	6
40.85598	8.05957	-84.11626	SAX_LV_EPICARDIAL	5	1.0	6
43.08367	8.05957	-82.39942	SAX_LV_EPICARDIAL	5	1.0	6
45.31136	8.05957	-80.68257	SAX_LV_EPICARDIAL	5	1.0	6
47.00793	6.95481	-78.27657	SAX_LV_EPICARDIAL	5	1.0	6
49.23562	6.95481	-76.55972	SAX_LV_EPICARDIAL	5	1.0	6
50.93218	5.85005	-74.15372	SAX_LV_EPICARDIAL	5	1.0	6
52.09763	3.64051	-71.05856	SAX_LV_EPICARDIAL	5	1.0	6
53.26308	1.43098	-67.96340	SAX_LV_EPICARDIAL	5	1.0	6
53.31468	-0.77856	-65.72667	SAX_LV_EPICARDIAL	5	1.0	6
53.36628	-2.98809	-63.48993	SAX_LV_EPICARDIAL	5	1.0	6
53.41788	-5.19763	-61.25319	SAX_LV_EPICARDIAL	5	1.0	6
52.35564	-7.40717	-59.87488	SAX_LV_EPICARDIAL	5	1.0	6
51.29340	-9.61670	-58.49657	SAX_LV_EPICARDIAL	5	1.0	6
50.23116	-11.82624	-57.11825	SAX_LV_EPICARDIAL	5	1.0	6
48.05507	-14.03578	-56.59836	SAX_LV_EPICARDIAL	5	1.0	6
45.87899	-16.24532	-56.07847	SAX_LV_EPICARDIAL	5	1.0	6
43.70290	-18.45485	-55.55858	SAX_LV_EPICARDIAL	5	1.0	6
40.41297	-20.66439	-55.89711	SAX_LV_EPICARDIAL	5	1.0	6
37.12304	-22.87393	-56.23564	SAX_LV_EPICARDIAL	5	1.0	6
34.36423	-23.97870	-57.26333	SAX_LV_EPICARDIAL	5	1.0	6
32.13654	-23.97870	-58.98018	SAX_LV_EPICARDIAL	5	1.0	6
29.37773	-25.08347	-60.00787	SAX_LV_EPICARDIAL	5	1.0	6
27.15004	-25.08348	-61.72471	SAX_LV_EPICARDIAL	5	1.0	6
24.92236	-25.08348	-63.44156	SAX_LV_EPICARDIAL	5	1.0	6
22.69467	-25.08348	-65.15841	SAX_LV_EPICARDIAL	5	1.0	6
29.22293	-18.45487	-66.71808	SAX_LV_ENDOCARDIAL	5	1.0	6
27.52636	-17.35010	-69.12408	SAX_LV_ENDOCARDIAL	5	1.0	6
25.82979	-16.24534	-71.53008	SAX_LV_ENDOCARDIAL	5	1.0	6
24.13322	-15.14057	-73.93608	SAX_LV_ENDOCARDIAL	5	1.0	6
24.08162	-12.93103	-76.17282	SAX_LV_ENDOCARDIAL	5	1.0	6
24.03002	-10.72150	-78.40956	SAX_LV_ENDOCARDIAL	5	1.0	6
23.97842	-8.51196	-80.64629	SAX_LV_ENDOCARDIAL	5	1.0	6
25.04066	-6.30243	-82.02461	SAX_LV_ENDOCARDIAL	5	1.0	6
27.21674	-4.09289	-82.54450	SAX_LV_ENDOCARDIAL	5	1.0	6
29.39283	-1.88335	-83.06439	SAX_LV_ENDOCARDIAL	5	1.0	6
32.15164	-0.77858	-82.03670	SAX_LV_ENDOCARDIAL	5	1.0	6
34.91045	0.32619	-81.00901	SAX_LV_ENDOCARDIAL	5	1.0	6
37.13814	0.32619	-79.29216	SAX_LV_ENDOCARDIAL	5	1.0	6
39.36583	0.32619	-77.57532	SAX_LV_ENDOCARDIAL	5	1.0	6
41.59351	0.32620	-75.85847	SAX_LV_ENDOCARDIAL	5	1.0	6
43.29008	-0.77857	-73.45247	SAX_LV_ENDOCARDIAL	5	1.0	6
44.45553	-2.98810	-70.35731	SAX_LV_ENDOCARDIAL	5	1.0	6
45.62098	-5.19764	-67.26215	SAX_LV_ENDOCARDIAL	5	1.0	6
44.55873	-7.40717	-65.88384	SAX_LV_ENDOCARDIAL	5	1.0	6
43.49649	-9.61671	-64.50553	SAX_LV_ENDOCARDIAL	5	1.0	6
41.32041	-11.82625	-63.98563	SAX_LV_ENDOCARDIAL	5	1.0	6
39.14432	-14.03579	-63.46574	SAX_LV_ENDOCARDIAL	5	1.0	6
35.85439	-16.24533	-63.80428	SAX_LV_ENDOCARDIAL	5	1.0	6
33.09558	-17.35010	-64.83197	SAX_LV_ENDOCARDIAL	5	1.0	6
30.33677	-18.45487	-65.85965	SAX_LV_ENDOCARDIAL	5	1.0	6
15.25874	-22.47402	-73.48379	RV_INSERT	5	1.0	6
15.72277	-4.86190	-90.63810	RV_INSERT	5	1.0	6
16.97680	-23.88305	-99.20474	SAX_RV_FREEWALL	6	1.0	6
16.92520	-21.67351	-101.44148	SAX_RV_FREEWALL	6	1.0	6
17.98744	-19.46398	-102.81979	SAX_RV_FREEWALL	6	1.0	6
20.16353	-17.25444	-103.33968	SAX_RV_FREEWALL	6	1.0	6
22.39122	-17.25444	-101.62283	SAX_RV_FREEWALL	6	1.0	6
24.61890	-17.25443	-99.90599	SAX_RV_FREEWALL	6	1.0	6
22.54602	-23.88304	-94.91263	SAX_RV_FREEWALL	6	1.0	6
20.31833	-23.88305	-96.62947	SAX_RV_FREEWALL	6	1.0	6
18.09065	-23.88305	-98.34632	SAX_RV_FREEWALL	6	1.0	6
14.80072	-26.09259	-98.68485	SAX_RV_EPICARDIAL	6	1.0	6
13.63527	-23.88305	-101.78001	SAX_RV_EPICARDIAL	6	1.0	6
13.58367	-21.67352	-104.01674	SAX_RV_EPICARDIAL	6	1.0	6
14.64591	-19.46398	-105.39506	SAX_RV_EPICARDIAL	6	1.0	6
16.82200	-17.25444	-105.91495	SAX_RV_EPICARDIAL	6	1.0	6
19.58080	-16.14967	-104.88726	SAX_RV_EPICARDIAL	6	1.0	6
22.33961	-15.04490	-103.85957	SAX_RV_EPICARDIAL	6	1.0	6
24.56730	-15.04490	-102.14272	SAX_RV_EPICARDIAL	6	1.0	6
26.26387	-16.14967	-99.73672	SAX_RV_EPICARDIAL	6	1.0	6
27.42932	-18.35920	-96.64156	SAX_RV_EPICARDIAL	6	1.0	6
26.36707	-20.56874	-95.26325	SAX_RV_EPICARDIAL	6	1.0	6
25.30483	-22.77827	-93.88494	SAX_RV_EPICARDIAL	6	1.0	6
22.59763	-26.09258	-92.67589	SAX_RV_EPICARDIAL	6	1.0	6
20.36994	-26.09258	-94.39273	SAX_RV_EPICARDIAL	6	1.0	6
18.14225	-26.09258	-96.10958	SAX_RV_EPICARDIAL	6	1.0	6
15.91456	-26.09259	-97.82643	SAX_RV_EPICARDIAL	6	1.0	6
25.78435	-19.46397	-96.81083	SAX_RV_SEPTUM	6	1.0	6
24.72211	-21.67351	-95.43252	SAX_RV_SEPTUM	6	1.0	6
31.02886	-29.40687	-82.88261	SAX_LV_EPICARDIAL	6	1.0	6
29.33229	-28.30211	-85.28862	SAX_LV_EPICARDIAL	6	1.0	6
27.63573	-27.19734	-87.69462	SAX_LV_EPICARDIAL	6	1.0	6
26.47028	-24.98781	-90.78978	SAX_LV_EPICARDIAL	6	1.0	6
30.71925	-16.14966	-96.30303	SAX_LV_EPICARDIAL	6	1.0	6
32.89533	-13.94012	-96.82292	SAX_LV_EPICARDIAL	6	1.0	6
35.07142	-11.73059	-97.34281	SAX_LV_EPICARDIAL	6	1.0	6
37.83023	-10.62582	-96.31512	SAX_LV_EPICARDIAL	6	1.0	6
40.58904	-9.52104	-95.28743	SAX_LV_EPICARDIAL	6	1.0	6
42.81673	-9.52104	-93.57059	SAX_LV_EPICARDIAL	6	1.0	6
45.04441	-9.52104	-91.85374	SAX_LV_EPICARDIAL	6	1.0	6
47.27210	-9.52104	-90.13690	SAX_LV_EPICARDIAL	6	1.0	6
48.96867	-10.62580	-87.73090	SAX_LV_EPICARDIAL	6	1.0	6
49.02027	-12.83534	-85.49416	SAX_LV_EPICARDIAL	6	1.0	6
49.07188	-15.04488	-83.25742	SAX_LV_EPICARDIAL	6	1.0	6
49.12348	-17.25441	-81.02069	SAX_LV_EPICARDIAL	6	1.0	6
48.06124	-19.46395	-79.64237	SAX_LV_EPICARDIAL	6	1.0	6
45.88515	-21.67348	-79.12248	SAX_LV_EPICARDIAL	6	1.0	6
44.82291	-23.88302	-77.74417	SAX_LV_EPICARDIAL	6	1.0	6
41.53298	-26.09256	-78.08270	SAX_LV_EPICARDIAL	6	1.0	6
38.24305	-28.30210	-78.42123	SAX_LV_EPICARDIAL	6	1.0	6
35.48424	-29.40687	-79.44892	SAX_LV_EPICARDIAL	6	1.0	6
33.25655	-29.40687	-81.16577	SAX_LV_EPICARDIAL	6	1.0	6
34.79831	-23.88303	-85.46997	SAX_LV_ENDOCARDIAL	6	1.0	6
33.10174	-22.77827	-87.87598	SAX_LV_ENDOCARDIAL	6	1.0	6
33.05014	-20.56873	-90.11271	SAX_LV_ENDOCARDIAL	6	1.0	6
34.11238	-18.35919	-91.49103	SAX_LV_ENDOCARDIAL	6	1.0	6
35.17462	-16.14966	-92.86934	SAX_LV_ENDOCARDIAL	6	1.0	6
38.46455	-13.94012	-92.53081	SAX_LV_ENDOCARDIAL	6	1.0	6
40.69224	-13.94012	-90.81396	SAX_LV_ENDOCARDIAL	6	1.0	6
42.38881	-15.04488	-88.40796	SAX_LV_ENDOCARDIAL	6	1.0	6
42.44041	-17.25442	-86.17122	SAX_LV_ENDOCARDIAL	6	1.0	6
42.49201	-19.46395	-83.93449	SAX_LV_ENDOCARDIAL	6	1.0	6
40.31593	-21.67349	-83.41460	SAX_LV_ENDOCARDIAL	6	1.0	6
37.02600	-23.88303	-83.75313	SAX_LV_ENDOCARDIAL	6	1.0	6
24.92119	-19.48365	-97.45649	RV_INSERT	6	1.0	6
22.92994	-23.76702	-94.73211	RV_INSERT	6	1.0	6
6.09868	22.73329	-26.96007	LAX_LV_ENDOCARDIAL	9	1.0	6
7.95651	20.60010	-29.75619	LAX_LV_ENDOCARDIAL	9	1.0	6
9.75930	18.43177	-31.14758	LAX_LV_ENDOCARDIAL	9	1.0	6
11.56209	16.26343	-32.53896	LAX_LV_ENDOCARDIAL	9	1.0	6
13.30984	14.05995	-32.52562	LAX_LV_ENDOCARDIAL	9	1.0	6
15.11263	11.89161	-33.91700	LAX_LV_ENDOCARDIAL	9	1.0	6
16.86038	9.68812	-33.90366	LAX_LV_ENDOCARDIAL	9	1.0	6
18.60812	7.48464	-33.89031	LAX_LV_ENDOCARDIAL	9	1.0	6
20.41092	5.31630	-35.28170	LAX_LV_ENDOCARDIAL	9	1.0	6
22.15866	3.11282	-35.26835	LAX_LV_ENDOCARDIAL	9	1.0	6
23.96145	0.94448	-36.65974	LAX_LV_ENDOCARDIAL	9	1.0	6
25.76424	-1.22385	-38.05113	LAX_LV_ENDOCARDIAL	9	1.0	6
27.62208	-3.35704	-40.84725	LAX_LV_ENDOCARDIAL	9	1.0	6
28.60604	-4.38848	-43.65004	LAX_LV_ENDOCARDIAL	9	1.0	6
29.59001	-5.41992	-46.45283	LAX_LV_ENDOCARDIAL	9	1.0	6
30.57397	-6.45136	-49.25562	LAX_LV_ENDOCARDIAL	9	1.0	6
32.43180	-8.58454	-52.05174	LAX_LV_ENDOCARDIAL	9	1.0	6
33.41577	-9.61598	-54.85454	LAX_LV_ENDOCARDIAL	9	1.0	6
34.39973	-10.64742	-57.65733	LAX_LV_ENDOCARDIAL	9	1.0	6
35.38369	-11.67886	-60.46012	LAX_LV_ENDOCARDIAL	9	1.0	6
36.36765	-12.71030	-63.26291	LAX_LV_ENDOCARDIAL	9	1.0	6
37.35162	-13.74174	-66.06571	LAX_LV_ENDOCARDIAL	9	1.0	6
38.33558	-14.77318	-68.86850	LAX_LV_ENDOCARDIAL	9	1.0	6
39.31954	-15.80462	-71.67129	LAX_LV_ENDOCARDIAL	9	1.0	6
40.30350	-16.83606	-74.47408	LAX_LV_ENDOCARDIAL	9	1.0	6
41.28746	-17.86750	-77.27688	LAX_LV_ENDOCARDIAL	9	1.0	6
41.39755	-17.79719	-80.08634	LAX_LV_ENDOCARDIAL	9	1.0	6
41.50764	-17.72689	-82.89581	LAX_LV_ENDOCARDIAL	9	1.0	6
41.61773	-17.65659	-85.70527	LAX_LV_ENDOCARDIAL	9	1.0	6
41.72782	-17.58628	-88.51474	LAX_LV_ENDOCARDIAL	9	1.0	6
40.96404	-16.41423	-91.33087	LAX_LV_ENDOCARDIAL	9	1.0	6
40.14521	-15.27734	-92.74228	LAX_LV_ENDOCARDIAL	9	1.0	6
38.39746	-13.07385	-92.75563	LAX_LV_ENDOCARDIAL	9	1.0	6
36.64972	-10.87037	-92.76897	LAX_LV_ENDOCARDIAL	9	1.0	6
34.84692	-8.70203	-91.37758	LAX_LV_ENDOCARDIAL	9	1.0	6
33.04413	-6.53370	-89.98620	LAX_LV_ENDOCARDIAL	9	1.0	6
31.24134	-4.36536	-88.59481	LAX_LV_ENDOCARDIAL	9	1.0	6
29.43855	-2.19703	-87.20342	LAX_LV_ENDOCARDIAL	9	1.0	6
27.63576	-0.02869	-85.81204	LAX_LV_ENDOCARDIAL	9	1.0	6
25.83297	2.13964	-84.42065	LAX_LV_ENDOCARDIAL	9	1.0	6
24.03018	4.30798	-83.02926	LAX_LV_ENDOCARDIAL	9	1.0	6
22.22739	6.47631	-81.63788	LAX_LV_ENDOCARDIAL	9	1.0	6
20.42460	8.64465	-80.24649	LAX_LV_ENDOCARDIAL	9	1.0	6
18.62180	10.81298	-78.85510	LAX_LV_ENDOCARDIAL	9	1.0	6
16.81901	12.98132	-77.46372	LAX_LV_ENDOCARDIAL	9	1.0	6
15.07127	15.18481	-77.47706	LAX_LV_ENDOCARDIAL	9	1.0	6
13.26848	17.35314	-76.08568	LAX_LV_ENDOCARDIAL	9	1.0	6
11.46568	19.52148	-74.69429	LAX_LV_ENDOCARDIAL	9	1.0	6
9.71794	21.72496	-74.70763	LAX_LV_ENDOCARDIAL	9	1.0	6
7.91515	23.89330	-73.31625	LAX_LV_ENDOCARDIAL	9	1.0	6
6.11236	26.06163	-71.92486	LAX_LV_ENDOCARDIAL	9	1.0	6
4.25452	28.19482	-69.12874	LAX_LV_ENDOCARDIAL	9	1.0	6
2.45173	30.36315	-67.73735	LAX_LV_ENDOCARDIAL	9	1.0	6
0.64894	32.53149	-66.34597	LAX_LV_ENDOCARDIAL	9	1.0	6
-1.15385	34.69982	-64.95458	LAX_LV_ENDOCARDIAL	9	1.0	6
-2.95664	36.86816	-63.56319	LAX_LV_ENDOCARDIAL	9	1.0	6
-3.88556	37.93475	-62.16513	LAX_LV_ENDOCARDIAL	9	1.0	6
11.99561	14.88047	-21.29443	LAX_LV_EPICARDIAL	9	1.0	6
13.79840	12.71214	-22.68582	LAX_LV_EPICARDIAL	9	1.0	6
15.54615	10.50865	-22.67247	LAX_LV_EPICARDIAL	9	1.0	6
17.29389	8.30517	-22.65912	LAX_LV_EPICARDIAL	9	1.0	6
19.09669	6.13683	-24.05051	LAX_LV_EPICARDIAL	9	1.0	6
20.84443	3.93334	-24.03716	LAX_LV_EPICARDIAL	9	1.0	6
22.64722	1.76501	-25.42855	LAX_LV_EPICARDIAL	9	1.0	6
24.45001	-0.40333	-26.81994	LAX_LV_EPICARDIAL	9	1.0	6
26.19776	-2.60681	-26.80659	LAX_LV_EPICARDIAL	9	1.0	6
28.05560	-4.74000	-29.60271	LAX_LV_EPICARDIAL	9	1.0	6
29.91343	-6.87318	-32.39883	LAX_LV_EPICARDIAL	9	1.0	6
31.77127	-9.00636	-35.19495	LAX_LV_EPICARDIAL	9	1.0	6
33.62910	-11.13955	-37.99107	LAX_LV_EPICARDIAL	9	1.0	6
34.61307	-12.17099	-40.79386	LAX_LV_EPICARDIAL	9	1.0	6
36.47090	-14.30417	-43.58998	LAX_LV_EPICARDIAL	9	1.0	6
37.45486	-15.33561	-46.39278	LAX_LV_EPICARDIAL	9	1.0	6
38.43883	-16.36705	-49.19557	LAX_LV_EPICARDIAL	9	1.0	6
39.42279	-17.39849	-51.99836	LAX_LV_EPICARDIAL	9	1.0	6
40.40675	-18.42993	-54.80115	LAX_LV_EPICARDIAL	9	1.0	6
41.39071	-19.46137	-57.60395	LAX_LV_EPICARDIAL	9	1.0	6
42.37468	-20.49281	-60.40674	LAX_LV_EPICARDIAL	9	1.0	6
42.48477	-20.42250	-63.21620	LAX_LV_EPICARDIAL	9	1.0	6
43.46873	-21.45394	-66.01900	LAX_LV_EPICARDIAL	9	1.0	6
43.57882	-21.38364	-68.82846	LAX_LV_EPICARDIAL	9	1.0	6
44.56278	-22.41508	-71.63125	LAX_LV_EPICARDIAL	9	1.0	6
44.67287	-22.34477	-74.44072	LAX_LV_EPICARDIAL	9	1.0	6
45.65683	-23.37621	-77.24351	LAX_LV_EPICARDIAL	9	1.0	6
45.76692	-23.30591	-80.05298	LAX_LV_EPICARDIAL	9	1.0	6
45.87701	-23.23561	-82.86244	LAX_LV_EPICARDIAL	9	1.0	6
45.98710	-23.16530	-85.67191	LAX_LV_EPICARDIAL	9	1.0	6
45.22331	-21.99326	-88.48804	LAX_LV_EPICARDIAL	9	1.0	6
45.33340	-21.92295	-91.29751	LAX_LV_EPICARDIAL	9	1.0	6
44.56962	-20.75090	-94.11365	LAX_LV_EPICARDIAL	9	1.0	6
43.80584	-19.57886	-96.92979	LAX_LV_EPICARDIAL	9	1.0	6
42.16818	-17.30507	-99.75260	LAX_LV_EPICARDIAL	9	1.0	6
40.42043	-15.10158	-99.76594	LAX_LV_EPICARDIAL	9	1.0	6
38.67268	-12.89809	-99.77929	LAX_LV_EPICARDIAL	9	1.0	6
36.92494	-10.69461	-99.79264	LAX_LV_EPICARDIAL	9	1.0	6
35.17719	-8.49112	-99.80598	LAX_LV_EPICARDIAL	9	1.0	6
33.37440	-6.32278	-98.41459	LAX_LV_EPICARDIAL	9	1.0	6
31.57161	-4.15445	-97.02321	LAX_LV_EPICARDIAL	9	1.0	6
29.82386	-1.95096	-97.03655	LAX_LV_EPICARDIAL	9	1.0	6
28.02107	0.21737	-95.64517	LAX_LV_EPICARDIAL	9	1.0	6
26.27333	2.42086	-95.65851	LAX_LV_EPICARDIAL	9	1.0	6
24.47053	4.58919	-94.26712	LAX_LV_EPICARDIAL	9	1.0	6
22.66774	6.75753	-92.87574	LAX_LV_EPICARDIAL	9	1.0	6
20.92000	8.96102	-92.88908	LAX_LV_EPICARDIAL	9	1.0	6
19.11721	11.12935	-91.49770	LAX_LV_EPICARDIAL	9	1.0	6
17.31441	13.29769	-90.10631	LAX_LV_EPICARDIAL	9	1.0	6
15.56667	15.50117	-90.11966	LAX_LV_EPICARDIAL	9	1.0	6
13.76388	17.66951	-88.72827	LAX_LV_EPICARDIAL	9	1.0	6
11.96109	19.83784	-87.33688	LAX_LV_EPICARDIAL	9	1.0	6
10.21334	22.04133	-87.35023	LAX_LV_EPICARDIAL	9	1.0	6
8.41055	24.20967	-85.95884	LAX_LV_EPICARDIAL	9	1.0	6
6.60776	26.37800	-84.56745	LAX_LV_EPICARDIAL	9	1.0	6
4.80497	28.54634	-83.17607	LAX_LV_EPICARDIAL	9	1.0	6
3.05722	30.74982	-83.18941	LAX_LV_EPICARDIAL	9	1.0	6
1.25443	32.91816	-81.79803	LAX_LV_EPICARDIAL	9	1.0	6
-0.60341	35.05134	-79.00191	LAX_LV_EPICARDIAL	9	1.0	6
-2.40620	37.21968	-77.61052	LAX_LV_EPICARDIAL	9	1.0	6
-4.26403	39.35286	-74.81440	LAX_LV_EPICARDIAL	9	1.0	6
-6.12187	41.48604	-72.01828	LAX_LV_EPICARDIAL	9	1.0	6
-6.23196	41.41574	-69.20882	LAX_LV_EPICARDIAL	9	1.0	6
-6.34205	41.34543	-66.39935	LAX_LV_EPICARDIAL	9	1.0	6
-5.57826	40.17339	-63.58321	LAX_LV_EPICARDIAL	9	1.0	6
-3.88556	37.93475	-62.16513	LAX_LV_EPICARDIAL	9	1.0	6
5.98859	22.66298	-24.15060	LAX_LV_EPICARDIAL	9	1.0	6
7.68129	20.42434	-22.73253	LAX_LV_EPICARDIAL	9	1.0	6
9.42904	18.22086	-22.71918	LAX_LV_EPICARDIAL	9	1.0	6
11.12174	15.98222	-21.30110	LAX_LV_EPICARDIAL	9	1.0	6
4.62015	24.58180	-26.76230	MITRAL_VALVE	9	1.0	6
-3.70435	37.45299	-58.75943	MITRAL_VALVE	9	1.0	6
43.46177	-19.07578	-97.86366	APEX_POINT	9	1.0	6
-7.51166	37.27890	8.06483	LAX_LA	9	1.0	6
-5.70887	35.11056	6.67344	LAX_LA	9	1.0	6
-3.85104	32.97738	3.87732	LAX_LA	9	1.0	6
-1.99320	30.84420	1.08120	LAX_LA	9	1.0	6
-1.88311	30.91450	-1.72826	LAX_LA	9	1.0	6
-0.89915	29.88306	-4.53106	LAX_LA	9	1.0	6
0.08481	28.85162	-7.33385	LAX_LA	9	1.0	6
1.94265	26.71844	-10.12997	LAX_LA	9	1.0	6
2.92661	25.68700	-12.93276	LAX_LA	9	1.0	6
3.03670	25.75730	-15.74223	LAX_LA	9	1.0	6
3.14679	25.82760	-18.55169	LAX_LA	9	1.0	6
4.13075	24.79617	-21.35448	LAX_LA	9	1.0	6
4.24084	24.86647	-24.16395	LAX_LA	9	1.0	6
-5.79844	40.03278	-57.96428	LAX_LA	9	1.0	6
-7.65628	42.16596	-55.16816	LAX_LA	9	1.0	6
-9.51411	44.29915	-52.37204	LAX_LA	9	1.0	6
-10.49808	45.33058	-49.56925	LAX_LA	9	1.0	6
-11.48204	46.36202	-46.76646	LAX_LA	9	1.0	6
-11.59213	46.29172	-43.95699	LAX_LA	9	1.0	6
-12.57609	47.32316	-41.15420	LAX_LA	9	1.0	6
-12.68618	47.25286	-38.34473	LAX_LA	9	1.0	6
-13.67014	48.28430	-35.54194	LAX_LA	9	1.0	6
-13.78023	48.21399	-32.73248	LAX_LA	9	1.0	6
-13.89032	48.14369	-29.92301	LAX_LA	9	1.0	6
-14.87428	49.17513	-27.12022	LAX_LA	9	1.0	6
-14.98437	49.10482	-24.31075	LAX_LA	9	1.0	6
-15.09446	49.03452	-21.50129	LAX_LA	9	1.0	6
-15.20455	48.96422	-18.69182	LAX_LA	9	1.0	6
-15.31464	48.89391	-15.88236	LAX_LA	9	1.0	6
-15.42473	48.82361	-13.07289	LAX_LA	9	1.0	6
-15.53482	48.75331	-10.26343	LAX_LA	9	1.0	6
-15.64491	48.68300	-7.45396	LAX_LA	9	1.0	6
-15.75500	48.61270	-4.64450	LAX_LA	9	1.0	6
-15.86509	48.54239	-1.83503	LAX_LA	9	1.0	6
-15.10130	47.37035	0.98111	LAX_LA	9	1.0	6
-13.46364	45.09656	3.80392	LAX_LA	9	1.0	6
-11.82599	42.82277	6.62673	LAX_LA	9	1.0	6
-10.13328	40.58413	8.04481	LAX_LA	9	1.0	6
-8.38554	38.38064	8.05815	LAX_LA	9	1.0	6
-25.34927	-9.16351	-8.29508	LAX_RV_FREEWALL	8	1.0	1.0
-25.00515	-11.88041	-9.84031	LAX_RV_FREEWALL	8	1.0	1.0
-23.48018	-13.23886	-12.23129	LAX_RV_FREEWALL	8	1.0	1.0
-22.23413	-15.95575	-14.85543	LAX_RV_FREEWALL	8	1.0	1.0
-20.70916	-17.31421	-17.24641	LAX_RV_FREEWALL	8	1.0	1.0
-19.18419	-18.67266	-19.63739	LAX_RV_FREEWALL	8	1.0	1.0
-17.65922	-20.03111	-22.02837	LAX_RV_FREEWALL	8	1.0	1.0
-15.85534	-20.03111	-24.18618	LAX_RV_FREEWALL	8	1.0	1.0
-14.33037	-21.38956	-26.57716	LAX_RV_FREEWALL	8	1.0	1.0
-12.52649	-21.38956	-28.73498	LAX_RV_FREEWALL	8	1.0	1.0
-11.00152	-22.74801	-31.12596	LAX_RV_FREEWALL	8	1.0	1.0
-9.19764	-22.74801	-33.28378	LAX_RV_FREEWALL	8	1.0	1.0
-7.39376	-22.74801	-35.44160	LAX_RV_FREEWALL	8	1.0	1.0
-5.58988	-22.74802	-37.59941	LAX_RV_FREEWALL	8	1.0	1.0
-3.78600	-22.74802	-39.75723	LAX_RV_FREEWALL	8	1.0	1.0
-1.98212	-22.74802	-41.91505	LAX_RV_FREEWALL	8	1.0	1.0
-0.17824	-22.74802	-44.07287	LAX_RV_FREEWALL	8	1.0	1.0
1.62565	-22.74802	-46.23068	LAX_RV_FREEWALL	8	1.0	1.0
3.42953	-22.74802	-48.38850	LAX_RV_FREEWALL	8	1.0	1.0
5.23341	-22.74803	-50.54632	LAX_RV_FREEWALL	8	1.0	1.0
7.03729	-22.74803	-52.70414	LAX_RV_FREEWALL	8	1.0	1.0
-8.27760	-5.08818	-27.01595	LAX_RV_FREEWALL	8	1.0	1.0
-10.08148	-5.08817	-24.85813	LAX_RV_FREEWALL	8	1.0	1.0
-11.88536	-5.08817	-22.70031	LAX_RV_FREEWALL	8	1.0	1.0
-13.68924	-5.08817	-20.54250	LAX_RV_FREEWALL	8	1.0	1.0
-15.49312	-5.08817	-18.38468	LAX_RV_FREEWALL	8	1.0	1.0
-17.01809	-3.72972	-15.99370	LAX_RV_FREEWALL	8	1.0	1.0
-18.82197	-3.72972	-13.83588	LAX_RV_FREEWALL	8	1.0	1.0
-20.62585	-3.72972	-11.67806	LAX_RV_FREEWALL	8	1.0	1.0
-22.42973	-3.72971	-9.52025	LAX_RV_FREEWALL	8	1.0	1.0
-23.61059	-5.08816	-8.67450	LAX_RV_FREEWALL	8	1.0	1.0
-25.07035	-7.80506	-8.06191	LAX_RV_FREEWALL	8	1.0	1.0
-27.15315	-9.16350	-6.13726	LAX_RV_EPICARDIAL	8	1.0	1.0
-26.80903	-11.88040	-7.68249	LAX_RV_EPICARDIAL	8	1.0	1.0
-26.46492	-14.59730	-9.22772	LAX_RV_EPICARDIAL	8	1.0	1.0
-25.21886	-17.31420	-11.85187	LAX_RV_EPICARDIAL	8	1.0	1.0
-23.97281	-20.03110	-14.47601	LAX_RV_EPICARDIAL	8	1.0	1.0
-22.44784	-21.38955	-16.86699	LAX_RV_EPICARDIAL	8	1.0	1.0
-20.92287	-22.74800	-19.25796	LAX_RV_EPICARDIAL	8	1.0	1.0
-19.11899	-22.74800	-21.41578	LAX_RV_EPICARDIAL	8	1.0	1.0
-17.59402	-24.10645	-23.80676	LAX_RV_EPICARDIAL	8	1.0	1.0
-16.06905	-25.46490	-26.19774	LAX_RV_EPICARDIAL	8	1.0	1.0
-14.26517	-25.46491	-28.35556	LAX_RV_EPICARDIAL	8	1.0	1.0
-12.46129	-25.46491	-30.51338	LAX_RV_EPICARDIAL	8	1.0	1.0
-10.93632	-26.82336	-32.90436	LAX_RV_EPICARDIAL	8	1.0	1.0
-9.13244	-26.82336	-35.06217	LAX_RV_EPICARDIAL	8	1.0	1.0
-7.32856	-26.82336	-37.21999	LAX_RV_EPICARDIAL	8	1.0	1.0
-5.52468	-26.82336	-39.37781	LAX_RV_EPICARDIAL	8	1.0	1.0
-3.72080	-26.82336	-41.53563	LAX_RV_EPICARDIAL	8	1.0	1.0
-1.63800	-25.46492	-43.46028	LAX_RV_EPICARDIAL	8	1.0	1.0
0.16588	-25.46492	-45.61810	LAX_RV_EPICARDIAL	8	1.0	1.0
1.96976	-25.46492	-47.77592	LAX_RV_EPICARDIAL	8	1.0	1.0
3.77364	-25.46492	-49.93373	LAX_RV_EPICARDIAL	8	1.0	1.0
5.57752	-25.46492	-52.09155	LAX_RV_EPICARDIAL	8	1.0	1.0
7.38140	-25.46493	-54.24937	LAX_RV_EPICARDIAL	8	1.0	1.0
9.18529	-25.46493	-56.40719	LAX_RV_EPICARDIAL	8	1.0	1.0
9.74311	-22.74803	-55.94086	LAX_RV_EPICARDIAL	8	1.0	1.0
-10.76971	0.34562	-21.76767	LAX_RV_EPICARDIAL	8	1.0	1.0
-12.85250	-1.01282	-19.84301	LAX_RV_EPICARDIAL	8	1.0	1.0
-14.65638	-1.01282	-17.68519	LAX_RV_EPICARDIAL	8	1.0	1.0
-16.73918	-2.37127	-15.76054	LAX_RV_EPICARDIAL	8	1.0	1.0
-18.26415	-1.01282	-13.36956	LAX_RV_EPICARDIAL	8	1.0	1.0
-20.34694	-2.37127	-11.44490	LAX_RV_EPICARDIAL	8	1.0	1.0
-22.42973	-3.72971	-9.52025	LAX_RV_EPICARDIAL	8	1.0	1.0
-24.23362	-3.72971	-7.36243	LAX_RV_EPICARDIAL	8	1.0	1.0
-25.69338	-6.44661	-6.74984	LAX_RV_EPICARDIAL	8	1.0	1.0
8.84117	-22.74803	-54.86195	LAX_RV_SEPTUM	8	1.0	1.0
8.21814	-21.38958	-53.54988	LAX_RV_SEPTUM	8	1.0	1.0
6.69317	-20.03113	-51.15890	LAX_RV_SEPTUM	8	1.0	1.0
5.16821	-18.67268	-48.76792	LAX_RV_SEPTUM	8	1.0	1.0
3.64324	-17.31423	-46.37694	LAX_RV_SEPTUM	8	1.0	1.0
2.11827	-15.95578	-43.98597	LAX_RV_SEPTUM	8	1.0	1.0
0.59330	-14.59733	-41.59499	LAX_RV_SEPTUM	8	1.0	1.0
-0.65276	-11.88043	-38.97085	LAX_RV_SEPTUM	8	1.0	1.0
-2.17772	-10.52198	-36.57987	LAX_RV_SEPTUM	8	1.0	1.0
-3.70269	-9.16353	-34.18889	LAX_RV_SEPTUM	8	1.0	1.0
-4.94875	-6.44663	-31.56475	LAX_RV_SEPTUM	8	1.0	1.0
-6.47372	-5.08818	-29.17377	LAX_RV_SEPTUM	8	1.0	1.0
-8.96583	0.34562	-23.92548	LAX_LV_EPICARDIAL	8	1.0	1.0
-7.71977	-2.37128	-26.54962	LAX_LV_EPICARDIAL	8	1.0	1.0
11.54699	-22.74803	-58.09868	LAX_LV_EPICARDIAL	8	1.0	1.0
13.35087	-22.74803	-60.25650	LAX_LV_EPICARDIAL	8	1.0	1.0
14.87584	-24.10648	-62.64748	LAX_LV_EPICARDIAL	8	1.0	1.0
16.67972	-24.10649	-64.80529	LAX_LV_EPICARDIAL	8	1.0	1.0
18.20469	-25.46494	-67.19627	LAX_LV_EPICARDIAL	8	1.0	1.0
19.72966	-26.82339	-69.58725	LAX_LV_EPICARDIAL	8	1.0	1.0
21.53354	-26.82339	-71.74507	LAX_LV_EPICARDIAL	8	1.0	1.0
23.33742	-26.82339	-73.90289	LAX_LV_EPICARDIAL	8	1.0	1.0
24.86239	-28.18184	-76.29387	LAX_LV_EPICARDIAL	8	1.0	1.0
26.66627	-28.18184	-78.45169	LAX_LV_EPICARDIAL	8	1.0	1.0
28.47015	-28.18184	-80.60950	LAX_LV_EPICARDIAL	8	1.0	1.0
30.55295	-26.82340	-82.53416	LAX_LV_EPICARDIAL	8	1.0	1.0
32.35683	-26.82340	-84.69198	LAX_LV_EPICARDIAL	8	1.0	1.0
34.16071	-26.82340	-86.84979	LAX_LV_EPICARDIAL	8	1.0	1.0
35.96459	-26.82340	-89.00761	LAX_LV_EPICARDIAL	8	1.0	1.0
38.04739	-25.46496	-90.93227	LAX_LV_EPICARDIAL	8	1.0	1.0
40.40909	-22.74806	-92.62376	LAX_LV_EPICARDIAL	8	1.0	1.0
42.77080	-20.03116	-94.31525	LAX_LV_EPICARDIAL	8	1.0	1.0
44.23057	-17.31427	-94.92784	LAX_LV_EPICARDIAL	8	1.0	1.0
45.69033	-14.59737	-95.54042	LAX_LV_EPICARDIAL	8	1.0	1.0
46.24816	-11.88047	-95.07410	LAX_LV_EPICARDIAL	8	1.0	1.0
45.90404	-9.16358	-93.52887	LAX_LV_EPICARDIAL	8	1.0	1.0
45.55993	-6.44668	-91.98364	LAX_LV_EPICARDIAL	8	1.0	1.0
46.11775	-3.72978	-91.51731	LAX_LV_EPICARDIAL	8	1.0	1.0
45.77364	-1.01288	-89.97208	LAX_LV_EPICARDIAL	8	1.0	1.0
45.42952	1.70402	-88.42685	LAX_LV_EPICARDIAL	8	1.0	1.0
45.08541	4.42092	-86.88161	LAX_LV_EPICARDIAL	8	1.0	1.0
44.74129	7.13781	-85.33638	LAX_LV_EPICARDIAL	8	1.0	1.0
44.39718	9.85471	-83.79115	LAX_LV_EPICARDIAL	8	1.0	1.0
44.05306	12.57161	-82.24592	LAX_LV_EPICARDIAL	8	1.0	1.0
43.70895	15.28851	-80.70068	LAX_LV_EPICARDIAL	8	1.0	1.0
43.36483	18.00541	-79.15545	LAX_LV_EPICARDIAL	8	1.0	1.0
43.02072	20.72231	-77.61022	LAX_LV_EPICARDIAL	8	1.0	1.0
42.67660	23.43920	-76.06499	LAX_LV_EPICARDIAL	8	1.0	1.0
41.43055	26.15610	-73.44084	LAX_LV_EPICARDIAL	8	1.0	1.0
41.08643	28.87300	-71.89561	LAX_LV_EPICARDIAL	8	1.0	1.0
40.74232	31.58990	-70.35038	LAX_LV_EPICARDIAL	8	1.0	1.0
39.49626	34.30680	-67.72624	LAX_LV_EPICARDIAL	8	1.0	1.0
39.15215	37.02370	-66.18101	LAX_LV_EPICARDIAL	8	1.0	1.0
37.90609	39.74060	-63.55686	LAX_LV_EPICARDIAL	8	1.0	1.0
36.38112	41.09905	-61.16589	LAX_LV_EPICARDIAL	8	1.0	1.0
35.13507	43.81595	-58.54174	LAX_LV_EPICARDIAL	8	1.0	1.0
33.61010	45.17440	-56.15076	LAX_LV_EPICARDIAL	8	1.0	1.0
32.08513	46.53285	-53.75979	LAX_LV_EPICARDIAL	8	1.0	1.0
30.56016	47.89130	-51.36881	LAX_LV_EPICARDIAL	8	1.0	1.0
29.03519	49.24975	-48.97783	LAX_LV_EPICARDIAL	8	1.0	1.0
27.23131	49.24975	-46.82001	LAX_LV_EPICARDIAL	8	1.0	1.0
25.42743	49.24975	-44.66219	LAX_LV_EPICARDIAL	8	1.0	1.0
23.62355	49.24975	-42.50437	LAX_LV_EPICARDIAL	8	1.0	1.0
21.81967	49.24976	-40.34656	LAX_LV_EPICARDIAL	8	1.0	1.0
19.73687	47.89131	-38.42190	LAX_LV_EPICARDIAL	8	1.0	1.0
2.36819	24.79769	-27.28093	LAX_LV_EPICARDIAL	8	1.0	1.0
0.28539	23.43925	-25.35627	LAX_LV_EPICARDIAL	8	1.0	1.0
-1.51849	23.43925	-23.19846	LAX_LV_EPICARDIAL	8	1.0	1.0
-3.60128	22.08080	-21.27380	LAX_LV_EPICARDIAL	8	1.0	1.0
-6.60412	3.06252	-25.61698	LAX_LV_ENDOCARDIAL	8	1.0	1.0
-4.52133	4.42096	-27.54163	LAX_LV_ENDOCARDIAL	8	1.0	1.0
-2.43853	5.77941	-29.46629	LAX_LV_ENDOCARDIAL	8	1.0	1.0
-0.35574	7.13786	-31.39094	LAX_LV_ENDOCARDIAL	8	1.0	1.0
1.72706	8.49630	-33.31560	LAX_LV_ENDOCARDIAL	8	1.0	1.0
3.25202	7.13785	-35.70658	LAX_LV_ENDOCARDIAL	8	1.0	1.0
5.05591	7.13785	-37.86440	LAX_LV_ENDOCARDIAL	8	1.0	1.0
6.30196	4.42095	-40.48854	LAX_LV_ENDOCARDIAL	8	1.0	1.0
7.54802	1.70405	-43.11268	LAX_LV_ENDOCARDIAL	8	1.0	1.0
8.79407	-1.01285	-45.73682	LAX_LV_ENDOCARDIAL	8	1.0	1.0
10.31904	-2.37130	-48.12780	LAX_LV_ENDOCARDIAL	8	1.0	1.0
11.56510	-5.08820	-50.75194	LAX_LV_ENDOCARDIAL	8	1.0	1.0
13.09006	-6.44665	-53.14292	LAX_LV_ENDOCARDIAL	8	1.0	1.0
14.61503	-7.80510	-55.53390	LAX_LV_ENDOCARDIAL	8	1.0	1.0
16.14000	-9.16355	-57.92488	LAX_LV_ENDOCARDIAL	8	1.0	1.0
17.38606	-11.88045	-60.54902	LAX_LV_ENDOCARDIAL	8	1.0	1.0
19.18994	-11.88045	-62.70684	LAX_LV_ENDOCARDIAL	8	1.0	1.0
20.71491	-13.23890	-65.09782	LAX_LV_ENDOCARDIAL	8	1.0	1.0
22.23988	-14.59735	-67.48880	LAX_LV_ENDOCARDIAL	8	1.0	1.0
23.76484	-15.95580	-69.87978	LAX_LV_ENDOCARDIAL	8	1.0	1.0
25.56873	-15.95580	-72.03759	LAX_LV_ENDOCARDIAL	8	1.0	1.0
27.09369	-17.31425	-74.42857	LAX_LV_ENDOCARDIAL	8	1.0	1.0
28.89757	-17.31425	-76.58639	LAX_LV_ENDOCARDIAL	8	1.0	1.0
30.42254	-18.67270	-78.97737	LAX_LV_ENDOCARDIAL	8	1.0	1.0
32.22642	-18.67271	-81.13519	LAX_LV_ENDOCARDIAL	8	1.0	1.0
34.03031	-18.67271	-83.29300	LAX_LV_ENDOCARDIAL	8	1.0	1.0
35.55527	-20.03116	-85.68398	LAX_LV_ENDOCARDIAL	8	1.0	1.0
37.35916	-20.03116	-87.84180	LAX_LV_ENDOCARDIAL	8	1.0	1.0
39.16304	-20.03116	-89.99962	LAX_LV_ENDOCARDIAL	8	1.0	1.0
41.52474	-17.31427	-91.69111	LAX_LV_ENDOCARDIAL	8	1.0	1.0
42.08257	-14.59737	-91.22479	LAX_LV_ENDOCARDIAL	8	1.0	1.0
41.73845	-11.88047	-89.67956	LAX_LV_ENDOCARDIAL	8	1.0	1.0
40.49240	-9.16357	-87.05542	LAX_LV_ENDOCARDIAL	8	1.0	1.0
39.24634	-6.44667	-84.43127	LAX_LV_ENDOCARDIAL	8	1.0	1.0
38.00029	-3.72977	-81.80713	LAX_LV_ENDOCARDIAL	8	1.0	1.0
37.65617	-1.01287	-80.26190	LAX_LV_ENDOCARDIAL	8	1.0	1.0
36.41012	1.70403	-77.63776	LAX_LV_ENDOCARDIAL	8	1.0	1.0
36.06600	4.42092	-76.09253	LAX_LV_ENDOCARDIAL	8	1.0	1.0
34.81995	7.13782	-73.46839	LAX_LV_ENDOCARDIAL	8	1.0	1.0
33.57389	9.85472	-70.84424	LAX_LV_ENDOCARDIAL	8	1.0	1.0
33.22978	12.57162	-69.29901	LAX_LV_ENDOCARDIAL	8	1.0	1.0
32.88566	15.28852	-67.75378	LAX_LV_ENDOCARDIAL	8	1.0	1.0
31.63960	18.00542	-65.12964	LAX_LV_ENDOCARDIAL	8	1.0	1.0
32.19743	20.72232	-64.66331	LAX_LV_ENDOCARDIAL	8	1.0	1.0
32.75526	23.43921	-64.19699	LAX_LV_ENDOCARDIAL	8	1.0	1.0
32.41114	26.15611	-62.65176	LAX_LV_ENDOCARDIAL	8	1.0	1.0
31.16509	28.87301	-60.02762	LAX_LV_ENDOCARDIAL	8	1.0	1.0
29.91903	31.58991	-57.40348	LAX_LV_ENDOCARDIAL	8	1.0	1.0
28.39406	32.94836	-55.01250	LAX_LV_ENDOCARDIAL	8	1.0	1.0
27.14801	35.66526	-52.38835	LAX_LV_ENDOCARDIAL	8	1.0	1.0
25.62304	37.02371	-49.99738	LAX_LV_ENDOCARDIAL	8	1.0	1.0
24.09807	38.38216	-47.60640	LAX_LV_ENDOCARDIAL	8	1.0	1.0
22.57310	39.74061	-45.21542	LAX_LV_ENDOCARDIAL	8	1.0	1.0
21.04813	41.09906	-42.82444	LAX_LV_ENDOCARDIAL	8	1.0	1.0
19.24425	41.09906	-40.66662	LAX_LV_ENDOCARDIAL	8	1.0	1.0
2.36819	24.79769	-27.28093	LAX_LV_ENDOCARDIAL	8	1.0	1.0
0.28539	23.43925	-25.35627	LAX_LV_ENDOCARDIAL	8	1.0	1.0
-1.51849	23.43925	-23.19846	LAX_LV_ENDOCARDIAL	8	1.0	1.0
-3.60128	22.08080	-21.27380	LAX_LV_ENDOCARDIAL	8	1.0	1.0
-27.15315	-9.16350	-6.13726	LAX_RV_EPICARDIAL	8	1.0	1.0
-26.80903	-11.88040	-7.68249	LAX_RV_EPICARDIAL	8	1.0	1.0
-26.46492	-14.59730	-9.22772	LAX_RV_EPICARDIAL	8	1.0	1.0
-25.21886	-17.31420	-11.85187	LAX_RV_EPICARDIAL	8	1.0	1.0
-23.97281	-20.03110	-14.47601	LAX_RV_EPICARDIAL	8	1.0	1.0
-22.44784	-21.38955	-16.86699	LAX_RV_EPICARDIAL	8	1.0	1.0
-20.92287	-22.74800	-19.25796	LAX_RV_EPICARDIAL	8	1.0	1.0
-19.11899	-22.74800	-21.41578	LAX_RV_EPICARDIAL	8	1.0	1.0
-17.59402	-24.10645	-23.80676	LAX_RV_EPICARDIAL	8	1.0	1.0
-16.06905	-25.46490	-26.19774	LAX_RV_EPICARDIAL	8	1.0	1.0
-14.26517	-25.46491	-28.35556	LAX_RV_EPICARDIAL	8	1.0	1.0
-12.46129	-25.46491	-30.51338	LAX_RV_EPICARDIAL	8	1.0	1.0
-10.93632	-26.82336	-32.90436	LAX_RV_EPICARDIAL	8	1.0	1.0
-9.13244	-26.82336	-35.06217	LAX_RV_EPICARDIAL	8	1.0	1.0
-7.32856	-26.82336	-37.21999	LAX_RV_EPICARDIAL	8	1.0	1.0
-5.52468	-26.82336	-39.37781	LAX_RV_EPICARDIAL	8	1.0	1.0
-3.72080	-26.82336	-41.53563	LAX_RV_EPICARDIAL	8	1.0	1.0
-1.63800	-25.46492	-43.46028	LAX_RV_EPICARDIAL	8	1.0	1.0
0.16588	-25.46492	-45.61810	LAX_RV_EPICARDIAL	8	1.0	1.0
1.96976	-25.46492	-47.77592	LAX_RV_EPICARDIAL	8	1.0	1.0
3.77364	-25.46492	-49.93373	LAX_RV_EPICARDIAL	8	1.0	1.0
5.57752	-25.46492	-52.09155	LAX_RV_EPICARDIAL	8	1.0	1.0
7.38140	-25.46493	-54.24937	LAX_RV_EPICARDIAL	8	1.0	1.0
9.18529	-25.46493	-56.40719	LAX_RV_EPICARDIAL	8	1.0	1.0
9.74311	-22.74803	-55.94086	LAX_RV_EPICARDIAL	8	1.0	1.0
-10.76971	0.34562	-21.76767	LAX_RV_EPICARDIAL	8	1.0	1.0
-12.85250	-1.01282	-19.84301	LAX_RV_EPICARDIAL	8	1.0	1.0
-14.65638	-1.01282	-17.68519	LAX_RV_EPICARDIAL	8	1.0	1.0
-16.73918	-2.37127	-15.76054	LAX_RV_EPICARDIAL	8	1.0	1.0
-18.26415	-1.01282	-13.36956	LAX_RV_EPICARDIAL	8	1.0	1.0
-20.34694	-2.37127	-11.44490	LAX_RV_EPICARDIAL	8	1.0	1.0
-22.42973	-3.72971	-9.52025	LAX_RV_EPICARDIAL	8	1.0	1.0
-24.23362	-3.72971	-7.36243	LAX_RV_EPICARDIAL	8	1.0	1.0
-25.69338	-6.44661	-6.74984	LAX_RV_EPICARDIAL	8	1.0	1.0
-21.55679	35.66531	5.87272	LAX_LA	8	1.0	1.0
-20.31073	32.94841	3.24858	LAX_LA	8	1.0	1.0
-18.78576	31.58996	0.85760	LAX_LA	8	1.0	1.0
-18.44165	28.87306	-0.68764	LAX_LA	8	1.0	1.0
-16.91668	27.51461	-3.07861	LAX_LA	8	1.0	1.0
-15.39171	26.15616	-5.46959	LAX_LA	8	1.0	1.0
-13.58783	26.15616	-7.62741	LAX_LA	8	1.0	1.0
-11.78395	26.15615	-9.78523	LAX_LA	8	1.0	1.0
-9.70116	27.51460	-11.70988	LAX_LA	8	1.0	1.0
-7.89727	27.51460	-13.86770	LAX_LA	8	1.0	1.0
-6.09339	27.51460	-16.02552	LAX_LA	8	1.0	1.0
-4.28951	27.51460	-18.18334	LAX_LA	8	1.0	1.0
-2.48563	27.51459	-20.34115	LAX_LA	8	1.0	1.0
-0.68175	27.51459	-22.49897	LAX_LA	8	1.0	1.0
1.12213	27.51459	-24.65679	LAX_LA	8	1.0	1.0
16.47323	45.17441	-35.65150	LAX_LA	8	1.0	1.0
14.94826	46.53286	-33.26052	LAX_LA	8	1.0	1.0
13.42329	47.89131	-30.86954	LAX_LA	8	1.0	1.0
11.61941	47.89132	-28.71172	LAX_LA	8	1.0	1.0
9.81553	47.89132	-26.55391	LAX_LA	8	1.0	1.0
8.01165	47.89132	-24.39609	LAX_LA	8	1.0	1.0
6.20776	47.89132	-22.23827	LAX_LA	8	1.0	1.0
4.40388	47.89132	-20.08045	LAX_LA	8	1.0	1.0
2.87892	49.24977	-17.68947	LAX_LA	8	1.0	1.0
1.07503	49.24978	-15.53166	LAX_LA	8	1.0	1.0
-0.44993	50.60823	-13.14068	LAX_LA	8	1.0	1.0
-1.97490	51.96668	-10.74970	LAX_LA	8	1.0	1.0
-3.77878	51.96668	-8.59188	LAX_LA	8	1.0	1.0
-5.58267	51.96668	-6.43406	LAX_LA	8	1.0	1.0
-7.66546	50.60823	-4.50941	LAX_LA	8	1.0	1.0
-9.46934	50.60823	-2.35159	LAX_LA	8	1.0	1.0
-11.55213	49.24979	-0.42693	LAX_LA	8	1.0	1.0
-13.91384	46.53289	1.26456	LAX_LA	8	1.0	1.0
-15.71772	46.53289	3.42238	LAX_LA	8	1.0	1.0
-18.07943	43.81600	5.11387	LAX_LA	8	1.0	1.0
-20.44114	41.09910	6.80537	LAX_LA	8	1.0	1.0
-20.99896	38.38220	6.33904	LAX_LA	8	1.0	1.0
3.05418	27.34285	-27.03958	MITRAL_VALVE	8	1.0	1.0
17.00811	42.63142	-37.35237	MITRAL_VALVE	8	1.0	1.0
-6.51772	20.88773	-18.28293	AORTA_VALVE	8	1.0	1.0
-9.82177	2.65463	-21.93818	AORTA_VALVE	8	1.0	1.0
43.15221	-19.78625	-94.66932	APEX_POINT	8	1.0	1.0
-48.76397	2.28764	-74.69519	LAX_RV_FREEWALL	7	1.0	6
-51.34202	0.68635	-77.26615	LAX_RV_FREEWALL	7	1.0	6
-51.12051	-0.91494	-79.56766	LAX_RV_FREEWALL	7	1.0	6
-49.49921	-2.51623	-81.73444	LAX_RV_FREEWALL	7	1.0	6
-47.87792	-4.11752	-83.90123	LAX_RV_FREEWALL	7	1.0	6
-44.85684	-5.71881	-85.93329	LAX_RV_FREEWALL	7	1.0	6
-41.83577	-7.32011	-87.96535	LAX_RV_FREEWALL	7	1.0	6
-38.81469	-8.92140	-89.99741	LAX_RV_FREEWALL	7	1.0	6
-35.90437	-9.72204	-90.87872	LAX_RV_FREEWALL	7	1.0	6
-32.99406	-10.52269	-91.76003	LAX_RV_FREEWALL	7	1.0	6
-30.08374	-11.32334	-92.64133	LAX_RV_FREEWALL	7	1.0	6
-27.06266	-12.92463	-94.67339	LAX_RV_FREEWALL	7	1.0	6
-24.15234	-13.72528	-95.55470	LAX_RV_FREEWALL	7	1.0	6
-21.24202	-14.52592	-96.43601	LAX_RV_FREEWALL	7	1.0	6
-18.33170	-15.32657	-97.31731	LAX_RV_FREEWALL	7	1.0	6
-15.42138	-16.12722	-98.19862	LAX_RV_FREEWALL	7	1.0	6
-12.51107	-16.92786	-99.07993	LAX_RV_FREEWALL	7	1.0	6
-9.60075	-17.72851	-99.96123	LAX_RV_FREEWALL	7	1.0	6
-6.80118	-17.72851	-99.69178	LAX_RV_FREEWALL	7	1.0	6
-3.89086	-18.52916	-100.57309	LAX_RV_FREEWALL	7	1.0	6
-1.09130	-18.52916	-100.30364	LAX_RV_FREEWALL	7	1.0	6
1.81902	-19.32980	-101.18494	LAX_RV_FREEWALL	7	1.0	6
4.61858	-19.32980	-100.91550	LAX_RV_FREEWALL	7	1.0	6
7.52890	-20.13045	-101.79680	LAX_RV_FREEWALL	7	1.0	6
10.32846	-20.13045	-101.52735	LAX_RV_FREEWALL	7	1.0	6
13.12802	-20.13045	-101.25790	LAX_RV_FREEWALL	7	1.0	6
16.03834	-20.93110	-102.13921	LAX_RV_FREEWALL	7	1.0	6
18.83790	-20.93110	-101.86976	LAX_RV_FREEWALL	7	1.0	6
21.52671	-20.13045	-100.44956	LAX_RV_FREEWALL	7	1.0	6
24.32627	-20.13045	-100.18011	LAX_RV_FREEWALL	7	1.0	6
-47.58570	3.88893	-72.25895	LAX_RV_EPICARDIAL	7	1.0	6
-50.38527	3.88893	-72.52840	LAX_RV_EPICARDIAL	7	1.0	6
-53.18483	3.88894	-72.79785	LAX_RV_EPICARDIAL	7	1.0	6
-54.36310	2.28764	-75.23408	LAX_RV_EPICARDIAL	7	1.0	6
-55.54137	0.68635	-77.67032	LAX_RV_EPICARDIAL	7	1.0	6
-55.31985	-0.91494	-79.97183	LAX_RV_EPICARDIAL	7	1.0	6
-55.09834	-2.51623	-82.27334	LAX_RV_EPICARDIAL	7	1.0	6
-53.47705	-4.11752	-84.44013	LAX_RV_EPICARDIAL	7	1.0	6
-53.25553	-5.71881	-86.74164	LAX_RV_EPICARDIAL	7	1.0	6
-51.63424	-7.32010	-88.90843	LAX_RV_EPICARDIAL	7	1.0	6
-48.61316	-8.92140	-90.94049	LAX_RV_EPICARDIAL	7	1.0	6
-45.70284	-9.72204	-91.82179	LAX_RV_EPICARDIAL	7	1.0	6
-42.68177	-11.32333	-93.85385	LAX_RV_EPICARDIAL	7	1.0	6
-39.77145	-12.12398	-94.73516	LAX_RV_EPICARDIAL	7	1.0	6
-36.86113	-12.92463	-95.61647	LAX_RV_EPICARDIAL	7	1.0	6
-33.95081	-13.72527	-96.49777	LAX_RV_EPICARDIAL	7	1.0	6
-31.04049	-14.52592	-97.37908	LAX_RV_EPICARDIAL	7	1.0	6
-28.13017	-15.32657	-98.26039	LAX_RV_EPICARDIAL	7	1.0	6
-25.21985	-16.12721	-99.14169	LAX_RV_EPICARDIAL	7	1.0	6
-22.30953	-16.92786	-100.02300	LAX_RV_EPICARDIAL	7	1.0	6
-19.39922	-17.72851	-100.90430	LAX_RV_EPICARDIAL	7	1.0	6
-16.48890	-18.52915	-101.78561	LAX_RV_EPICARDIAL	7	1.0	6
-13.57858	-19.32980	-102.66692	LAX_RV_EPICARDIAL	7	1.0	6
-10.66826	-20.13044	-103.54822	LAX_RV_EPICARDIAL	7	1.0	6
-7.86870	-20.13045	-103.27877	LAX_RV_EPICARDIAL	7	1.0	6
-4.95838	-20.93109	-104.16008	LAX_RV_EPICARDIAL	7	1.0	6
-2.04806	-21.73174	-105.04139	LAX_RV_EPICARDIAL	7	1.0	6
0.75150	-21.73174	-104.77194	LAX_RV_EPICARDIAL	7	1.0	6
3.55107	-21.73174	-104.50249	LAX_RV_EPICARDIAL	7	1.0	6
6.35063	-21.73174	-104.23304	LAX_RV_EPICARDIAL	7	1.0	6
9.15019	-21.73174	-103.96359	LAX_RV_EPICARDIAL	7	1.0	6
11.94975	-21.73174	-103.69414	LAX_RV_EPICARDIAL	7	1.0	6
14.86007	-22.53239	-104.57544	LAX_RV_EPICARDIAL	7	1.0	6
17.65964	-22.53239	-104.30600	LAX_RV_EPICARDIAL	7	1.0	6
20.45920	-22.53239	-104.03655	LAX_RV_EPICARDIAL	7	1.0	6
23.25876	-22.53239	-103.76710	LAX_RV_EPICARDIAL	7	1.0	6
25.94757	-21.73175	-102.34689	LAX_RV_EPICARDIAL	7	1.0	6
27.12584	-20.13046	-99.91066	LAX_RV_EPICARDIAL	7	1.0	6
25.50454	-18.52916	-97.74387	LAX_RV_SEPTUM	7	1.0	6
23.99400	-17.72852	-96.72784	LAX_RV_SEPTUM	7	1.0	6
21.08368	-16.92787	-95.84653	LAX_RV_SEPTUM	7	1.0	6
18.06261	-15.32658	-93.81447	LAX_RV_SEPTUM	7	1.0	6
15.15229	-14.52593	-92.93317	LAX_RV_SEPTUM	7	1.0	6
12.13121	-12.92464	-90.90110	LAX_RV_SEPTUM	7	1.0	6
9.11014	-11.32335	-88.86904	LAX_RV_SEPTUM	7	1.0	6
6.08906	-9.72206	-86.83698	LAX_RV_SEPTUM	7	1.0	6
3.06799	-8.12076	-84.80492	LAX_RV_SEPTUM	7	1.0	6
0.04691	-6.51947	-82.77286	LAX_RV_SEPTUM	7	1.0	6
-1.57438	-4.91818	-80.60607	LAX_RV_SEPTUM	7	1.0	6
-4.59546	-3.31689	-78.57401	LAX_RV_SEPTUM	7	1.0	6
-6.21675	-1.71560	-76.40722	LAX_RV_SEPTUM	7	1.0	6
-7.83805	-0.11431	-74.24044	LAX_RV_SEPTUM	7	1.0	6
-9.45934	1.48699	-72.07365	LAX_RV_SEPTUM	7	1.0	6
-11.08064	3.08828	-69.90686	LAX_RV_SEPTUM	7	1.0	6
-14.10171	4.68957	-67.87480	LAX_RV_SEPTUM	7	1.0	6
-15.72300	6.29086	-65.70802	LAX_RV_SEPTUM	7	1.0	6
-17.34430	7.89215	-63.54123	LAX_RV_SEPTUM	7	1.0	6
-18.96559	9.49344	-61.37444	LAX_RV_SEPTUM	7	1.0	6
-20.58689	11.09474	-59.20766	LAX_RV_SEPTUM	7	1.0	6
-20.80840	12.69603	-56.90615	LAX_RV_SEPTUM	7	1.0	6
-20.40543	19.90184	-46.41462	LAX_LV_EPICARDIAL	7	1.0	6
-21.58370	18.30055	-48.85086	LAX_LV_EPICARDIAL	7	1.0	6
-21.36218	16.69926	-51.15237	LAX_LV_EPICARDIAL	7	1.0	6
-21.14067	15.09796	-53.45388	LAX_LV_EPICARDIAL	7	1.0	6
29.59313	-17.72852	-96.18894	LAX_LV_EPICARDIAL	7	1.0	6
32.39269	-17.72852	-95.91949	LAX_LV_EPICARDIAL	7	1.0	6
35.30301	-18.52917	-96.80080	LAX_LV_EPICARDIAL	7	1.0	6
38.10257	-18.52917	-96.53135	LAX_LV_EPICARDIAL	7	1.0	6
40.90214	-18.52917	-96.26190	LAX_LV_EPICARDIAL	7	1.0	6
43.59094	-17.72852	-94.84169	LAX_LV_EPICARDIAL	7	1.0	6
46.16899	-16.12723	-92.27073	LAX_LV_EPICARDIAL	7	1.0	6
48.74704	-14.52594	-89.69977	LAX_LV_EPICARDIAL	7	1.0	6
49.92531	-12.92465	-87.26354	LAX_LV_EPICARDIAL	7	1.0	6
49.70380	-11.32336	-84.96203	LAX_LV_EPICARDIAL	7	1.0	6
50.88206	-9.72207	-82.52579	LAX_LV_EPICARDIAL	7	1.0	6
52.06033	-8.12078	-80.08956	LAX_LV_EPICARDIAL	7	1.0	6
51.83882	-6.51949	-77.78805	LAX_LV_EPICARDIAL	7	1.0	6
53.01709	-4.91820	-75.35181	LAX_LV_EPICARDIAL	7	1.0	6
52.79557	-3.31691	-73.05030	LAX_LV_EPICARDIAL	7	1.0	6
53.97384	-1.71561	-70.61406	LAX_LV_EPICARDIAL	7	1.0	6
53.75233	-0.11432	-68.31255	LAX_LV_EPICARDIAL	7	1.0	6
53.53082	1.48697	-66.01104	LAX_LV_EPICARDIAL	7	1.0	6
53.30930	3.08826	-63.70953	LAX_LV_EPICARDIAL	7	1.0	6
54.48757	4.68955	-61.27329	LAX_LV_EPICARDIAL	7	1.0	6
52.86628	6.29084	-59.10651	LAX_LV_EPICARDIAL	7	1.0	6
52.64476	7.89213	-56.80500	LAX_LV_EPICARDIAL	7	1.0	6
51.02347	9.49342	-54.63821	LAX_LV_EPICARDIAL	7	1.0	6
50.80196	11.09472	-52.33670	LAX_LV_EPICARDIAL	7	1.0	6
50.58044	12.69601	-50.03519	LAX_LV_EPICARDIAL	7	1.0	6
48.95915	14.29730	-47.86840	LAX_LV_EPICARDIAL	7	1.0	6
48.73764	15.89859	-45.56689	LAX_LV_EPICARDIAL	7	1.0	6
47.11634	17.49988	-43.40011	LAX_LV_EPICARDIAL	7	1.0	6
46.89483	19.10117	-41.09859	LAX_LV_EPICARDIAL	7	1.0	6
45.27353	20.70246	-38.93181	LAX_LV_EPICARDIAL	7	1.0	6
43.65224	22.30376	-36.76502	LAX_LV_EPICARDIAL	7	1.0	6
42.03095	23.90505	-34.59824	LAX_LV_EPICARDIAL	7	1.0	6
40.40965	25.50634	-32.43145	LAX_LV_EPICARDIAL	7	1.0	6
37.38858	27.10763	-30.39939	LAX_LV_EPICARDIAL	7	1.0	6
35.76728	28.70892	-28.23260	LAX_LV_EPICARDIAL	7	1.0	6
32.74621	30.31022	-26.20054	LAX_LV_EPICARDIAL	7	1.0	6
29.83589	31.11086	-25.31923	LAX_LV_EPICARDIAL	7	1.0	6
26.92557	31.91151	-24.43793	LAX_LV_EPICARDIAL	7	1.0	6
24.01525	32.71215	-23.55662	LAX_LV_EPICARDIAL	7	1.0	6
21.21569	32.71216	-23.82607	LAX_LV_EPICARDIAL	7	1.0	6
-19.00565	19.90184	-46.27990	LAX_LV_ENDOCARDIAL	7	1.0	6
-17.38435	18.30055	-48.44668	LAX_LV_ENDOCARDIAL	7	1.0	6
-15.76306	16.69925	-50.61347	LAX_LV_ENDOCARDIAL	7	1.0	6
-12.74198	15.09796	-52.64553	LAX_LV_ENDOCARDIAL	7	1.0	6
-11.12069	13.49667	-54.81232	LAX_LV_ENDOCARDIAL	7	1.0	6
-9.49939	11.89538	-56.97910	LAX_LV_ENDOCARDIAL	7	1.0	6
-6.47832	10.29409	-59.01117	LAX_LV_ENDOCARDIAL	7	1.0	6
-3.45724	8.69279	-61.04323	LAX_LV_ENDOCARDIAL	7	1.0	6
-0.43617	7.09150	-63.07529	LAX_LV_ENDOCARDIAL	7	1.0	6
1.18513	5.49021	-65.24208	LAX_LV_ENDOCARDIAL	7	1.0	6
4.20620	3.88892	-67.27414	LAX_LV_ENDOCARDIAL	7	1.0	6
5.82750	2.28763	-69.44092	LAX_LV_ENDOCARDIAL	7	1.0	6
8.84857	0.68634	-71.47299	LAX_LV_ENDOCARDIAL	7	1.0	6
10.46987	-0.91496	-73.63977	LAX_LV_ENDOCARDIAL	7	1.0	6
12.09116	-2.51625	-75.80656	LAX_LV_ENDOCARDIAL	7	1.0	6
13.71245	-4.11754	-77.97334	LAX_LV_ENDOCARDIAL	7	1.0	6
16.73353	-5.71883	-80.00541	LAX_LV_ENDOCARDIAL	7	1.0	6
19.75461	-7.32012	-82.03747	LAX_LV_ENDOCARDIAL	7	1.0	6
22.77568	-8.92142	-84.06953	LAX_LV_ENDOCARDIAL	7	1.0	6
25.79676	-10.52271	-86.10159	LAX_LV_ENDOCARDIAL	7	1.0	6
28.81783	-12.12400	-88.13365	LAX_LV_ENDOCARDIAL	7	1.0	6
31.83891	-13.72529	-90.16571	LAX_LV_ENDOCARDIAL	7	1.0	6
34.74923	-14.52594	-91.04702	LAX_LV_ENDOCARDIAL	7	1.0	6
37.65955	-15.32658	-91.92833	LAX_LV_ENDOCARDIAL	7	1.0	6
40.45911	-15.32659	-91.65888	LAX_LV_ENDOCARDIAL	7	1.0	6
43.14791	-14.52594	-90.23867	LAX_LV_ENDOCARDIAL	7	1.0	6
42.92640	-12.92465	-87.93716	LAX_LV_ENDOCARDIAL	7	1.0	6
44.10467	-11.32336	-85.50093	LAX_LV_ENDOCARDIAL	7	1.0	6
43.88316	-9.72207	-83.19941	LAX_LV_ENDOCARDIAL	7	1.0	6
43.66164	-8.12078	-80.89790	LAX_LV_ENDOCARDIAL	7	1.0	6
43.44013	-6.51948	-78.59639	LAX_LV_ENDOCARDIAL	7	1.0	6
44.61840	-4.91819	-76.16016	LAX_LV_ENDOCARDIAL	7	1.0	6
44.39689	-3.31690	-73.85865	LAX_LV_ENDOCARDIAL	7	1.0	6
44.17537	-1.71561	-71.55714	LAX_LV_ENDOCARDIAL	7	1.0	6
43.95386	-0.11432	-69.25562	LAX_LV_ENDOCARDIAL	7	1.0	6
45.13213	1.48697	-66.81939	LAX_LV_ENDOCARDIAL	7	1.0	6
43.51083	3.08826	-64.65260	LAX_LV_ENDOCARDIAL	7	1.0	6
43.28932	4.68955	-62.35109	LAX_LV_ENDOCARDIAL	7	1.0	6
43.06781	6.29084	-60.04958	LAX_LV_ENDOCARDIAL	7	1.0	6
41.44651	7.89214	-57.88279	LAX_LV_ENDOCARDIAL	7	1.0	6
39.82522	9.49343	-55.71601	LAX_LV_ENDOCARDIAL	7	1.0	6
39.60371	11.09472	-53.41450	LAX_LV_ENDOCARDIAL	7	1.0	6
37.98241	12.69601	-51.24771	LAX_LV_ENDOCARDIAL	7	1.0	6
36.36112	14.29730	-49.08092	LAX_LV_ENDOCARDIAL	7	1.0	6
36.13960	15.89859	-46.77941	LAX_LV_ENDOCARDIAL	7	1.0	6
34.51831	17.49989	-44.61263	LAX_LV_ENDOCARDIAL	7	1.0	6
34.29680	19.10118	-42.31112	LAX_LV_ENDOCARDIAL	7	1.0	6
32.67550	20.70247	-40.14433	LAX_LV_ENDOCARDIAL	7	1.0	6
29.65443	22.30376	-38.11227	LAX_LV_ENDOCARDIAL	7	1.0	6
28.03313	23.90505	-35.94548	LAX_LV_ENDOCARDIAL	7	1.0	6
26.41184	25.50634	-33.77870	LAX_LV_ENDOCARDIAL	7	1.0	6
23.39076	27.10764	-31.74663	LAX_LV_ENDOCARDIAL	7	1.0	6
21.76947	28.70893	-29.57985	LAX_LV_ENDOCARDIAL	7	1.0	6
18.74839	30.31022	-27.54779	LAX_LV_ENDOCARDIAL	7	1.0	6
-47.58570	3.88893	-72.25895	LAX_RV_EPICARDIAL	7	1.0	6
-50.38527	3.88893	-72.52840	LAX_RV_EPICARDIAL	7	1.0	6
-53.18483	3.88894	-72.79785	LAX_RV_EPICARDIAL	7	1.0	6
-54.36310	2.28764	-75.23408	LAX_RV_EPICARDIAL	7	1.0	6
-55.54137	0.68635	-77.67032	LAX_RV_EPICARDIAL	7	1.0	6
-55.31985	-0.91494	-79.97183	LAX_RV_EPICARDIAL	7	1.0	6
-55.09834	-2.51623	-82.27334	LAX_RV_EPICARDIAL	7	1.0	6
-53.47705	-4.11752	-84.44013	LAX_RV_EPICARDIAL	7	1.0	6
-53.25553	-5.71881	-86.74164	LAX_RV_EPICARDIAL	7	1.0	6
-51.63424	-7.32010	-88.90843	LAX_RV_EPICARDIAL	7	1.0	6
-48.61316	-8.92140	-90.94049	LAX_RV_EPICARDIAL	7	1.0	6
-45.70284	-9.72204	-91.82179	LAX_RV_EPICARDIAL	7	1.0	6
-42.68177	-11.32333	-93.85385	LAX_RV_EPICARDIAL	7	1.0	6
-39.77145	-12.12398	-94.73516	LAX_RV_EPICARDIAL	7	1.0	6
-36.86113	-12.92463	-95.61647	LAX_RV_EPICARDIAL	7	1.0	6
-33.95081	-13.72527	-96.49777	LAX_RV_EPICARDIAL	7	1.0	6
-31.04049	-14.52592	-97.37908	LAX_RV_EPICARDIAL	7	1.0	6
-28.13017	-15.32657	-98.26039	LAX_RV_EPICARDIAL	7	1.0	6
-25.21985	-16.12721	-99.14169	LAX_RV_EPICARDIAL	7	1.0	6
-22.30953	-16.92786	-100.02300	LAX_RV_EPICARDIAL	7	1.0	6
-19.39922	-17.72851	-100.90430	LAX_RV_EPICARDIAL	7	1.0	6
-16.48890	-18.52915	-101.78561	LAX_RV_EPICARDIAL	7	1.0	6
-13.57858	-19.32980	-102.66692	LAX_RV_EPICARDIAL	7	1.0	6
-10.66826	-20.13044	-103.54822	LAX_RV_EPICARDIAL	7	1.0	6
-7.86870	-20.13045	-103.27877	LAX_RV_EPICARDIAL	7	1.0	6
-4.95838	-20.93109	-104.16008	LAX_RV_EPICARDIAL	7	1.0	6
-2.04806	-21.73174	-105.04139	LAX_RV_EPICARDIAL	7	1.0	6
0.75150	-21.73174	-104.77194	LAX_RV_EPICARDIAL	7	1.0	6
3.55107	-21.73174	-104.50249	LAX_RV_EPICARDIAL	7	1.0	6
6.35063	-21.73174	-104.23304	LAX_RV_EPICARDIAL	7	1.0	6
9.15019	-21.73174	-103.96359	LAX_RV_EPICARDIAL	7	1.0	6
11.94975	-21.73174	-103.69414	LAX_RV_EPICARDIAL	7	1.0	6
14.86007	-22.53239	-104.57544	LAX_RV_EPICARDIAL	7	1.0	6
17.65964	-22.53239	-104.30600	LAX_RV_EPICARDIAL	7	1.0	6
20.45920	-22.53239	-104.03655	LAX_RV_EPICARDIAL	7	1.0	6
23.25876	-22.53239	-103.76710	LAX_RV_EPICARDIAL	7	1.0	6
25.94757	-21.73175	-102.34689	LAX_RV_EPICARDIAL	7	1.0	6
27.12584	-20.13046	-99.91066	LAX_RV_EPICARDIAL	7	1.0	6
-11.90539	49.52572	-2.62415	LAX_LA	7	1.0	6
-14.59419	48.72508	-4.04435	LAX_LA	7	1.0	6
-17.28300	47.92443	-5.46456	LAX_LA	7	1.0	6
-19.97181	47.12379	-6.88476	LAX_LA	7	1.0	6
-22.66061	46.32314	-8.30497	LAX_LA	7	1.0	6
-25.34942	45.52250	-9.72517	LAX_LA	7	1.0	6
-28.03822	44.72185	-11.14538	LAX_LA	7	1.0	6
-30.83779	44.72185	-11.41483	LAX_LA	7	1.0	6
-33.74811	45.52250	-10.53352	LAX_LA	7	1.0	6
-36.54767	45.52250	-10.80297	LAX_LA	7	1.0	6
-39.45799	46.32315	-9.92166	LAX_LA	7	1.0	6
-42.25755	46.32315	-10.19111	LAX_LA	7	1.0	6
-45.16787	47.12380	-9.30981	LAX_LA	7	1.0	6
-47.96743	47.12380	-9.57926	LAX_LA	7	1.0	6
-50.76699	47.12380	-9.84871	LAX_LA	7	1.0	6
-53.45580	46.32315	-11.26891	LAX_LA	7	1.0	6
-56.03385	44.72186	-13.83987	LAX_LA	7	1.0	6
-57.21212	43.12057	-16.27611	LAX_LA	7	1.0	6
-58.39039	41.51928	-18.71234	LAX_LA	7	1.0	6
-56.76909	39.91799	-20.87913	LAX_LA	7	1.0	6
-55.14780	38.31670	-23.04591	LAX_LA	7	1.0	6
-53.52650	36.71540	-25.21270	LAX_LA	7	1.0	6
-50.50543	35.11411	-27.24476	LAX_LA	7	1.0	6
-47.59511	34.31347	-28.12607	LAX_LA	7	1.0	6
-44.68479	33.51282	-29.00737	LAX_LA	7	1.0	6
-41.77447	32.71217	-29.88868	LAX_LA	7	1.0	6
-38.86415	31.91153	-30.76999	LAX_LA	7	1.0	6
-35.95383	31.11088	-31.65129	LAX_LA	7	1.0	6
-33.04351	30.31023	-32.53260	LAX_LA	7	1.0	6
-30.02244	28.70894	-34.56466	LAX_LA	7	1.0	6
-28.40114	27.10765	-36.73145	LAX_LA	7	1.0	6
-26.77985	25.50636	-38.89823	LAX_LA	7	1.0	6
-23.75877	23.90507	-40.93029	LAX_LA	7	1.0	6
16.79483	34.31345	-21.92873	LAX_LA	7	1.0	6
17.97310	35.91474	-19.49250	LAX_LA	7	1.0	6
17.75158	37.51603	-17.19099	LAX_LA	7	1.0	6
17.53007	39.11732	-14.88948	LAX_LA	7	1.0	6
15.90878	40.71861	-12.72269	LAX_LA	7	1.0	6
12.99846	41.51926	-11.84138	LAX_LA	7	1.0	6
10.08814	42.31991	-10.96008	LAX_LA	7	1.0	6
8.46684	43.92120	-8.79329	LAX_LA	7	1.0	6
6.84555	45.52249	-6.62651	LAX_LA	7	1.0	6
3.93523	46.32314	-5.74520	LAX_LA	7	1.0	6
0.91416	47.92443	-3.71314	LAX_LA	7	1.0	6
-1.99616	48.72507	-2.83183	LAX_LA	7	1.0	6
-4.90648	49.52572	-1.95053	LAX_LA	7	1.0	6
-7.70605	49.52572	-2.21997	LAX_LA	7	1.0	6
-10.50561	49.52572	-2.48942	LAX_LA	7	1.0	6
-64.28173	33.51283	-30.89352	LAX_RA	7	1.0	6
-66.97053	32.71218	-32.31372	LAX_RA	7	1.0	6
-69.65934	31.91154	-33.73393	LAX_RA	7	1.0	6
-72.23739	30.31025	-36.30489	LAX_RA	7	1.0	6
-73.41566	28.70895	-38.74112	LAX_RA	7	1.0	6
-74.59392	27.10766	-41.17736	LAX_RA	7	1.0	6
-75.77219	25.50637	-43.61360	LAX_RA	7	1.0	6
-76.95046	23.90508	-46.04983	LAX_RA	7	1.0	6
-78.12873	22.30379	-48.48607	LAX_RA	7	1.0	6
-76.50743	20.70250	-50.65285	LAX_RA	7	1.0	6
-76.28592	19.10121	-52.95436	LAX_RA	7	1.0	6
-76.06441	17.49992	-55.25588	LAX_RA	7	1.0	6
-75.84290	15.89863	-57.55739	LAX_RA	7	1.0	6
-74.22160	14.29733	-59.72417	LAX_RA	7	1.0	6
-72.60031	12.69604	-61.89096	LAX_RA	7	1.0	6
-70.97901	11.09475	-64.05775	LAX_RA	7	1.0	6
-69.35772	9.49346	-66.22453	LAX_RA	7	1.0	6
-67.73642	7.89217	-68.39132	LAX_RA	7	1.0	6
-64.82611	7.09152	-69.27262	LAX_RA	7	1.0	6
-61.80503	5.49023	-71.30469	LAX_RA	7	1.0	6
-59.00547	5.49023	-71.03524	LAX_RA	7	1.0	6
-56.09515	4.68958	-71.91654	LAX_RA	7	1.0	6
-53.40634	5.49023	-70.49634	LAX_RA	7	1.0	6
-50.49602	4.68958	-71.37764	LAX_RA	7	1.0	6
-22.54045	15.09796	-53.58860	LAX_RA	7	1.0	6
-22.76196	16.69926	-51.28709	LAX_RA	7	1.0	6
-22.98348	18.30055	-48.98558	LAX_RA	7	1.0	6
-23.20499	19.90184	-46.68407	LAX_RA	7	1.0	6
-24.82629	21.50313	-44.51729	LAX_RA	7	1.0	6
-27.73660	22.30378	-43.63598	LAX_RA	7	1.0	6
-30.75768	23.90507	-41.60392	LAX_RA	7	1.0	6
-32.37897	25.50636	-39.43713	LAX_RA	7	1.0	6
-35.40005	27.10765	-37.40507	LAX_RA	7	1.0	6
-37.02134	28.70894	-35.23828	LAX_RA	7	1.0	6
-39.93166	29.50959	-34.35698	LAX_RA	7	1.0	6
-42.84198	30.31024	-33.47567	LAX_RA	7	1.0	6
-45.64154	30.31024	-33.74512	LAX_RA	7	1.0	6
-48.55186	31.11088	-32.86381	LAX_RA	7	1.0	6
-51.46218	31.91153	-31.98251	LAX_RA	7	1.0	6
-54.37250	32.71218	-31.10120	LAX_RA	7	1.0	6
-57.17206	32.71218	-31.37065	LAX_RA	7	1.0	6
-60.08238	33.51282	-30.48935	LAX_RA	7	1.0	6
-62.88195	33.51282	-30.75879	LAX_RA	7	1.0	6
-20.04510	22.11348	-43.17174	MITRAL_VALVE	7	1.0	6
16.47441	32.42890	-24.69330	MITRAL_VALVE	7	1.0	6
-46.48075	5.02493	-70.50473	TRICUSPID_VALVE	7	1.0	6
-22.94588	14.38656	-54.65958	TRICUSPID_VALVE	7	1.0	6
40.95559	-18.39797	-96.06644	APEX_POINT	7	1.0	6
-10.69615	-17.18623	-3.95481	LAX_RV_FREEWALL	11	1.0	6
-10.23242	-18.57999	-6.73512	LAX_RV_FREEWALL	11	1.0	6
-9.85411	-18.57011	-9.52204	LAX_RV_FREEWALL	11	1.0	6
-9.39038	-19.96387	-12.30234	LAX_RV_FREEWALL	11	1.0	6
-9.01207	-19.95399	-15.08927	LAX_RV_FREEWALL	11	1.0	6
-8.63376	-19.94411	-17.87619	LAX_RV_FREEWALL	11	1.0	6
-8.17003	-21.33787	-20.65649	LAX_RV_FREEWALL	11	1.0	6
-7.79172	-21.32799	-23.44342	LAX_RV_FREEWALL	11	1.0	6
-7.41341	-21.31812	-26.23034	LAX_RV_FREEWALL	11	1.0	6
-6.94968	-22.71188	-29.01064	LAX_RV_FREEWALL	11	1.0	6
-6.57136	-22.70200	-31.79757	LAX_RV_FREEWALL	11	1.0	6
-6.10764	-24.09576	-34.57787	LAX_RV_FREEWALL	11	1.0	6
-5.72932	-24.08588	-37.36479	LAX_RV_FREEWALL	11	1.0	6
-5.35101	-24.07600	-40.15172	LAX_RV_FREEWALL	11	1.0	6
-4.97270	-24.06612	-42.93864	LAX_RV_FREEWALL	11	1.0	6
-4.59439	-24.05624	-45.72556	LAX_RV_FREEWALL	11	1.0	6
-4.13066	-25.45000	-48.50587	LAX_RV_FREEWALL	11	1.0	6
-3.75235	-25.44012	-51.29279	LAX_RV_FREEWALL	11	1.0	6
-3.37404	-25.43024	-54.07971	LAX_RV_FREEWALL	11	1.0	6
-2.99572	-25.42036	-56.86664	LAX_RV_FREEWALL	11	1.0	6
-2.61741	-25.41049	-59.65356	LAX_RV_FREEWALL	11	1.0	6
-2.23910	-25.40061	-62.44048	LAX_RV_FREEWALL	11	1.0	6
-1.77537	-26.79437	-65.22079	LAX_RV_FREEWALL	11	1.0	6
-1.39706	-26.78449	-68.00771	LAX_RV_FREEWALL	11	1.0	6
-1.01875	-26.77461	-70.79463	LAX_RV_FREEWALL	11	1.0	6
-0.64043	-26.76473	-73.58155	LAX_RV_FREEWALL	11	1.0	6
-0.26212	-26.75485	-76.36848	LAX_RV_FREEWALL	11	1.0	6
0.11619	-26.74497	-79.15540	LAX_RV_FREEWALL	11	1.0	6
0.49450	-26.73509	-81.94232	LAX_RV_FREEWALL	11	1.0	6
0.87281	-26.72521	-84.72925	LAX_RV_FREEWALL	11	1.0	6
1.25113	-26.71534	-87.51617	LAX_RV_FREEWALL	11	1.0	6
1.62944	-26.70546	-90.30309	LAX_RV_FREEWALL	11	1.0	6
2.00775	-26.69558	-93.09002	LAX_RV_FREEWALL	11	1.0	6
2.30065	-25.28206	-95.88356	LAX_RV_FREEWALL	11	1.0	6
2.67896	-25.27218	-98.67048	LAX_RV_FREEWALL	11	1.0	6
2.97186	-23.85866	-101.46402	LAX_RV_FREEWALL	11	1.0	6
2.99018	-21.04645	-102.87072	LAX_RV_FREEWALL	11	1.0	6
3.00850	-18.23423	-104.27743	LAX_RV_FREEWALL	11	1.0	6
2.83767	-15.42695	-104.29066	LAX_RV_FREEWALL	11	1.0	6
2.47768	-12.62462	-102.91044	LAX_RV_FREEWALL	11	1.0	6
2.30685	-9.81734	-102.92368	LAX_RV_FREEWALL	11	1.0	6
1.94686	-7.01500	-101.54346	LAX_RV_FREEWALL	11	1.0	6
1.58688	-4.21266	-100.16323	LAX_RV_FREEWALL	11	1.0	6
1.03773	-1.41527	-97.38955	LAX_RV_FREEWALL	11	1.0	6
0.48859	1.38213	-94.61587	LAX_RV_FREEWALL	11	1.0	6
-0.06055	4.17953	-91.84218	LAX_RV_FREEWALL	11	1.0	6
-0.42054	6.98187	-90.46196	LAX_RV_FREEWALL	11	1.0	6
-0.96969	9.77927	-87.68827	LAX_RV_FREEWALL	11	1.0	6
-1.07343	8.37069	-86.28819	LAX_RV_FREEWALL	11	1.0	6
-1.09175	5.55847	-84.88149	LAX_RV_FREEWALL	11	1.0	6
-1.11008	2.74626	-83.47479	LAX_RV_SEPTUM	11	1.0	6
-1.12840	-0.06596	-82.06809	LAX_RV_SEPTUM	11	1.0	6
-1.33588	-2.88312	-79.26793	LAX_RV_SEPTUM	11	1.0	6
-1.35420	-5.69533	-77.86123	LAX_RV_SEPTUM	11	1.0	6
-1.56168	-8.51249	-75.06107	LAX_RV_SEPTUM	11	1.0	6
-1.85458	-9.92601	-72.26753	LAX_RV_SEPTUM	11	1.0	6
-2.14748	-11.33952	-69.47398	LAX_RV_SEPTUM	11	1.0	6
-2.52579	-11.34940	-66.68706	LAX_RV_SEPTUM	11	1.0	6
-2.81869	-12.76292	-63.89352	LAX_RV_SEPTUM	11	1.0	6
-3.19700	-12.77280	-61.10659	LAX_RV_SEPTUM	11	1.0	6
-3.48989	-14.18632	-58.31305	LAX_RV_SEPTUM	11	1.0	6
-3.86821	-14.19619	-55.52613	LAX_RV_SEPTUM	11	1.0	6
-4.24652	-14.20607	-52.73921	LAX_RV_SEPTUM	11	1.0	6
-4.62483	-14.21595	-49.95228	LAX_RV_SEPTUM	11	1.0	6
-5.08856	-12.82219	-47.17198	LAX_RV_SEPTUM	11	1.0	6
-5.55229	-11.42843	-44.39167	LAX_RV_SEPTUM	11	1.0	6
-5.93060	-11.43831	-41.60475	LAX_RV_SEPTUM	11	1.0	6
-6.39433	-10.04455	-38.82445	LAX_RV_SEPTUM	11	1.0	6
-6.85806	-8.65079	-36.04414	LAX_RV_SEPTUM	11	1.0	6
-7.32178	-7.25703	-33.26384	LAX_RV_SEPTUM	11	1.0	6
-7.70010	-7.26691	-30.47692	LAX_RV_SEPTUM	11	1.0	6
-8.16382	-5.87315	-27.69661	LAX_RV_SEPTUM	11	1.0	6
-8.62755	-4.47939	-24.91631	LAX_RV_SEPTUM	11	1.0	6
-9.00586	-4.48927	-22.12939	LAX_RV_SEPTUM	11	1.0	6
-9.55501	-1.69187	-19.35570	LAX_RV_SEPTUM	11	1.0	6
-10.01874	-0.29811	-16.57540	LAX_RV_SEPTUM	11	1.0	6
-10.71447	-19.99845	-2.54811	LAX_RV_EPICARDIAL	11	1.0	6
-10.25075	-21.39221	-5.32842	LAX_RV_EPICARDIAL	11	1.0	6
-9.87243	-21.38233	-8.11534	LAX_RV_EPICARDIAL	11	1.0	6
-9.40871	-22.77609	-10.89564	LAX_RV_EPICARDIAL	11	1.0	6
-9.03039	-22.76621	-13.68257	LAX_RV_EPICARDIAL	11	1.0	6
-8.56667	-24.15997	-16.46287	LAX_RV_EPICARDIAL	11	1.0	6
-8.18835	-24.15009	-19.24979	LAX_RV_EPICARDIAL	11	1.0	6
-7.72463	-25.54385	-22.03010	LAX_RV_EPICARDIAL	11	1.0	6
-7.34631	-25.53397	-24.81702	LAX_RV_EPICARDIAL	11	1.0	6
-6.88259	-26.92773	-27.59732	LAX_RV_EPICARDIAL	11	1.0	6
-6.50427	-26.91785	-30.38425	LAX_RV_EPICARDIAL	11	1.0	6
-6.04055	-28.31161	-33.16455	LAX_RV_EPICARDIAL	11	1.0	6
-5.66223	-28.30173	-35.95147	LAX_RV_EPICARDIAL	11	1.0	6
-5.28392	-28.29185	-38.73840	LAX_RV_EPICARDIAL	11	1.0	6
-4.90561	-28.28197	-41.52532	LAX_RV_EPICARDIAL	11	1.0	6
-4.52730	-28.27210	-44.31224	LAX_RV_EPICARDIAL	11	1.0	6
-4.14898	-28.26222	-47.09917	LAX_RV_EPICARDIAL	11	1.0	6
-3.77067	-28.25234	-49.88609	LAX_RV_EPICARDIAL	11	1.0	6
-3.39236	-28.24246	-52.67301	LAX_RV_EPICARDIAL	11	1.0	6
-3.09946	-26.82894	-55.46655	LAX_RV_EPICARDIAL	11	1.0	6
-2.63574	-28.22270	-58.24686	LAX_RV_EPICARDIAL	11	1.0	6
-2.25742	-28.21282	-61.03378	LAX_RV_EPICARDIAL	11	1.0	6
-1.79370	-29.60658	-63.81408	LAX_RV_EPICARDIAL	11	1.0	6
-1.41538	-29.59670	-66.60101	LAX_RV_EPICARDIAL	11	1.0	6
-0.95165	-30.99046	-69.38131	LAX_RV_EPICARDIAL	11	1.0	6
-0.65876	-29.57695	-72.17485	LAX_RV_EPICARDIAL	11	1.0	6
-0.28045	-29.56707	-74.96178	LAX_RV_EPICARDIAL	11	1.0	6
0.09787	-29.55719	-77.74870	LAX_RV_EPICARDIAL	11	1.0	6
0.47618	-29.54731	-80.53562	LAX_RV_EPICARDIAL	11	1.0	6
0.93991	-30.94107	-83.31593	LAX_RV_EPICARDIAL	11	1.0	6
1.31822	-30.93119	-86.10285	LAX_RV_EPICARDIAL	11	1.0	6
1.61111	-29.51767	-88.89639	LAX_RV_EPICARDIAL	11	1.0	6
1.98943	-29.50780	-91.68332	LAX_RV_EPICARDIAL	11	1.0	6
2.36774	-29.49792	-94.47024	LAX_RV_EPICARDIAL	11	1.0	6
2.66064	-28.08440	-97.26378	LAX_RV_EPICARDIAL	11	1.0	6
3.03895	-28.07452	-100.05070	LAX_RV_EPICARDIAL	11	1.0	6
3.33184	-26.66100	-102.84425	LAX_RV_EPICARDIAL	11	1.0	6
3.53932	-23.84385	-105.64441	LAX_RV_EPICARDIAL	11	1.0	6
3.64306	-22.43527	-107.04449	LAX_RV_EPICARDIAL	11	1.0	6
3.66139	-19.62305	-108.45119	LAX_RV_EPICARDIAL	11	1.0	6
3.49056	-16.81578	-108.46443	LAX_RV_EPICARDIAL	11	1.0	6
3.31972	-14.00850	-108.47767	LAX_RV_EPICARDIAL	11	1.0	6
3.14889	-11.20122	-108.49091	LAX_RV_EPICARDIAL	11	1.0	6
2.78891	-8.39888	-107.11068	LAX_RV_EPICARDIAL	11	1.0	6
2.42892	-5.59655	-105.73046	LAX_RV_EPICARDIAL	11	1.0	6
2.06893	-2.79421	-104.35024	LAX_RV_EPICARDIAL	11	1.0	6
1.70894	0.00813	-102.97002	LAX_RV_EPICARDIAL	11	1.0	6
1.24521	1.40189	-100.18971	LAX_RV_EPICARDIAL	11	1.0	6
0.69607	4.19929	-97.41603	LAX_RV_EPICARDIAL	11	1.0	6
0.33608	7.00163	-96.03580	LAX_RV_EPICARDIAL	11	1.0	6
-0.02391	9.80396	-94.65558	LAX_RV_EPICARDIAL	11	1.0	6
-0.57305	12.60136	-91.88190	LAX_RV_EPICARDIAL	11	1.0	6
-1.03678	13.99512	-89.10159	LAX_RV_EPICARDIAL	11	1.0	6
-1.41509	13.98524	-86.31467	LAX_RV_EPICARDIAL	11	1.0	6
-1.24426	11.17797	-86.30143	LAX_RV_EPICARDIAL	11	1.0	6
-10.61247	0.22978	-12.44727	PULMONARY_VALVE	11	1.0	6
-11.32230	-17.01399	0.57258	PULMONARY_VALVE	11	1.0	6
