x	y	z	contour type	frameID	weight	time frame
-39.97021	-20.95398	-32.22571	SAX_RV_FREEWALL	2	1.0	16
-41.66677	-19.84921	-34.63171	SAX_RV_FREEWALL	2	1.0	16
-43.89446	-19.84921	-36.34856	SAX_RV_FREEWALL	2	1.0	16
-46.12215	-19.84922	-38.06540	SAX_RV_FREEWALL	2	1.0	16
-48.34984	-19.84922	-39.78225	SAX_RV_FREEWALL	2	1.0	16
-50.57753	-19.84922	-41.49909	SAX_RV_FREEWALL	2	1.0	16
-52.27409	-18.74446	-43.90510	SAX_RV_FREEWALL	2	1.0	16
-54.50178	-18.74446	-45.62194	SAX_RV_FREEWALL	2	1.0	16
-56.72947	-18.74446	-47.33879	SAX_RV_FREEWALL	2	1.0	16
-58.95716	-18.74446	-49.05563	SAX_RV_FREEWALL	2	1.0	16
-60.65373	-17.63970	-51.46164	SAX_RV_FREEWALL	2	1.0	16
-61.81917	-15.43016	-54.55679	SAX_RV_FREEWALL	2	1.0	16
-64.04686	-15.43016	-56.27364	SAX_RV_FREEWALL	2	1.0	16
-65.74343	-14.32540	-58.67964	SAX_RV_FREEWALL	2	1.0	16
-66.90888	-12.11586	-61.77480	SAX_RV_FREEWALL	2	1.0	16
-68.07432	-9.90633	-64.86996	SAX_RV_FREEWALL	2	1.0	16
-68.12592	-7.69679	-67.10670	SAX_RV_FREEWALL	2	1.0	16
-67.06368	-5.48726	-68.48501	SAX_RV_FREEWALL	2	1.0	16
-66.00144	-3.27772	-69.86332	SAX_RV_FREEWALL	2	1.0	16
-64.93920	-1.06818	-71.24164	SAX_RV_FREEWALL	2	1.0	16
-62.76311	1.14135	-71.76153	SAX_RV_FREEWALL	2	1.0	16
-61.70087	3.35089	-73.13984	SAX_RV_FREEWALL	2	1.0	16
-59.52479	5.56043	-73.65973	SAX_RV_FREEWALL	2	1.0	16
-57.34870	7.76997	-74.17962	SAX_RV_FREEWALL	2	1.0	16
-55.17261	9.97950	-74.69951	SAX_RV_FREEWALL	2	1.0	16
-51.88268	12.18904	-74.36098	SAX_RV_FREEWALL	2	1.0	16
-49.70660	14.39858	-74.88087	SAX_RV_FREEWALL	2	1.0	16
-46.41667	16.60812	-74.54234	SAX_RV_FREEWALL	2	1.0	16
-43.12674	18.81766	-74.20381	SAX_RV_FREEWALL	2	1.0	16
-40.36793	19.92243	-73.17612	SAX_RV_FREEWALL	2	1.0	16
-37.60912	21.02720	-72.14843	SAX_RV_FREEWALL	2	1.0	16
-34.85031	22.13197	-71.12074	SAX_RV_FREEWALL	2	1.0	16
-32.62262	22.13197	-69.40390	SAX_RV_FREEWALL	2	1.0	16
-30.39493	22.13197	-67.68705	SAX_RV_FREEWALL	2	1.0	16
-28.16724	22.13198	-65.97020	SAX_RV_FREEWALL	2	1.0	16
-19.59630	-11.01105	-26.41020	SAX_RV_FREEWALL	2	1.0	16
-22.35511	-12.11582	-27.43789	SAX_RV_FREEWALL	2	1.0	16
-25.11392	-13.22059	-28.46558	SAX_RV_FREEWALL	2	1.0	16
-27.29000	-15.43013	-27.94569	SAX_RV_FREEWALL	2	1.0	16
-28.35224	-17.63966	-26.56737	SAX_RV_FREEWALL	2	1.0	16
-28.30064	-19.84920	-24.33064	SAX_RV_FREEWALL	2	1.0	16
-28.83176	-20.95397	-23.64148	SAX_RV_FREEWALL	2	1.0	16
-31.05945	-20.95397	-25.35833	SAX_RV_FREEWALL	2	1.0	16
-33.28714	-20.95397	-27.07517	SAX_RV_FREEWALL	2	1.0	16
-35.51483	-20.95397	-28.79202	SAX_RV_FREEWALL	2	1.0	16
-37.74252	-20.95398	-30.50886	SAX_RV_FREEWALL	2	1.0	16
-47.71551	-23.16352	-35.99793	SAX_RV_EPICARDIAL	2	1.0	16
-49.41208	-22.05876	-38.40394	SAX_RV_EPICARDIAL	2	1.0	16
-51.63977	-22.05876	-40.12078	SAX_RV_EPICARDIAL	2	1.0	16
-53.86746	-22.05876	-41.83763	SAX_RV_EPICARDIAL	2	1.0	16
-56.09515	-22.05876	-43.55447	SAX_RV_EPICARDIAL	2	1.0	16
-57.79171	-20.95400	-45.96047	SAX_RV_EPICARDIAL	2	1.0	16
-60.01940	-20.95400	-47.67732	SAX_RV_EPICARDIAL	2	1.0	16
-61.71597	-19.84923	-50.08332	SAX_RV_EPICARDIAL	2	1.0	16
-63.41254	-18.74447	-52.48932	SAX_RV_EPICARDIAL	2	1.0	16
-65.10910	-17.63970	-54.89533	SAX_RV_EPICARDIAL	2	1.0	16
-66.80567	-16.53493	-57.30133	SAX_RV_EPICARDIAL	2	1.0	16
-67.97112	-14.32540	-60.39649	SAX_RV_EPICARDIAL	2	1.0	16
-69.66769	-13.22063	-62.80249	SAX_RV_EPICARDIAL	2	1.0	16
-69.71929	-11.01110	-65.03923	SAX_RV_EPICARDIAL	2	1.0	16
-69.77089	-8.80156	-67.27596	SAX_RV_EPICARDIAL	2	1.0	16
-67.64641	-4.38249	-70.03259	SAX_RV_EPICARDIAL	2	1.0	16
-67.69801	-2.17295	-72.26933	SAX_RV_EPICARDIAL	2	1.0	16
-65.52192	0.03658	-72.78922	SAX_RV_EPICARDIAL	2	1.0	16
-64.45968	2.24612	-74.16753	SAX_RV_EPICARDIAL	2	1.0	16
-62.28359	4.45566	-74.68742	SAX_RV_EPICARDIAL	2	1.0	16
-60.10751	6.66520	-75.20731	SAX_RV_EPICARDIAL	2	1.0	16
-57.93142	8.87473	-75.72720	SAX_RV_EPICARDIAL	2	1.0	16
-55.75534	11.08427	-76.24709	SAX_RV_EPICARDIAL	2	1.0	16
-53.57925	13.29381	-76.76698	SAX_RV_EPICARDIAL	2	1.0	16
-51.40316	15.50335	-77.28687	SAX_RV_EPICARDIAL	2	1.0	16
-48.11323	17.71288	-76.94834	SAX_RV_EPICARDIAL	2	1.0	16
-44.82330	19.92242	-76.60981	SAX_RV_EPICARDIAL	2	1.0	16
-42.06449	21.02719	-75.58212	SAX_RV_EPICARDIAL	2	1.0	16
-39.30568	22.13196	-74.55443	SAX_RV_EPICARDIAL	2	1.0	16
-36.54688	23.23673	-73.52674	SAX_RV_EPICARDIAL	2	1.0	16
-33.78807	24.34151	-72.49905	SAX_RV_EPICARDIAL	2	1.0	16
-31.56038	24.34151	-70.78221	SAX_RV_EPICARDIAL	2	1.0	16
-29.33269	24.34151	-69.06536	SAX_RV_EPICARDIAL	2	1.0	16
-27.10500	24.34151	-67.34852	SAX_RV_EPICARDIAL	2	1.0	16
-24.87731	24.34151	-65.63167	SAX_RV_EPICARDIAL	2	1.0	16
-23.71187	22.13198	-62.53651	SAX_RV_EPICARDIAL	2	1.0	16
-33.81826	-22.05874	-26.38602	SAX_RV_EPICARDIAL	2	1.0	16
-32.12169	-23.16351	-23.98001	SAX_RV_EPICARDIAL	2	1.0	16
-34.34938	-23.16351	-25.69686	SAX_RV_EPICARDIAL	2	1.0	16
-36.57707	-23.16351	-27.41370	SAX_RV_EPICARDIAL	2	1.0	16
-38.80476	-23.16351	-29.13055	SAX_RV_EPICARDIAL	2	1.0	16
-41.03245	-23.16352	-30.84740	SAX_RV_EPICARDIAL	2	1.0	16
-43.26014	-23.16352	-32.56424	SAX_RV_EPICARDIAL	2	1.0	16
-45.48782	-23.16352	-34.28109	SAX_RV_EPICARDIAL	2	1.0	16
-26.47068	21.02721	-63.56420	SAX_RV_SEPTUM	2	1.0	16
-24.77411	19.92244	-61.15820	SAX_RV_SEPTUM	2	1.0	16
-25.83635	17.71291	-59.77989	SAX_RV_SEPTUM	2	1.0	16
-25.78475	15.50337	-57.54315	SAX_RV_SEPTUM	2	1.0	16
-25.73314	13.29384	-55.30641	SAX_RV_SEPTUM	2	1.0	16
-25.68154	11.08430	-53.06968	SAX_RV_SEPTUM	2	1.0	16
-25.62994	8.87476	-50.83294	SAX_RV_SEPTUM	2	1.0	16
-25.57834	6.66523	-48.59620	SAX_RV_SEPTUM	2	1.0	16
-24.41289	4.45570	-45.50105	SAX_RV_SEPTUM	2	1.0	16
-23.24744	2.24616	-42.40589	SAX_RV_SEPTUM	2	1.0	16
-23.19584	0.03663	-40.16915	SAX_RV_SEPTUM	2	1.0	16
-23.14424	-2.17291	-37.93241	SAX_RV_SEPTUM	2	1.0	16
-21.97879	-4.38244	-34.83726	SAX_RV_SEPTUM	2	1.0	16
-20.28223	-5.48721	-32.43125	SAX_RV_SEPTUM	2	1.0	16
-18.58566	-6.59198	-30.02525	SAX_RV_SEPTUM	2	1.0	16
-16.88909	-7.69674	-27.61925	SAX_RV_SEPTUM	2	1.0	16
-16.30637	-8.80151	-26.07167	SAX_RV_SEPTUM	2	1.0	16
-21.00466	25.44629	-63.74556	SAX_LV_EPICARDIAL	2	1.0	16
-19.94242	27.65582	-65.12387	SAX_LV_EPICARDIAL	2	1.0	16
-17.76633	29.86536	-65.64376	SAX_LV_EPICARDIAL	2	1.0	16
-16.70409	32.07490	-67.02208	SAX_LV_EPICARDIAL	2	1.0	16
-14.52800	34.28443	-67.54197	SAX_LV_EPICARDIAL	2	1.0	16
-11.23807	36.49397	-67.20344	SAX_LV_EPICARDIAL	2	1.0	16
-9.06199	38.70351	-67.72333	SAX_LV_EPICARDIAL	2	1.0	16
-5.77206	40.91305	-67.38479	SAX_LV_EPICARDIAL	2	1.0	16
-3.01325	42.01782	-66.35711	SAX_LV_EPICARDIAL	2	1.0	16
0.27668	44.22736	-66.01857	SAX_LV_EPICARDIAL	2	1.0	16
3.03549	45.33213	-64.99088	SAX_LV_EPICARDIAL	2	1.0	16
5.79430	46.43690	-63.96320	SAX_LV_EPICARDIAL	2	1.0	16
8.55311	47.54167	-62.93551	SAX_LV_EPICARDIAL	2	1.0	16
10.78080	47.54167	-61.21866	SAX_LV_EPICARDIAL	2	1.0	16
13.53961	48.64644	-60.19097	SAX_LV_EPICARDIAL	2	1.0	16
16.29842	49.75121	-59.16328	SAX_LV_EPICARDIAL	2	1.0	16
18.52611	49.75122	-57.44644	SAX_LV_EPICARDIAL	2	1.0	16
20.75380	49.75122	-55.72959	SAX_LV_EPICARDIAL	2	1.0	16
22.98148	49.75122	-54.01275	SAX_LV_EPICARDIAL	2	1.0	16
24.67805	48.64645	-51.60674	SAX_LV_EPICARDIAL	2	1.0	16
26.90574	48.64646	-49.88990	SAX_LV_EPICARDIAL	2	1.0	16
28.60231	47.54169	-47.48390	SAX_LV_EPICARDIAL	2	1.0	16
30.29888	46.43692	-45.07789	SAX_LV_EPICARDIAL	2	1.0	16
31.99544	45.33216	-42.67189	SAX_LV_EPICARDIAL	2	1.0	16
33.69201	44.22739	-40.26589	SAX_LV_EPICARDIAL	2	1.0	16
34.85746	42.01786	-37.17073	SAX_LV_EPICARDIAL	2	1.0	16
36.55402	40.91309	-34.76473	SAX_LV_EPICARDIAL	2	1.0	16
37.71947	38.70356	-31.66957	SAX_LV_EPICARDIAL	2	1.0	16
37.77107	36.49402	-29.43283	SAX_LV_EPICARDIAL	2	1.0	16
38.93652	34.28449	-26.33767	SAX_LV_EPICARDIAL	2	1.0	16
38.98812	32.07495	-24.10094	SAX_LV_EPICARDIAL	2	1.0	16
39.03972	29.86542	-21.86420	SAX_LV_EPICARDIAL	2	1.0	16
37.97748	27.65588	-20.48589	SAX_LV_EPICARDIAL	2	1.0	16
36.91524	25.44634	-19.10757	SAX_LV_EPICARDIAL	2	1.0	16
36.96684	23.23681	-16.87084	SAX_LV_EPICARDIAL	2	1.0	16
34.79076	21.02727	-16.35095	SAX_LV_EPICARDIAL	2	1.0	16
33.72852	18.81773	-14.97263	SAX_LV_EPICARDIAL	2	1.0	16
32.66627	16.60820	-13.59432	SAX_LV_EPICARDIAL	2	1.0	16
30.49019	14.39866	-13.07443	SAX_LV_EPICARDIAL	2	1.0	16
28.31410	12.18912	-12.55454	SAX_LV_EPICARDIAL	2	1.0	16
25.02417	9.97958	-12.89307	SAX_LV_EPICARDIAL	2	1.0	16
21.73424	7.77004	-13.23160	SAX_LV_EPICARDIAL	2	1.0	16
18.97543	6.66527	-14.25929	SAX_LV_EPICARDIAL	2	1.0	16
16.21662	5.56050	-15.28698	SAX_LV_EPICARDIAL	2	1.0	16
13.45781	4.45573	-16.31467	SAX_LV_EPICARDIAL	2	1.0	16
10.69900	3.35096	-17.34236	SAX_LV_EPICARDIAL	2	1.0	16
7.94019	2.24619	-18.37005	SAX_LV_EPICARDIAL	2	1.0	16
5.18138	1.14142	-19.39774	SAX_LV_EPICARDIAL	2	1.0	16
2.42257	0.03665	-20.42543	SAX_LV_EPICARDIAL	2	1.0	16
-0.33623	-1.06812	-21.45311	SAX_LV_EPICARDIAL	2	1.0	16
-3.09504	-2.17289	-22.48080	SAX_LV_EPICARDIAL	2	1.0	16
-5.85385	-3.27766	-23.50849	SAX_LV_EPICARDIAL	2	1.0	16
-8.61266	-4.38243	-24.53618	SAX_LV_EPICARDIAL	2	1.0	16
-11.37147	-5.48720	-25.56387	SAX_LV_EPICARDIAL	2	1.0	16
-15.98166	1.14140	-35.70777	SAX_LV_ENDOCARDIAL	2	1.0	16
-17.14710	3.35093	-38.80293	SAX_LV_ENDOCARDIAL	2	1.0	16
-17.19870	5.56047	-41.03967	SAX_LV_ENDOCARDIAL	2	1.0	16
-18.36415	7.77000	-44.13482	SAX_LV_ENDOCARDIAL	2	1.0	16
-18.41575	9.97954	-46.37156	SAX_LV_ENDOCARDIAL	2	1.0	16
-18.46736	12.18908	-48.60830	SAX_LV_ENDOCARDIAL	2	1.0	16
-18.51896	14.39861	-50.84503	SAX_LV_ENDOCARDIAL	2	1.0	16
-18.57056	16.60815	-53.08177	SAX_LV_ENDOCARDIAL	2	1.0	16
-17.50832	18.81768	-54.46008	SAX_LV_ENDOCARDIAL	2	1.0	16
-17.55992	21.02722	-56.69682	SAX_LV_ENDOCARDIAL	2	1.0	16
-16.49768	23.23675	-58.07513	SAX_LV_ENDOCARDIAL	2	1.0	16
-15.43544	25.44629	-59.45345	SAX_LV_ENDOCARDIAL	2	1.0	16
-13.25935	27.65583	-59.97334	SAX_LV_ENDOCARDIAL	2	1.0	16
-11.08327	29.86537	-60.49323	SAX_LV_ENDOCARDIAL	2	1.0	16
-8.90718	32.07490	-61.01312	SAX_LV_ENDOCARDIAL	2	1.0	16
-5.61725	34.28444	-60.67459	SAX_LV_ENDOCARDIAL	2	1.0	16
-2.32732	36.49398	-60.33605	SAX_LV_ENDOCARDIAL	2	1.0	16
0.96261	38.70352	-59.99752	SAX_LV_ENDOCARDIAL	2	1.0	16
3.72142	39.80829	-58.96983	SAX_LV_ENDOCARDIAL	2	1.0	16
6.48023	40.91306	-57.94214	SAX_LV_ENDOCARDIAL	2	1.0	16
8.70792	40.91306	-56.22530	SAX_LV_ENDOCARDIAL	2	1.0	16
11.46673	42.01783	-55.19761	SAX_LV_ENDOCARDIAL	2	1.0	16
14.22554	43.12260	-54.16992	SAX_LV_ENDOCARDIAL	2	1.0	16
16.45323	43.12261	-52.45307	SAX_LV_ENDOCARDIAL	2	1.0	16
18.68091	43.12261	-50.73623	SAX_LV_ENDOCARDIAL	2	1.0	16
20.37748	42.01784	-48.33023	SAX_LV_ENDOCARDIAL	2	1.0	16
22.60517	42.01785	-46.61338	SAX_LV_ENDOCARDIAL	2	1.0	16
24.30174	40.91308	-44.20738	SAX_LV_ENDOCARDIAL	2	1.0	16
25.99831	39.80831	-41.80138	SAX_LV_ENDOCARDIAL	2	1.0	16
27.69487	38.70355	-39.39537	SAX_LV_ENDOCARDIAL	2	1.0	16
28.86032	36.49401	-36.30021	SAX_LV_ENDOCARDIAL	2	1.0	16
30.02577	34.28448	-33.20506	SAX_LV_ENDOCARDIAL	2	1.0	16
31.19121	32.07494	-30.10990	SAX_LV_ENDOCARDIAL	2	1.0	16
32.35666	29.86541	-27.01474	SAX_LV_ENDOCARDIAL	2	1.0	16
32.40826	27.65587	-24.77800	SAX_LV_ENDOCARDIAL	2	1.0	16
32.45986	25.44634	-22.54127	SAX_LV_ENDOCARDIAL	2	1.0	16
31.39762	23.23680	-21.16295	SAX_LV_ENDOCARDIAL	2	1.0	16
30.33538	21.02727	-19.78464	SAX_LV_ENDOCARDIAL	2	1.0	16
28.15929	18.81773	-19.26475	SAX_LV_ENDOCARDIAL	2	1.0	16
24.86936	16.60819	-19.60328	SAX_LV_ENDOCARDIAL	2	1.0	16
21.57943	14.39865	-19.94181	SAX_LV_ENDOCARDIAL	2	1.0	16
18.82062	13.29388	-20.96950	SAX_LV_ENDOCARDIAL	2	1.0	16
16.06181	12.18911	-21.99719	SAX_LV_ENDOCARDIAL	2	1.0	16
13.30301	11.08434	-23.02488	SAX_LV_ENDOCARDIAL	2	1.0	16
10.54420	9.97957	-24.05257	SAX_LV_ENDOCARDIAL	2	1.0	16
7.78539	8.87480	-25.08026	SAX_LV_ENDOCARDIAL	2	1.0	16
5.02658	7.77003	-26.10795	SAX_LV_ENDOCARDIAL	2	1.0	16
2.26777	6.66526	-27.13563	SAX_LV_ENDOCARDIAL	2	1.0	16
-0.49104	5.56049	-28.16332	SAX_LV_ENDOCARDIAL	2	1.0	16
-3.24985	4.45572	-29.19101	SAX_LV_ENDOCARDIAL	2	1.0	16
-6.00866	3.35095	-30.21870	SAX_LV_ENDOCARDIAL	2	1.0	16
-8.76747	2.24618	-31.24639	SAX_LV_ENDOCARDIAL	2	1.0	16
-11.52628	1.14140	-32.27408	SAX_LV_ENDOCARDIAL	2	1.0	16
-13.75397	1.14140	-33.99092	SAX_LV_ENDOCARDIAL	2	1.0	16
-26.47068	21.02721	-63.56420	RV_INSERT	2	1.0	16
-16.30637	-8.80151	-26.07167	RV_INSERT	2	1.0	16
-44.36782	-28.59119	-56.46668	SAX_RV_FREEWALL	3	1.0	16
-46.06438	-27.48642	-58.87268	SAX_RV_FREEWALL	3	1.0	16
-48.29207	-27.48642	-60.58952	SAX_RV_FREEWALL	3	1.0	16
-49.98864	-26.38166	-62.99553	SAX_RV_FREEWALL	3	1.0	16
-51.68521	-25.27689	-65.40153	SAX_RV_FREEWALL	3	1.0	16
-53.38178	-24.17213	-67.80753	SAX_RV_FREEWALL	3	1.0	16
-55.07834	-23.06736	-70.21353	SAX_RV_FREEWALL	3	1.0	16
-56.24379	-20.85783	-73.30869	SAX_RV_FREEWALL	3	1.0	16
-57.94036	-19.75306	-75.71469	SAX_RV_FREEWALL	3	1.0	16
-59.10580	-17.54353	-78.80985	SAX_RV_FREEWALL	3	1.0	16
-59.15741	-15.33399	-81.04659	SAX_RV_FREEWALL	3	1.0	16
-58.09516	-13.12445	-82.42490	SAX_RV_FREEWALL	3	1.0	16
-57.03292	-10.91492	-83.80322	SAX_RV_FREEWALL	3	1.0	16
-54.85684	-8.70538	-84.32311	SAX_RV_FREEWALL	3	1.0	16
-52.68075	-6.49584	-84.84300	SAX_RV_FREEWALL	3	1.0	16
-49.39082	-4.28630	-84.50447	SAX_RV_FREEWALL	3	1.0	16
-47.21473	-2.07677	-85.02436	SAX_RV_FREEWALL	3	1.0	16
-43.92480	0.13277	-84.68582	SAX_RV_FREEWALL	3	1.0	16
-41.16599	1.23754	-83.65814	SAX_RV_FREEWALL	3	1.0	16
-37.87606	3.44708	-83.31960	SAX_RV_FREEWALL	3	1.0	16
-34.58613	5.65662	-82.98107	SAX_RV_FREEWALL	3	1.0	16
-31.29620	7.86616	-82.64254	SAX_RV_FREEWALL	3	1.0	16
-28.00627	10.07570	-82.30401	SAX_RV_FREEWALL	3	1.0	16
-25.24746	11.18047	-81.27632	SAX_RV_FREEWALL	3	1.0	16
-22.48865	12.28524	-80.24863	SAX_RV_FREEWALL	3	1.0	16
-19.72984	13.39001	-79.22094	SAX_RV_FREEWALL	3	1.0	16
-16.97104	14.49478	-78.19325	SAX_RV_FREEWALL	3	1.0	16
3.26947	-17.54346	-30.73818	SAX_RV_FREEWALL	3	1.0	16
1.04178	-17.54347	-32.45502	SAX_RV_FREEWALL	3	1.0	16
-2.24815	-19.75300	-32.79355	SAX_RV_FREEWALL	3	1.0	16
-5.00696	-20.85777	-33.82124	SAX_RV_FREEWALL	3	1.0	16
-8.29689	-23.06731	-34.15978	SAX_RV_FREEWALL	3	1.0	16
-11.05570	-24.17208	-35.18746	SAX_RV_FREEWALL	3	1.0	16
-14.34563	-26.38162	-35.52600	SAX_RV_FREEWALL	3	1.0	16
-16.57331	-26.38163	-37.24284	SAX_RV_FREEWALL	3	1.0	16
-19.33212	-27.48640	-38.27053	SAX_RV_FREEWALL	3	1.0	16
-22.09093	-28.59117	-39.29822	SAX_RV_FREEWALL	3	1.0	16
-24.31862	-28.59117	-41.01507	SAX_RV_FREEWALL	3	1.0	16
-26.54631	-28.59117	-42.73191	SAX_RV_FREEWALL	3	1.0	16
-28.77400	-28.59117	-44.44876	SAX_RV_FREEWALL	3	1.0	16
-31.00169	-28.59117	-46.16560	SAX_RV_FREEWALL	3	1.0	16
-33.22938	-28.59118	-47.88245	SAX_RV_FREEWALL	3	1.0	16
-35.45706	-28.59118	-49.59929	SAX_RV_FREEWALL	3	1.0	16
-37.68475	-28.59118	-51.31614	SAX_RV_FREEWALL	3	1.0	16
-39.91244	-28.59118	-53.03298	SAX_RV_FREEWALL	3	1.0	16
-42.14013	-28.59119	-54.74983	SAX_RV_FREEWALL	3	1.0	16
-43.73349	-31.90549	-52.68236	SAX_RV_EPICARDIAL	3	1.0	16
-45.43006	-30.80072	-55.08836	SAX_RV_EPICARDIAL	3	1.0	16
-47.65775	-30.80073	-56.80521	SAX_RV_EPICARDIAL	3	1.0	16
-49.88544	-30.80073	-58.52205	SAX_RV_EPICARDIAL	3	1.0	16
-51.58200	-29.69596	-60.92806	SAX_RV_EPICARDIAL	3	1.0	16
-53.80969	-29.69597	-62.64490	SAX_RV_EPICARDIAL	3	1.0	16
-54.97514	-27.48643	-65.74006	SAX_RV_EPICARDIAL	3	1.0	16
-56.67171	-26.38166	-68.14606	SAX_RV_EPICARDIAL	3	1.0	16
-58.36827	-25.27690	-70.55207	SAX_RV_EPICARDIAL	3	1.0	16
-59.53372	-23.06736	-73.64722	SAX_RV_EPICARDIAL	3	1.0	16
-60.69917	-20.85783	-76.74238	SAX_RV_EPICARDIAL	3	1.0	16
-61.86461	-18.64830	-79.83754	SAX_RV_EPICARDIAL	3	1.0	16
-61.91622	-16.43876	-82.07428	SAX_RV_EPICARDIAL	3	1.0	16
-60.85397	-14.22922	-83.45259	SAX_RV_EPICARDIAL	3	1.0	16
-59.79173	-12.01969	-84.83091	SAX_RV_EPICARDIAL	3	1.0	16
-58.72949	-9.81015	-86.20922	SAX_RV_EPICARDIAL	3	1.0	16
-56.55340	-7.60061	-86.72911	SAX_RV_EPICARDIAL	3	1.0	16
-54.37732	-5.39108	-87.24900	SAX_RV_EPICARDIAL	3	1.0	16
-52.20123	-3.18154	-87.76889	SAX_RV_EPICARDIAL	3	1.0	16
-48.91130	-0.97200	-87.43036	SAX_RV_EPICARDIAL	3	1.0	16
-45.62137	1.23754	-87.09183	SAX_RV_EPICARDIAL	3	1.0	16
-42.33144	3.44708	-86.75329	SAX_RV_EPICARDIAL	3	1.0	16
-39.04151	5.65662	-86.41476	SAX_RV_EPICARDIAL	3	1.0	16
-35.75158	7.86616	-86.07623	SAX_RV_EPICARDIAL	3	1.0	16
-32.46165	10.07569	-85.73770	SAX_RV_EPICARDIAL	3	1.0	16
-29.70284	11.18047	-84.71001	SAX_RV_EPICARDIAL	3	1.0	16
-26.41291	13.39000	-84.37148	SAX_RV_EPICARDIAL	3	1.0	16
-23.65410	14.49477	-83.34379	SAX_RV_EPICARDIAL	3	1.0	16
-20.89529	15.59955	-82.31610	SAX_RV_EPICARDIAL	3	1.0	16
-18.13648	16.70432	-81.28841	SAX_RV_EPICARDIAL	3	1.0	16
-15.37767	17.80909	-80.26072	SAX_RV_EPICARDIAL	3	1.0	16
-12.61886	18.91386	-79.23303	SAX_RV_EPICARDIAL	3	1.0	16
-13.09838	15.59955	-76.30714	SAX_RV_EPICARDIAL	3	1.0	16
8.78709	-15.33392	-28.68280	SAX_RV_EPICARDIAL	3	1.0	16
9.36981	-16.43869	-27.13522	SAX_RV_EPICARDIAL	3	1.0	16
6.07988	-18.64823	-27.47375	SAX_RV_EPICARDIAL	3	1.0	16
3.32107	-19.75300	-28.50144	SAX_RV_EPICARDIAL	3	1.0	16
0.56227	-20.85777	-29.52913	SAX_RV_EPICARDIAL	3	1.0	16
-2.19654	-21.96254	-30.55682	SAX_RV_EPICARDIAL	3	1.0	16
-5.48647	-24.17208	-30.89535	SAX_RV_EPICARDIAL	3	1.0	16
-8.77640	-26.38162	-31.23388	SAX_RV_EPICARDIAL	3	1.0	16
-12.06634	-28.59116	-31.57241	SAX_RV_EPICARDIAL	3	1.0	16
-14.82514	-29.69593	-32.60010	SAX_RV_EPICARDIAL	3	1.0	16
-17.05283	-29.69593	-34.31695	SAX_RV_EPICARDIAL	3	1.0	16
-19.81164	-30.80070	-35.34464	SAX_RV_EPICARDIAL	3	1.0	16
-22.03933	-30.80070	-37.06148	SAX_RV_EPICARDIAL	3	1.0	16
-24.79814	-31.90547	-38.08917	SAX_RV_EPICARDIAL	3	1.0	16
-27.02583	-31.90547	-39.80602	SAX_RV_EPICARDIAL	3	1.0	16
-29.25352	-31.90548	-41.52286	SAX_RV_EPICARDIAL	3	1.0	16
-31.48121	-31.90548	-43.23971	SAX_RV_EPICARDIAL	3	1.0	16
-33.70889	-31.90548	-44.95656	SAX_RV_EPICARDIAL	3	1.0	16
-35.93658	-31.90548	-46.67340	SAX_RV_EPICARDIAL	3	1.0	16
-38.16427	-31.90549	-48.39025	SAX_RV_EPICARDIAL	3	1.0	16
-40.39196	-31.90549	-50.10709	SAX_RV_EPICARDIAL	3	1.0	16
-42.61965	-31.90549	-51.82394	SAX_RV_EPICARDIAL	3	1.0	16
-14.74335	14.49478	-76.47641	SAX_RV_SEPTUM	3	1.0	16
-14.16062	13.39002	-74.92883	SAX_RV_SEPTUM	3	1.0	16
-15.22287	11.18048	-73.55051	SAX_RV_SEPTUM	3	1.0	16
-15.17126	8.97094	-71.31378	SAX_RV_SEPTUM	3	1.0	16
-15.11966	6.76141	-69.07704	SAX_RV_SEPTUM	3	1.0	16
-15.06806	4.55187	-66.84030	SAX_RV_SEPTUM	3	1.0	16
-15.01646	2.34234	-64.60357	SAX_RV_SEPTUM	3	1.0	16
-14.96485	0.13280	-62.36683	SAX_RV_SEPTUM	3	1.0	16
-14.91325	-2.07673	-60.13010	SAX_RV_SEPTUM	3	1.0	16
-13.74780	-4.28627	-57.03494	SAX_RV_SEPTUM	3	1.0	16
-13.69620	-6.49580	-54.79820	SAX_RV_SEPTUM	3	1.0	16
-12.53076	-8.70534	-51.70304	SAX_RV_SEPTUM	3	1.0	16
-10.83419	-9.81010	-49.29704	SAX_RV_SEPTUM	3	1.0	16
-9.66874	-12.01964	-46.20188	SAX_RV_SEPTUM	3	1.0	16
-7.97217	-13.12440	-43.79588	SAX_RV_SEPTUM	3	1.0	16
-5.74449	-13.12440	-42.07903	SAX_RV_SEPTUM	3	1.0	16
-4.04792	-14.22917	-39.67303	SAX_RV_SEPTUM	3	1.0	16
-1.82023	-14.22917	-37.95618	SAX_RV_SEPTUM	3	1.0	16
0.40746	-14.22916	-36.23934	SAX_RV_SEPTUM	3	1.0	16
2.10403	-15.33393	-33.83334	SAX_RV_SEPTUM	3	1.0	16
4.33171	-15.33393	-32.11649	SAX_RV_SEPTUM	3	1.0	16
6.55940	-15.33392	-30.39964	SAX_RV_SEPTUM	3	1.0	16
8.78709	-15.33392	-28.68280	SAX_RV_SEPTUM	3	1.0	16
6.02828	-16.43869	-29.71049	SAX_RV_SEPTUM	3	1.0	16
-10.39117	18.91386	-77.51619	SAX_LV_EPICARDIAL	3	1.0	16
-8.21509	21.12340	-78.03608	SAX_LV_EPICARDIAL	3	1.0	16
-7.15285	23.33293	-79.41439	SAX_LV_EPICARDIAL	3	1.0	16
-3.86292	25.54247	-79.07586	SAX_LV_EPICARDIAL	3	1.0	16
-1.68683	27.75201	-79.59575	SAX_LV_EPICARDIAL	3	1.0	16
1.60310	29.96155	-79.25722	SAX_LV_EPICARDIAL	3	1.0	16
4.89303	32.17109	-78.91869	SAX_LV_EPICARDIAL	3	1.0	16
7.65184	33.27586	-77.89100	SAX_LV_EPICARDIAL	3	1.0	16
10.94177	35.48540	-77.55246	SAX_LV_EPICARDIAL	3	1.0	16
13.70058	36.59017	-76.52478	SAX_LV_EPICARDIAL	3	1.0	16
16.45939	37.69494	-75.49709	SAX_LV_EPICARDIAL	3	1.0	16
19.21820	38.79971	-74.46940	SAX_LV_EPICARDIAL	3	1.0	16
21.97701	39.90448	-73.44171	SAX_LV_EPICARDIAL	3	1.0	16
24.73582	41.00925	-72.41402	SAX_LV_EPICARDIAL	3	1.0	16
26.96351	41.00925	-70.69717	SAX_LV_EPICARDIAL	3	1.0	16
29.19119	41.00925	-68.98033	SAX_LV_EPICARDIAL	3	1.0	16
31.41888	41.00926	-67.26348	SAX_LV_EPICARDIAL	3	1.0	16
33.64657	41.00926	-65.54664	SAX_LV_EPICARDIAL	3	1.0	16
35.87426	41.00926	-63.82979	SAX_LV_EPICARDIAL	3	1.0	16
38.10195	41.00926	-62.11295	SAX_LV_EPICARDIAL	3	1.0	16
39.79851	39.90450	-59.70694	SAX_LV_EPICARDIAL	3	1.0	16
42.02620	39.90450	-57.99010	SAX_LV_EPICARDIAL	3	1.0	16
43.72277	38.79973	-55.58410	SAX_LV_EPICARDIAL	3	1.0	16
44.88822	36.59020	-52.48894	SAX_LV_EPICARDIAL	3	1.0	16
46.58478	35.48543	-50.08293	SAX_LV_EPICARDIAL	3	1.0	16
47.75023	33.27590	-46.98777	SAX_LV_EPICARDIAL	3	1.0	16
48.91568	31.06636	-43.89262	SAX_LV_EPICARDIAL	3	1.0	16
50.08112	28.85683	-40.79746	SAX_LV_EPICARDIAL	3	1.0	16
50.13273	26.64729	-38.56072	SAX_LV_EPICARDIAL	3	1.0	16
50.18433	24.43776	-36.32398	SAX_LV_EPICARDIAL	3	1.0	16
50.23593	22.22822	-34.08725	SAX_LV_EPICARDIAL	3	1.0	16
50.28753	20.01869	-31.85051	SAX_LV_EPICARDIAL	3	1.0	16
49.22529	17.80915	-30.47220	SAX_LV_EPICARDIAL	3	1.0	16
49.27689	15.59961	-28.23546	SAX_LV_EPICARDIAL	3	1.0	16
48.21465	13.39008	-26.85715	SAX_LV_EPICARDIAL	3	1.0	16
47.15241	11.18054	-25.47884	SAX_LV_EPICARDIAL	3	1.0	16
46.09017	8.97101	-24.10052	SAX_LV_EPICARDIAL	3	1.0	16
43.91408	6.76147	-23.58063	SAX_LV_EPICARDIAL	3	1.0	16
42.85184	4.55193	-22.20232	SAX_LV_EPICARDIAL	3	1.0	16
40.67575	2.34239	-21.68243	SAX_LV_EPICARDIAL	3	1.0	16
39.61351	0.13286	-20.30411	SAX_LV_EPICARDIAL	3	1.0	16
36.32358	-2.07668	-20.64265	SAX_LV_EPICARDIAL	3	1.0	16
34.14750	-4.28622	-20.12276	SAX_LV_EPICARDIAL	3	1.0	16
31.97141	-6.49576	-19.60286	SAX_LV_EPICARDIAL	3	1.0	16
29.21260	-7.60053	-20.63055	SAX_LV_EPICARDIAL	3	1.0	16
25.92267	-9.81007	-20.96909	SAX_LV_EPICARDIAL	3	1.0	16
23.16386	-10.91484	-21.99677	SAX_LV_EPICARDIAL	3	1.0	16
20.40505	-12.01961	-23.02446	SAX_LV_EPICARDIAL	3	1.0	16
17.64624	-13.12438	-24.05215	SAX_LV_EPICARDIAL	3	1.0	16
15.41855	-13.12438	-25.76900	SAX_LV_EPICARDIAL	3	1.0	16
12.65974	-14.22915	-26.79669	SAX_LV_EPICARDIAL	3	1.0	16
11.39109	-7.60055	-34.36532	SAX_LV_ENDOCARDIAL	3	1.0	16
9.69453	-6.49578	-36.77132	SAX_LV_ENDOCARDIAL	3	1.0	16
7.46684	-6.49578	-38.48817	SAX_LV_ENDOCARDIAL	3	1.0	16
5.77027	-5.39102	-40.89417	SAX_LV_ENDOCARDIAL	3	1.0	16
3.54258	-5.39102	-42.61101	SAX_LV_ENDOCARDIAL	3	1.0	16
1.84601	-4.28625	-45.01702	SAX_LV_ENDOCARDIAL	3	1.0	16
0.14945	-3.18149	-47.42302	SAX_LV_ENDOCARDIAL	3	1.0	16
-1.54712	-2.07672	-49.82902	SAX_LV_ENDOCARDIAL	3	1.0	16
-2.71257	0.13281	-52.92418	SAX_LV_ENDOCARDIAL	3	1.0	16
-3.87801	2.34235	-56.01934	SAX_LV_ENDOCARDIAL	3	1.0	16
-5.04346	4.55188	-59.11450	SAX_LV_ENDOCARDIAL	3	1.0	16
-5.09506	6.76142	-61.35123	SAX_LV_ENDOCARDIAL	3	1.0	16
-6.26051	8.97095	-64.44639	SAX_LV_ENDOCARDIAL	3	1.0	16
-5.19827	11.18049	-65.82471	SAX_LV_ENDOCARDIAL	3	1.0	16
-5.24987	13.39003	-68.06144	SAX_LV_ENDOCARDIAL	3	1.0	16
-4.18763	15.59956	-69.43976	SAX_LV_ENDOCARDIAL	3	1.0	16
-3.12539	17.80910	-70.81807	SAX_LV_ENDOCARDIAL	3	1.0	16
-0.94930	20.01864	-71.33796	SAX_LV_ENDOCARDIAL	3	1.0	16
1.22679	22.22817	-71.85785	SAX_LV_ENDOCARDIAL	3	1.0	16
3.40287	24.43771	-72.37774	SAX_LV_ENDOCARDIAL	3	1.0	16
6.69280	26.64725	-72.03921	SAX_LV_ENDOCARDIAL	3	1.0	16
9.98273	28.85679	-71.70068	SAX_LV_ENDOCARDIAL	3	1.0	16
13.27266	31.06633	-71.36215	SAX_LV_ENDOCARDIAL	3	1.0	16
16.03147	32.17110	-70.33446	SAX_LV_ENDOCARDIAL	3	1.0	16
18.79028	33.27587	-69.30677	SAX_LV_ENDOCARDIAL	3	1.0	16
21.54909	34.38064	-68.27908	SAX_LV_ENDOCARDIAL	3	1.0	16
23.77678	34.38064	-66.56223	SAX_LV_ENDOCARDIAL	3	1.0	16
26.00447	34.38064	-64.84539	SAX_LV_ENDOCARDIAL	3	1.0	16
28.23216	34.38065	-63.12854	SAX_LV_ENDOCARDIAL	3	1.0	16
30.45984	34.38065	-61.41170	SAX_LV_ENDOCARDIAL	3	1.0	16
32.68753	34.38065	-59.69485	SAX_LV_ENDOCARDIAL	3	1.0	16
34.91522	34.38065	-57.97801	SAX_LV_ENDOCARDIAL	3	1.0	16
36.61179	33.27589	-55.57200	SAX_LV_ENDOCARDIAL	3	1.0	16
38.83948	33.27589	-53.85516	SAX_LV_ENDOCARDIAL	3	1.0	16
40.53605	32.17112	-51.44916	SAX_LV_ENDOCARDIAL	3	1.0	16
41.70149	29.96159	-48.35400	SAX_LV_ENDOCARDIAL	3	1.0	16
43.39806	28.85682	-45.94799	SAX_LV_ENDOCARDIAL	3	1.0	16
43.44966	26.64729	-43.71126	SAX_LV_ENDOCARDIAL	3	1.0	16
44.61511	24.43775	-40.61610	SAX_LV_ENDOCARDIAL	3	1.0	16
44.66671	22.22822	-38.37936	SAX_LV_ENDOCARDIAL	3	1.0	16
44.71831	20.01868	-36.14263	SAX_LV_ENDOCARDIAL	3	1.0	16
44.76992	17.80915	-33.90589	SAX_LV_ENDOCARDIAL	3	1.0	16
43.70767	15.59961	-32.52758	SAX_LV_ENDOCARDIAL	3	1.0	16
42.64543	13.39007	-31.14926	SAX_LV_ENDOCARDIAL	3	1.0	16
41.58319	11.18054	-29.77095	SAX_LV_ENDOCARDIAL	3	1.0	16
40.52095	8.97100	-28.39264	SAX_LV_ENDOCARDIAL	3	1.0	16
39.45871	6.76146	-27.01432	SAX_LV_ENDOCARDIAL	3	1.0	16
37.28262	4.55193	-26.49443	SAX_LV_ENDOCARDIAL	3	1.0	16
35.10653	2.34239	-25.97454	SAX_LV_ENDOCARDIAL	3	1.0	16
32.93045	0.13285	-25.45465	SAX_LV_ENDOCARDIAL	3	1.0	16
30.75436	-2.07669	-24.93476	SAX_LV_ENDOCARDIAL	3	1.0	16
27.99555	-3.18146	-25.96245	SAX_LV_ENDOCARDIAL	3	1.0	16
25.23674	-4.28623	-26.99014	SAX_LV_ENDOCARDIAL	3	1.0	16
22.47793	-5.39100	-28.01783	SAX_LV_ENDOCARDIAL	3	1.0	16
19.71912	-6.49577	-29.04552	SAX_LV_ENDOCARDIAL	3	1.0	16
17.49144	-6.49577	-30.76236	SAX_LV_ENDOCARDIAL	3	1.0	16
15.26375	-6.49577	-32.47921	SAX_LV_ENDOCARDIAL	3	1.0	16
12.50494	-7.60054	-33.50690	SAX_LV_ENDOCARDIAL	3	1.0	16
8.78709	-15.33392	-28.68280	RV_INSERT	3	1.0	16
-14.74335	14.49478	-76.47641	RV_INSERT	3	1.0	16
-36.61735	-31.80881	-75.73796	SAX_RV_FREEWALL	4	1.0	16
-38.31392	-30.70405	-78.14397	SAX_RV_FREEWALL	4	1.0	16
-40.01048	-29.59928	-80.54997	SAX_RV_FREEWALL	4	1.0	16
-41.70705	-28.49452	-82.95597	SAX_RV_FREEWALL	4	1.0	16
-43.40362	-27.38975	-85.36197	SAX_RV_FREEWALL	4	1.0	16
-44.56906	-25.18022	-88.45713	SAX_RV_FREEWALL	4	1.0	16
-44.62067	-22.97068	-90.69387	SAX_RV_FREEWALL	4	1.0	16
-44.67227	-20.76115	-92.93061	SAX_RV_FREEWALL	4	1.0	16
-43.61003	-18.55161	-94.30892	SAX_RV_FREEWALL	4	1.0	16
-40.32010	-16.34207	-93.97039	SAX_RV_FREEWALL	4	1.0	16
-37.56129	-15.23730	-92.94270	SAX_RV_FREEWALL	4	1.0	16
-34.27136	-13.02776	-92.60417	SAX_RV_FREEWALL	4	1.0	16
-30.98143	-10.81822	-92.26563	SAX_RV_FREEWALL	4	1.0	16
-27.69150	-8.60868	-91.92710	SAX_RV_FREEWALL	4	1.0	16
-24.93269	-7.50391	-90.89941	SAX_RV_FREEWALL	4	1.0	16
-21.64276	-5.29437	-90.56088	SAX_RV_FREEWALL	4	1.0	16
-18.88395	-4.18960	-89.53319	SAX_RV_FREEWALL	4	1.0	16
-15.59402	-1.98006	-89.19466	SAX_RV_FREEWALL	4	1.0	16
-12.30409	0.22947	-88.85613	SAX_RV_FREEWALL	4	1.0	16
-9.01416	2.43901	-88.51759	SAX_RV_FREEWALL	4	1.0	16
-6.25535	3.54378	-87.48991	SAX_RV_FREEWALL	4	1.0	16
-3.49654	4.64855	-86.46222	SAX_RV_FREEWALL	4	1.0	16
1.62967	-24.07540	-53.95095	SAX_RV_FREEWALL	4	1.0	16
-1.12914	-25.18017	-54.97864	SAX_RV_FREEWALL	4	1.0	16
-3.88795	-26.28494	-56.00633	SAX_RV_FREEWALL	4	1.0	16
-6.11564	-26.28495	-57.72318	SAX_RV_FREEWALL	4	1.0	16
-8.34333	-26.28495	-59.44002	SAX_RV_FREEWALL	4	1.0	16
-11.10214	-27.38972	-60.46771	SAX_RV_FREEWALL	4	1.0	16
-13.86094	-28.49449	-61.49540	SAX_RV_FREEWALL	4	1.0	16
-16.61975	-29.59926	-62.52309	SAX_RV_FREEWALL	4	1.0	16
-19.37856	-30.70403	-63.55078	SAX_RV_FREEWALL	4	1.0	16
-22.13737	-31.80880	-64.57847	SAX_RV_FREEWALL	4	1.0	16
-24.36506	-31.80880	-66.29531	SAX_RV_FREEWALL	4	1.0	16
-26.59275	-31.80880	-68.01216	SAX_RV_FREEWALL	4	1.0	16
-28.82044	-31.80881	-69.72900	SAX_RV_FREEWALL	4	1.0	16
-31.04813	-31.80881	-71.44585	SAX_RV_FREEWALL	4	1.0	16
-33.27581	-31.80881	-73.16270	SAX_RV_FREEWALL	4	1.0	16
-35.50350	-31.80881	-74.87954	SAX_RV_FREEWALL	4	1.0	16
-34.86918	-35.12312	-71.09523	SAX_RV_EPICARDIAL	4	1.0	16
-36.56575	-34.01835	-73.50123	SAX_RV_EPICARDIAL	4	1.0	16
-38.79343	-34.01835	-75.21807	SAX_RV_EPICARDIAL	4	1.0	16
-41.02112	-34.01835	-76.93492	SAX_RV_EPICARDIAL	4	1.0	16
-42.71769	-32.91359	-79.34092	SAX_RV_EPICARDIAL	4	1.0	16
-44.41426	-31.80882	-81.74692	SAX_RV_EPICARDIAL	4	1.0	16
-46.11082	-30.70406	-84.15293	SAX_RV_EPICARDIAL	4	1.0	16
-47.27627	-28.49452	-87.24809	SAX_RV_EPICARDIAL	4	1.0	16
-48.44172	-26.28499	-90.34324	SAX_RV_EPICARDIAL	4	1.0	16
-48.49332	-24.07545	-92.57998	SAX_RV_EPICARDIAL	4	1.0	16
-48.54492	-21.86592	-94.81672	SAX_RV_EPICARDIAL	4	1.0	16
-47.48268	-19.65638	-96.19503	SAX_RV_EPICARDIAL	4	1.0	16
-45.30659	-17.44684	-96.71492	SAX_RV_EPICARDIAL	4	1.0	16
-43.13051	-15.23730	-97.23481	SAX_RV_EPICARDIAL	4	1.0	16
-40.37170	-14.13253	-96.20712	SAX_RV_EPICARDIAL	4	1.0	16
-37.08177	-11.92300	-95.86859	SAX_RV_EPICARDIAL	4	1.0	16
-33.79184	-9.71346	-95.53006	SAX_RV_EPICARDIAL	4	1.0	16
-31.03303	-8.60869	-94.50237	SAX_RV_EPICARDIAL	4	1.0	16
-27.74310	-6.39915	-94.16384	SAX_RV_EPICARDIAL	4	1.0	16
-24.45317	-4.18961	-93.82531	SAX_RV_EPICARDIAL	4	1.0	16
-21.16324	-1.98007	-93.48677	SAX_RV_EPICARDIAL	4	1.0	16
-18.40443	-0.87530	-92.45908	SAX_RV_EPICARDIAL	4	1.0	16
-15.11450	1.33424	-92.12055	SAX_RV_EPICARDIAL	4	1.0	16
-11.82457	3.54378	-91.78202	SAX_RV_EPICARDIAL	4	1.0	16
-9.06576	4.64855	-90.75433	SAX_RV_EPICARDIAL	4	1.0	16
-6.30695	5.75332	-89.72664	SAX_RV_EPICARDIAL	4	1.0	16
-3.54814	6.85809	-88.69895	SAX_RV_EPICARDIAL	4	1.0	16
-0.78933	7.96286	-87.67126	SAX_RV_EPICARDIAL	4	1.0	16
-1.26885	4.64856	-84.74537	SAX_RV_EPICARDIAL	4	1.0	16
6.61617	-22.97063	-51.20642	SAX_RV_EPICARDIAL	4	1.0	16
6.08505	-24.07540	-50.51726	SAX_RV_EPICARDIAL	4	1.0	16
2.79512	-26.28494	-50.85580	SAX_RV_EPICARDIAL	4	1.0	16
0.03631	-27.38971	-51.88348	SAX_RV_EPICARDIAL	4	1.0	16
-2.19138	-27.38971	-53.60033	SAX_RV_EPICARDIAL	4	1.0	16
-4.95019	-28.49448	-54.62802	SAX_RV_EPICARDIAL	4	1.0	16
-7.17788	-28.49448	-56.34486	SAX_RV_EPICARDIAL	4	1.0	16
-9.93669	-29.59925	-57.37255	SAX_RV_EPICARDIAL	4	1.0	16
-12.69550	-30.70402	-58.40024	SAX_RV_EPICARDIAL	4	1.0	16
-15.45431	-31.80879	-59.42793	SAX_RV_EPICARDIAL	4	1.0	16
-18.21312	-32.91356	-60.45562	SAX_RV_EPICARDIAL	4	1.0	16
-20.97193	-34.01833	-61.48331	SAX_RV_EPICARDIAL	4	1.0	16
-23.19961	-34.01834	-63.20015	SAX_RV_EPICARDIAL	4	1.0	16
-25.95842	-35.12311	-64.22784	SAX_RV_EPICARDIAL	4	1.0	16
-28.18611	-35.12311	-65.94469	SAX_RV_EPICARDIAL	4	1.0	16
-30.41380	-35.12311	-67.66153	SAX_RV_EPICARDIAL	4	1.0	16
-32.64149	-35.12311	-69.37838	SAX_RV_EPICARDIAL	4	1.0	16
-1.26885	4.64856	-84.74537	SAX_RV_SEPTUM	4	1.0	16
-2.33109	2.43902	-83.36706	SAX_RV_SEPTUM	4	1.0	16
-3.39333	0.22948	-81.98874	SAX_RV_SEPTUM	4	1.0	16
-4.45557	-1.98005	-80.61043	SAX_RV_SEPTUM	4	1.0	16
-4.40397	-4.18959	-78.37369	SAX_RV_SEPTUM	4	1.0	16
-5.46621	-6.39913	-76.99538	SAX_RV_SEPTUM	4	1.0	16
-4.30077	-8.60866	-73.90022	SAX_RV_SEPTUM	4	1.0	16
-4.24917	-10.81820	-71.66349	SAX_RV_SEPTUM	4	1.0	16
-4.19756	-13.02773	-69.42675	SAX_RV_SEPTUM	4	1.0	16
-3.03212	-15.23727	-66.33159	SAX_RV_SEPTUM	4	1.0	16
-1.33555	-16.34203	-63.92559	SAX_RV_SEPTUM	4	1.0	16
-0.17010	-18.55157	-60.83043	SAX_RV_SEPTUM	4	1.0	16
1.52647	-19.65633	-58.42443	SAX_RV_SEPTUM	4	1.0	16
3.22303	-20.76110	-56.01842	SAX_RV_SEPTUM	4	1.0	16
4.91960	-21.86586	-53.61242	SAX_RV_SEPTUM	4	1.0	16
4.38848	-22.97063	-52.92327	SAX_RV_SEPTUM	4	1.0	16
2.55220	7.96286	-85.09600	SAX_LV_EPICARDIAL	4	1.0	16
3.61444	10.17240	-86.47431	SAX_LV_EPICARDIAL	4	1.0	16
5.79053	12.38194	-86.99420	SAX_LV_EPICARDIAL	4	1.0	16
9.08046	14.59148	-86.65567	SAX_LV_EPICARDIAL	4	1.0	16
11.25655	16.80101	-87.17556	SAX_LV_EPICARDIAL	4	1.0	16
14.54648	19.01055	-86.83703	SAX_LV_EPICARDIAL	4	1.0	16
17.83641	21.22009	-86.49849	SAX_LV_EPICARDIAL	4	1.0	16
20.59522	22.32486	-85.47080	SAX_LV_EPICARDIAL	4	1.0	16
23.88515	24.53440	-85.13227	SAX_LV_EPICARDIAL	4	1.0	16
26.64396	25.63917	-84.10458	SAX_LV_EPICARDIAL	4	1.0	16
28.87164	25.63917	-82.38774	SAX_LV_EPICARDIAL	4	1.0	16
31.63045	26.74394	-81.36005	SAX_LV_EPICARDIAL	4	1.0	16
33.85814	26.74395	-79.64320	SAX_LV_EPICARDIAL	4	1.0	16
36.08583	26.74395	-77.92636	SAX_LV_EPICARDIAL	4	1.0	16
38.31352	26.74395	-76.20951	SAX_LV_EPICARDIAL	4	1.0	16
40.54121	26.74395	-74.49267	SAX_LV_EPICARDIAL	4	1.0	16
42.76890	26.74396	-72.77582	SAX_LV_EPICARDIAL	4	1.0	16
44.46546	25.63919	-70.36982	SAX_LV_EPICARDIAL	4	1.0	16
46.69315	25.63919	-68.65297	SAX_LV_EPICARDIAL	4	1.0	16
48.38972	24.53443	-66.24697	SAX_LV_EPICARDIAL	4	1.0	16
50.08629	23.42966	-63.84097	SAX_LV_EPICARDIAL	4	1.0	16
51.78285	22.32489	-61.43497	SAX_LV_EPICARDIAL	4	1.0	16
52.94830	20.11536	-58.33981	SAX_LV_EPICARDIAL	4	1.0	16
54.11375	17.90582	-55.24465	SAX_LV_EPICARDIAL	4	1.0	16
54.16535	15.69629	-53.00791	SAX_LV_EPICARDIAL	4	1.0	16
55.33080	13.48675	-49.91275	SAX_LV_EPICARDIAL	4	1.0	16
54.26855	11.27722	-48.53444	SAX_LV_EPICARDIAL	4	1.0	16
54.32016	9.06768	-46.29770	SAX_LV_EPICARDIAL	4	1.0	16
53.25792	6.85815	-44.91939	SAX_LV_EPICARDIAL	4	1.0	16
52.19567	4.64861	-43.54108	SAX_LV_EPICARDIAL	4	1.0	16
51.13343	2.43907	-42.16276	SAX_LV_EPICARDIAL	4	1.0	16
50.07119	0.22954	-40.78445	SAX_LV_EPICARDIAL	4	1.0	16
49.00895	-1.98000	-39.40614	SAX_LV_EPICARDIAL	4	1.0	16
46.83286	-4.18954	-38.88625	SAX_LV_EPICARDIAL	4	1.0	16
45.77062	-6.39907	-37.50793	SAX_LV_EPICARDIAL	4	1.0	16
43.59453	-8.60861	-36.98804	SAX_LV_EPICARDIAL	4	1.0	16
41.41845	-10.81815	-36.46815	SAX_LV_EPICARDIAL	4	1.0	16
38.12852	-13.02769	-36.80668	SAX_LV_EPICARDIAL	4	1.0	16
34.83859	-15.23723	-37.14521	SAX_LV_EPICARDIAL	4	1.0	16
32.07978	-16.34200	-38.17290	SAX_LV_EPICARDIAL	4	1.0	16
28.78985	-18.55154	-38.51144	SAX_LV_EPICARDIAL	4	1.0	16
26.03104	-19.65631	-39.53912	SAX_LV_EPICARDIAL	4	1.0	16
23.27223	-20.76108	-40.56681	SAX_LV_EPICARDIAL	4	1.0	16
21.04454	-20.76108	-42.28366	SAX_LV_EPICARDIAL	4	1.0	16
18.28573	-21.86585	-43.31135	SAX_LV_EPICARDIAL	4	1.0	16
16.05804	-21.86585	-45.02819	SAX_LV_EPICARDIAL	4	1.0	16
13.83035	-21.86585	-46.74504	SAX_LV_EPICARDIAL	4	1.0	16
11.60267	-21.86586	-48.46189	SAX_LV_EPICARDIAL	4	1.0	16
9.37498	-21.86586	-50.17873	SAX_LV_EPICARDIAL	4	1.0	16
17.01708	-15.23725	-50.87998	SAX_LV_ENDOCARDIAL	4	1.0	16
15.32051	-14.13248	-53.28598	SAX_LV_ENDOCARDIAL	4	1.0	16
13.09282	-14.13248	-55.00283	SAX_LV_ENDOCARDIAL	4	1.0	16
10.86514	-14.13248	-56.71967	SAX_LV_ENDOCARDIAL	4	1.0	16
9.16857	-13.02772	-59.12568	SAX_LV_ENDOCARDIAL	4	1.0	16
7.47200	-11.92295	-61.53168	SAX_LV_ENDOCARDIAL	4	1.0	16
5.77543	-10.81819	-63.93768	SAX_LV_ENDOCARDIAL	4	1.0	16
4.60999	-8.60865	-67.03284	SAX_LV_ENDOCARDIAL	4	1.0	16
3.44454	-6.39912	-70.12800	SAX_LV_ENDOCARDIAL	4	1.0	16
3.39294	-4.18958	-72.36474	SAX_LV_ENDOCARDIAL	4	1.0	16
4.45518	-1.98004	-73.74305	SAX_LV_ENDOCARDIAL	4	1.0	16
4.40358	0.22949	-75.97978	SAX_LV_ENDOCARDIAL	4	1.0	16
5.46582	2.43903	-77.35810	SAX_LV_ENDOCARDIAL	4	1.0	16
6.52806	4.64856	-78.73641	SAX_LV_ENDOCARDIAL	4	1.0	16
7.59030	6.85810	-80.11472	SAX_LV_ENDOCARDIAL	4	1.0	16
9.76639	9.06764	-80.63462	SAX_LV_ENDOCARDIAL	4	1.0	16
11.94247	11.27718	-81.15451	SAX_LV_ENDOCARDIAL	4	1.0	16
14.11856	13.48671	-81.67440	SAX_LV_ENDOCARDIAL	4	1.0	16
17.40849	15.69625	-81.33586	SAX_LV_ENDOCARDIAL	4	1.0	16
20.69842	17.90579	-80.99733	SAX_LV_ENDOCARDIAL	4	1.0	16
23.45723	19.01056	-79.96964	SAX_LV_ENDOCARDIAL	4	1.0	16
25.68492	19.01056	-78.25280	SAX_LV_ENDOCARDIAL	4	1.0	16
28.44373	20.11533	-77.22511	SAX_LV_ENDOCARDIAL	4	1.0	16
30.67142	20.11534	-75.50826	SAX_LV_ENDOCARDIAL	4	1.0	16
33.43023	21.22011	-74.48057	SAX_LV_ENDOCARDIAL	4	1.0	16
35.65791	21.22011	-72.76373	SAX_LV_ENDOCARDIAL	4	1.0	16
37.88560	21.22011	-71.04688	SAX_LV_ENDOCARDIAL	4	1.0	16
40.11329	21.22011	-69.33004	SAX_LV_ENDOCARDIAL	4	1.0	16
41.80986	20.11535	-66.92404	SAX_LV_ENDOCARDIAL	4	1.0	16
44.03755	20.11535	-65.20719	SAX_LV_ENDOCARDIAL	4	1.0	16
45.73411	19.01058	-62.80119	SAX_LV_ENDOCARDIAL	4	1.0	16
46.89956	16.80105	-59.70603	SAX_LV_ENDOCARDIAL	4	1.0	16
48.59613	15.69628	-57.30003	SAX_LV_ENDOCARDIAL	4	1.0	16
48.64773	13.48675	-55.06329	SAX_LV_ENDOCARDIAL	4	1.0	16
48.69933	11.27721	-52.82655	SAX_LV_ENDOCARDIAL	4	1.0	16
48.75094	9.06768	-50.58982	SAX_LV_ENDOCARDIAL	4	1.0	16
47.68869	6.85814	-49.21150	SAX_LV_ENDOCARDIAL	4	1.0	16
47.74030	4.64860	-46.97477	SAX_LV_ENDOCARDIAL	4	1.0	16
45.56421	2.43907	-46.45488	SAX_LV_ENDOCARDIAL	4	1.0	16
44.50197	0.22953	-45.07656	SAX_LV_ENDOCARDIAL	4	1.0	16
42.32588	-1.98001	-44.55667	SAX_LV_ENDOCARDIAL	4	1.0	16
40.14980	-4.18954	-44.03678	SAX_LV_ENDOCARDIAL	4	1.0	16
37.97371	-6.39908	-43.51689	SAX_LV_ENDOCARDIAL	4	1.0	16
35.79762	-8.60862	-42.99700	SAX_LV_ENDOCARDIAL	4	1.0	16
32.50769	-10.81816	-43.33553	SAX_LV_ENDOCARDIAL	4	1.0	16
29.74888	-11.92293	-44.36322	SAX_LV_ENDOCARDIAL	4	1.0	16
26.99008	-13.02770	-45.39091	SAX_LV_ENDOCARDIAL	4	1.0	16
24.23127	-14.13247	-46.41860	SAX_LV_ENDOCARDIAL	4	1.0	16
21.47246	-15.23724	-47.44629	SAX_LV_ENDOCARDIAL	4	1.0	16
19.24477	-15.23724	-49.16313	SAX_LV_ENDOCARDIAL	4	1.0	16
-3.49654	4.64855	-86.46222	RV_INSERT	4	1.0	16
4.38848	-22.97063	-52.92327	RV_INSERT	4	1.0	16
-20.05933	-30.60736	-92.61584	SAX_RV_FREEWALL	5	1.0	16
-21.75590	-29.50260	-95.02185	SAX_RV_FREEWALL	5	1.0	16
-23.98358	-29.50260	-96.73869	SAX_RV_FREEWALL	5	1.0	16
-22.92134	-27.29306	-98.11700	SAX_RV_FREEWALL	5	1.0	16
-20.74526	-25.08352	-98.63689	SAX_RV_FREEWALL	5	1.0	16
-18.56917	-22.87399	-99.15679	SAX_RV_FREEWALL	5	1.0	16
-15.27924	-20.66445	-98.81825	SAX_RV_FREEWALL	5	1.0	16
-11.98931	-18.45491	-98.47972	SAX_RV_FREEWALL	5	1.0	16
-8.69938	-16.24537	-98.14119	SAX_RV_FREEWALL	5	1.0	16
-5.40945	-14.03583	-97.80266	SAX_RV_FREEWALL	5	1.0	16
-2.11952	-11.82629	-97.46412	SAX_RV_FREEWALL	5	1.0	16
1.17041	-9.61675	-97.12559	SAX_RV_FREEWALL	5	1.0	16
4.46034	-7.40721	-96.78706	SAX_RV_FREEWALL	5	1.0	16
7.21915	-6.30244	-95.75937	SAX_RV_FREEWALL	5	1.0	16
9.97796	-5.19767	-94.73168	SAX_RV_FREEWALL	5	1.0	16
7.63197	-23.97873	-77.86548	SAX_RV_FREEWALL	5	1.0	16
4.87316	-25.08350	-78.89317	SAX_RV_FREEWALL	5	1.0	16
2.11435	-26.18827	-79.92086	SAX_RV_FREEWALL	5	1.0	16
-0.11334	-26.18827	-81.63770	SAX_RV_FREEWALL	5	1.0	16
-2.87215	-27.29304	-82.66539	SAX_RV_FREEWALL	5	1.0	16
-5.09984	-27.29304	-84.38224	SAX_RV_FREEWALL	5	1.0	16
-7.85864	-28.39781	-85.40993	SAX_RV_FREEWALL	5	1.0	16
-10.61745	-29.50258	-86.43762	SAX_RV_FREEWALL	5	1.0	16
-13.37626	-30.60735	-87.46531	SAX_RV_FREEWALL	5	1.0	16
-15.60395	-30.60736	-89.18215	SAX_RV_FREEWALL	5	1.0	16
-17.83164	-30.60736	-90.89900	SAX_RV_FREEWALL	5	1.0	16
-25.57695	-32.81690	-94.67122	SAX_RV_EPICARDIAL	5	1.0	16
-26.74239	-30.60737	-97.76638	SAX_RV_EPICARDIAL	5	1.0	16
-25.68015	-28.39783	-99.14469	SAX_RV_EPICARDIAL	5	1.0	16
-24.61791	-26.18829	-100.52301	SAX_RV_EPICARDIAL	5	1.0	16
-22.44182	-23.97876	-101.04290	SAX_RV_EPICARDIAL	5	1.0	16
-20.26574	-21.76922	-101.56279	SAX_RV_EPICARDIAL	5	1.0	16
-16.97581	-19.55968	-101.22426	SAX_RV_EPICARDIAL	5	1.0	16
-13.68588	-17.35014	-100.88572	SAX_RV_EPICARDIAL	5	1.0	16
-11.50979	-15.14060	-101.40561	SAX_RV_EPICARDIAL	5	1.0	16
-8.21986	-12.93107	-101.06708	SAX_RV_EPICARDIAL	5	1.0	16
-4.92993	-10.72153	-100.72855	SAX_RV_EPICARDIAL	5	1.0	16
-1.64000	-8.51199	-100.39002	SAX_RV_EPICARDIAL	5	1.0	16
1.11881	-7.40722	-99.36233	SAX_RV_EPICARDIAL	5	1.0	16
4.40874	-5.19768	-99.02380	SAX_RV_EPICARDIAL	5	1.0	16
7.16755	-4.09291	-97.99611	SAX_RV_EPICARDIAL	5	1.0	16
9.92636	-2.98814	-96.96842	SAX_RV_EPICARDIAL	5	1.0	16
12.68517	-1.88337	-95.94073	SAX_RV_EPICARDIAL	5	1.0	16
14.91286	-1.88337	-94.22388	SAX_RV_EPICARDIAL	5	1.0	16
13.85061	-4.09290	-92.84557	SAX_RV_EPICARDIAL	5	1.0	16
11.67453	-6.30244	-92.32568	SAX_RV_EPICARDIAL	5	1.0	16
13.20119	-23.97872	-73.57337	SAX_RV_EPICARDIAL	5	1.0	16
12.13895	-26.18826	-72.19505	SAX_RV_EPICARDIAL	5	1.0	16
9.38014	-27.29303	-73.22274	SAX_RV_EPICARDIAL	5	1.0	16
7.15245	-27.29303	-74.93959	SAX_RV_EPICARDIAL	5	1.0	16
4.39364	-28.39780	-75.96728	SAX_RV_EPICARDIAL	5	1.0	16
2.16595	-28.39780	-77.68412	SAX_RV_EPICARDIAL	5	1.0	16
-0.59286	-29.50257	-78.71181	SAX_RV_EPICARDIAL	5	1.0	16
-2.82054	-29.50258	-80.42866	SAX_RV_EPICARDIAL	5	1.0	16
-5.57935	-30.60735	-81.45635	SAX_RV_EPICARDIAL	5	1.0	16
-8.33816	-31.71212	-82.48404	SAX_RV_EPICARDIAL	5	1.0	16
-11.09697	-32.81689	-83.51172	SAX_RV_EPICARDIAL	5	1.0	16
-13.32466	-32.81689	-85.22857	SAX_RV_EPICARDIAL	5	1.0	16
-15.55235	-32.81689	-86.94542	SAX_RV_EPICARDIAL	5	1.0	16
-17.78004	-32.81689	-88.66226	SAX_RV_EPICARDIAL	5	1.0	16
-20.00773	-32.81690	-90.37911	SAX_RV_EPICARDIAL	5	1.0	16
-22.23542	-32.81690	-92.09595	SAX_RV_EPICARDIAL	5	1.0	16
-24.46310	-32.81690	-93.81280	SAX_RV_EPICARDIAL	5	1.0	16
11.67453	-6.30244	-92.32568	SAX_RV_SEPTUM	5	1.0	16
11.72613	-8.51197	-90.08894	SAX_RV_SEPTUM	5	1.0	16
10.66389	-10.72151	-88.71063	SAX_RV_SEPTUM	5	1.0	16
9.60165	-12.93105	-87.33232	SAX_RV_SEPTUM	5	1.0	16
9.65325	-15.14058	-85.09558	SAX_RV_SEPTUM	5	1.0	16
9.70485	-17.35012	-82.85884	SAX_RV_SEPTUM	5	1.0	16
10.87030	-19.55965	-79.76369	SAX_RV_SEPTUM	5	1.0	16
12.03574	-21.76919	-76.66853	SAX_RV_SEPTUM	5	1.0	16
12.08735	-23.97872	-74.43179	SAX_RV_SEPTUM	5	1.0	16
9.85966	-23.97873	-76.14864	SAX_RV_SEPTUM	5	1.0	16
19.93586	-26.18825	-66.18609	SAX_LV_EPICARDIAL	5	1.0	16
18.23929	-25.08348	-68.59210	SAX_LV_EPICARDIAL	5	1.0	16
16.01160	-25.08349	-70.30894	SAX_LV_EPICARDIAL	5	1.0	16
17.14054	-1.88336	-92.50704	SAX_LV_EPICARDIAL	5	1.0	16
19.31663	0.32617	-93.02693	SAX_LV_EPICARDIAL	5	1.0	16
22.60656	2.53571	-92.68840	SAX_LV_EPICARDIAL	5	1.0	16
25.89649	4.74525	-92.34986	SAX_LV_EPICARDIAL	5	1.0	16
28.65530	5.85002	-91.32218	SAX_LV_EPICARDIAL	5	1.0	16
31.41411	6.95479	-90.29449	SAX_LV_EPICARDIAL	5	1.0	16
34.17292	8.05956	-89.26680	SAX_LV_EPICARDIAL	5	1.0	16
36.40061	8.05957	-87.54995	SAX_LV_EPICARDIAL	5	1.0	16
39.15942	9.16434	-86.52226	SAX_LV_EPICARDIAL	5	1.0	16
41.38711	9.16434	-84.80542	SAX_LV_EPICARDIAL	5	1.0	16
43.61479	9.16434	-83.08857	SAX_LV_EPICARDIAL	5	1.0	16
45.31136	8.05957	-80.68257	SAX_LV_EPICARDIAL	5	1.0	16
47.53905	8.05958	-78.96572	SAX_LV_EPICARDIAL	5	1.0	16
49.76674	8.05958	-77.24888	SAX_LV_EPICARDIAL	5	1.0	16
51.46331	6.95481	-74.84288	SAX_LV_EPICARDIAL	5	1.0	16
53.15987	5.85005	-72.43687	SAX_LV_EPICARDIAL	5	1.0	16
54.32532	3.64051	-69.34171	SAX_LV_EPICARDIAL	5	1.0	16
55.49077	1.43098	-66.24656	SAX_LV_EPICARDIAL	5	1.0	16
55.54237	-0.77856	-64.00982	SAX_LV_EPICARDIAL	5	1.0	16
55.59397	-2.98809	-61.77308	SAX_LV_EPICARDIAL	5	1.0	16
54.53173	-5.19763	-60.39477	SAX_LV_EPICARDIAL	5	1.0	16
54.58333	-7.40716	-58.15803	SAX_LV_EPICARDIAL	5	1.0	16
52.40725	-9.61670	-57.63814	SAX_LV_EPICARDIAL	5	1.0	16
51.34500	-11.82624	-56.25983	SAX_LV_EPICARDIAL	5	1.0	16
50.28276	-14.03578	-54.88152	SAX_LV_EPICARDIAL	5	1.0	16
48.10668	-16.24531	-54.36163	SAX_LV_EPICARDIAL	5	1.0	16
44.81674	-18.45485	-54.70016	SAX_LV_EPICARDIAL	5	1.0	16
41.52681	-20.66439	-55.03869	SAX_LV_EPICARDIAL	5	1.0	16
38.23688	-22.87393	-55.37722	SAX_LV_EPICARDIAL	5	1.0	16
35.47808	-23.97870	-56.40491	SAX_LV_EPICARDIAL	5	1.0	16
32.71927	-25.08347	-57.43260	SAX_LV_EPICARDIAL	5	1.0	16
30.49158	-25.08347	-59.14945	SAX_LV_EPICARDIAL	5	1.0	16
28.26389	-25.08347	-60.86629	SAX_LV_EPICARDIAL	5	1.0	16
25.50508	-26.18825	-61.89398	SAX_LV_EPICARDIAL	5	1.0	16
23.27739	-26.18825	-63.61083	SAX_LV_EPICARDIAL	5	1.0	16
21.04970	-26.18825	-65.32767	SAX_LV_EPICARDIAL	5	1.0	16
22.00874	-19.55964	-71.17946	SAX_LV_ENDOCARDIAL	5	1.0	16
20.31217	-18.45488	-73.58546	SAX_LV_ENDOCARDIAL	5	1.0	16
18.61560	-17.35011	-75.99146	SAX_LV_ENDOCARDIAL	5	1.0	16
17.45016	-15.14058	-79.08662	SAX_LV_ENDOCARDIAL	5	1.0	16
16.28471	-12.93104	-82.18178	SAX_LV_ENDOCARDIAL	5	1.0	16
16.23311	-10.72151	-84.41852	SAX_LV_ENDOCARDIAL	5	1.0	16
17.29535	-8.51197	-85.79683	SAX_LV_ENDOCARDIAL	5	1.0	16
18.35759	-6.30243	-87.17514	SAX_LV_ENDOCARDIAL	5	1.0	16
20.53368	-4.09289	-87.69503	SAX_LV_ENDOCARDIAL	5	1.0	16
22.70977	-1.88336	-88.21492	SAX_LV_ENDOCARDIAL	5	1.0	16
25.99970	0.32618	-87.87639	SAX_LV_ENDOCARDIAL	5	1.0	16
28.75850	1.43095	-86.84870	SAX_LV_ENDOCARDIAL	5	1.0	16
31.51731	2.53572	-85.82101	SAX_LV_ENDOCARDIAL	5	1.0	16
34.27612	3.64049	-84.79333	SAX_LV_ENDOCARDIAL	5	1.0	16
36.50381	3.64050	-83.07648	SAX_LV_ENDOCARDIAL	5	1.0	16
38.73150	3.64050	-81.35963	SAX_LV_ENDOCARDIAL	5	1.0	16
40.95919	3.64050	-79.64279	SAX_LV_ENDOCARDIAL	5	1.0	16
43.18688	3.64050	-77.92594	SAX_LV_ENDOCARDIAL	5	1.0	16
44.88344	2.53574	-75.51994	SAX_LV_ENDOCARDIAL	5	1.0	16
47.11113	2.53574	-73.80309	SAX_LV_ENDOCARDIAL	5	1.0	16
48.27658	0.32620	-70.70794	SAX_LV_ENDOCARDIAL	5	1.0	16
49.44203	-1.88333	-67.61278	SAX_LV_ENDOCARDIAL	5	1.0	16
49.49363	-4.09287	-65.37604	SAX_LV_ENDOCARDIAL	5	1.0	16
48.43139	-6.30240	-63.99773	SAX_LV_ENDOCARDIAL	5	1.0	16
47.36914	-8.51194	-62.61941	SAX_LV_ENDOCARDIAL	5	1.0	16
46.30690	-10.72148	-61.24110	SAX_LV_ENDOCARDIAL	5	1.0	16
44.13082	-12.93101	-60.72121	SAX_LV_ENDOCARDIAL	5	1.0	16
40.84089	-15.14055	-61.05974	SAX_LV_ENDOCARDIAL	5	1.0	16
37.55096	-17.35009	-61.39827	SAX_LV_ENDOCARDIAL	5	1.0	16
34.79215	-18.45486	-62.42596	SAX_LV_ENDOCARDIAL	5	1.0	16
32.03334	-19.55963	-63.45365	SAX_LV_ENDOCARDIAL	5	1.0	16
29.80565	-19.55963	-65.17050	SAX_LV_ENDOCARDIAL	5	1.0	16
27.57796	-19.55964	-66.88734	SAX_LV_ENDOCARDIAL	5	1.0	16
25.35027	-19.55964	-68.60419	SAX_LV_ENDOCARDIAL	5	1.0	16
23.12258	-19.55964	-70.32103	SAX_LV_ENDOCARDIAL	5	1.0	16
9.97796	-5.19767	-94.73168	RV_INSERT	5	1.0	16
12.08735	-23.97872	-74.43179	RV_INSERT	5	1.0	16
8.70037	-27.19736	-102.28781	SAX_RV_FREEWALL	6	1.0	16
7.53493	-24.98783	-105.38297	SAX_RV_FREEWALL	6	1.0	16
8.59717	-22.77829	-106.76128	SAX_RV_FREEWALL	6	1.0	16
10.77326	-20.56875	-107.28117	SAX_RV_FREEWALL	6	1.0	16
13.53206	-19.46398	-106.25348	SAX_RV_FREEWALL	6	1.0	16
16.29087	-18.35921	-105.22579	SAX_RV_FREEWALL	6	1.0	16
19.04968	-17.25444	-104.19810	SAX_RV_FREEWALL	6	1.0	16
20.74625	-18.35921	-101.79210	SAX_RV_FREEWALL	6	1.0	16
17.61113	-27.19735	-95.42042	SAX_RV_FREEWALL	6	1.0	16
15.38344	-27.19735	-97.13727	SAX_RV_FREEWALL	6	1.0	16
13.15575	-27.19736	-98.85412	SAX_RV_FREEWALL	6	1.0	16
10.92806	-27.19736	-100.57096	SAX_RV_FREEWALL	6	1.0	16
5.41044	-29.40690	-102.62634	SAX_RV_EPICARDIAL	6	1.0	16
4.24500	-27.19736	-105.72150	SAX_RV_EPICARDIAL	6	1.0	16
4.19339	-24.98783	-107.95823	SAX_RV_EPICARDIAL	6	1.0	16
5.25564	-22.77829	-109.33655	SAX_RV_EPICARDIAL	6	1.0	16
7.43172	-20.56876	-109.85644	SAX_RV_EPICARDIAL	6	1.0	16
10.72165	-18.35922	-109.51791	SAX_RV_EPICARDIAL	6	1.0	16
13.48046	-17.25445	-108.49022	SAX_RV_EPICARDIAL	6	1.0	16
16.23927	-16.14968	-107.46253	SAX_RV_EPICARDIAL	6	1.0	16
18.46696	-16.14967	-105.74568	SAX_RV_EPICARDIAL	6	1.0	16
20.69465	-16.14967	-104.02884	SAX_RV_EPICARDIAL	6	1.0	16
22.92234	-16.14967	-102.31199	SAX_RV_EPICARDIAL	6	1.0	16
21.86010	-18.35921	-100.93368	SAX_RV_EPICARDIAL	6	1.0	16
22.01490	-24.98781	-94.22347	SAX_RV_EPICARDIAL	6	1.0	16
20.42154	-28.30212	-92.15600	SAX_RV_EPICARDIAL	6	1.0	16
17.66273	-29.40689	-93.18369	SAX_RV_EPICARDIAL	6	1.0	16
15.43504	-29.40689	-94.90053	SAX_RV_EPICARDIAL	6	1.0	16
13.20735	-29.40689	-96.61738	SAX_RV_EPICARDIAL	6	1.0	16
10.97966	-29.40689	-98.33422	SAX_RV_EPICARDIAL	6	1.0	16
8.75198	-29.40690	-100.05107	SAX_RV_EPICARDIAL	6	1.0	16
6.52429	-29.40690	-101.76792	SAX_RV_EPICARDIAL	6	1.0	16
22.44282	-19.46397	-99.38610	SAX_RV_SEPTUM	6	1.0	16
22.49442	-21.67351	-97.14936	SAX_RV_SEPTUM	6	1.0	16
21.43218	-23.88304	-95.77105	SAX_RV_SEPTUM	6	1.0	16
20.36994	-26.09258	-94.39273	SAX_RV_SEPTUM	6	1.0	16
29.38390	-30.51164	-83.05188	SAX_LV_EPICARDIAL	6	1.0	16
27.68733	-29.40688	-85.45788	SAX_LV_EPICARDIAL	6	1.0	16
25.99076	-28.30211	-87.86388	SAX_LV_EPICARDIAL	6	1.0	16
23.76307	-28.30211	-89.58073	SAX_LV_EPICARDIAL	6	1.0	16
23.71147	-26.09258	-91.81747	SAX_LV_EPICARDIAL	6	1.0	16
25.68115	-15.04490	-101.28430	SAX_LV_EPICARDIAL	6	1.0	16
27.85723	-12.83536	-101.80419	SAX_LV_EPICARDIAL	6	1.0	16
30.03332	-10.62582	-102.32408	SAX_LV_EPICARDIAL	6	1.0	16
32.79213	-9.52105	-101.29639	SAX_LV_EPICARDIAL	6	1.0	16
35.55094	-8.41628	-100.26871	SAX_LV_EPICARDIAL	6	1.0	16
38.30975	-7.31151	-99.24102	SAX_LV_EPICARDIAL	6	1.0	16
41.06856	-6.20674	-98.21333	SAX_LV_EPICARDIAL	6	1.0	16
43.29624	-6.20674	-96.49648	SAX_LV_EPICARDIAL	6	1.0	16
45.52393	-6.20674	-94.77964	SAX_LV_EPICARDIAL	6	1.0	16
47.22050	-7.31150	-92.37363	SAX_LV_EPICARDIAL	6	1.0	16
48.91707	-8.41627	-89.96763	SAX_LV_EPICARDIAL	6	1.0	16
50.61364	-9.52103	-87.56163	SAX_LV_EPICARDIAL	6	1.0	16
50.66524	-11.73057	-85.32489	SAX_LV_EPICARDIAL	6	1.0	16
50.71684	-13.94011	-83.08816	SAX_LV_EPICARDIAL	6	1.0	16
50.76844	-16.14964	-80.85142	SAX_LV_EPICARDIAL	6	1.0	16
49.70620	-18.35918	-79.47311	SAX_LV_EPICARDIAL	6	1.0	16
48.64396	-20.56871	-78.09479	SAX_LV_EPICARDIAL	6	1.0	16
47.58172	-22.77825	-76.71648	SAX_LV_EPICARDIAL	6	1.0	16
45.40563	-24.98779	-76.19659	SAX_LV_EPICARDIAL	6	1.0	16
42.11570	-27.19733	-76.53512	SAX_LV_EPICARDIAL	6	1.0	16
39.35689	-28.30210	-77.56281	SAX_LV_EPICARDIAL	6	1.0	16
36.59808	-29.40687	-78.59050	SAX_LV_EPICARDIAL	6	1.0	16
34.37039	-29.40687	-80.30735	SAX_LV_EPICARDIAL	6	1.0	16
31.61158	-30.51164	-81.33503	SAX_LV_EPICARDIAL	6	1.0	16
30.92566	-24.98780	-87.35609	SAX_LV_ENDOCARDIAL	6	1.0	16
29.22909	-23.88304	-89.76209	SAX_LV_ENDOCARDIAL	6	1.0	16
28.06364	-21.67350	-92.85725	SAX_LV_ENDOCARDIAL	6	1.0	16
28.01204	-19.46397	-95.09398	SAX_LV_ENDOCARDIAL	6	1.0	16
27.96044	-17.25443	-97.33072	SAX_LV_ENDOCARDIAL	6	1.0	16
30.13652	-15.04489	-97.85061	SAX_LV_ENDOCARDIAL	6	1.0	16
32.31261	-12.83536	-98.37050	SAX_LV_ENDOCARDIAL	6	1.0	16
35.60254	-10.62582	-98.03197	SAX_LV_ENDOCARDIAL	6	1.0	16
38.36135	-9.52105	-97.00428	SAX_LV_ENDOCARDIAL	6	1.0	16
40.58904	-9.52104	-95.28743	SAX_LV_ENDOCARDIAL	6	1.0	16
42.28560	-10.62581	-92.88143	SAX_LV_ENDOCARDIAL	6	1.0	16
44.51329	-10.62581	-91.16459	SAX_LV_ENDOCARDIAL	6	1.0	16
45.67874	-12.83534	-88.06943	SAX_LV_ENDOCARDIAL	6	1.0	16
45.73034	-15.04488	-85.83269	SAX_LV_ENDOCARDIAL	6	1.0	16
44.66810	-17.25441	-84.45438	SAX_LV_ENDOCARDIAL	6	1.0	16
44.71970	-19.46395	-82.21764	SAX_LV_ENDOCARDIAL	6	1.0	16
42.54362	-21.67349	-81.69775	SAX_LV_ENDOCARDIAL	6	1.0	16
40.36753	-23.88303	-81.17786	SAX_LV_ENDOCARDIAL	6	1.0	16
37.60872	-24.98780	-82.20555	SAX_LV_ENDOCARDIAL	6	1.0	16
35.38103	-24.98780	-83.92240	SAX_LV_ENDOCARDIAL	6	1.0	16
33.15334	-24.98780	-85.63924	SAX_LV_ENDOCARDIAL	6	1.0	16
20.74625	-18.35921	-101.79210	RV_INSERT	6	1.0	16
20.36994	-26.09258	-94.39273	RV_INSERT	6	1.0	16
10.19282	17.04881	-19.90304	LAX_LV_ENDOCARDIAL	9	1.0	16
11.99561	14.88047	-21.29443	LAX_LV_ENDOCARDIAL	9	1.0	16
13.79840	12.71214	-22.68582	LAX_LV_ENDOCARDIAL	9	1.0	16
15.54615	10.50865	-22.67247	LAX_LV_ENDOCARDIAL	9	1.0	16
17.29389	8.30517	-22.65912	LAX_LV_ENDOCARDIAL	9	1.0	16
19.04164	6.10168	-22.64578	LAX_LV_ENDOCARDIAL	9	1.0	16
20.78939	3.89819	-22.63243	LAX_LV_ENDOCARDIAL	9	1.0	16
22.59218	1.72986	-24.02382	LAX_LV_ENDOCARDIAL	9	1.0	16
24.33993	-0.47363	-24.01047	LAX_LV_ENDOCARDIAL	9	1.0	16
26.14272	-2.64197	-25.40186	LAX_LV_ENDOCARDIAL	9	1.0	16
28.00055	-4.77515	-28.19798	LAX_LV_ENDOCARDIAL	9	1.0	16
29.85839	-6.90833	-30.99410	LAX_LV_ENDOCARDIAL	9	1.0	16
31.71622	-9.04151	-33.79022	LAX_LV_ENDOCARDIAL	9	1.0	16
31.82631	-8.97121	-36.59968	LAX_LV_ENDOCARDIAL	9	1.0	16
32.81028	-10.00265	-39.40248	LAX_LV_ENDOCARDIAL	9	1.0	16
33.79424	-11.03409	-42.20527	LAX_LV_ENDOCARDIAL	9	1.0	16
34.77820	-12.06553	-45.00806	LAX_LV_ENDOCARDIAL	9	1.0	16
35.76216	-13.09697	-47.81085	LAX_LV_ENDOCARDIAL	9	1.0	16
35.87225	-13.02667	-50.62032	LAX_LV_ENDOCARDIAL	9	1.0	16
36.85621	-14.05811	-53.42311	LAX_LV_ENDOCARDIAL	9	1.0	16
37.84018	-15.08954	-56.22590	LAX_LV_ENDOCARDIAL	9	1.0	16
38.82414	-16.12098	-59.02870	LAX_LV_ENDOCARDIAL	9	1.0	16
39.80810	-17.15242	-61.83149	LAX_LV_ENDOCARDIAL	9	1.0	16
39.91819	-17.08212	-64.64095	LAX_LV_ENDOCARDIAL	9	1.0	16
40.90215	-18.11356	-67.44375	LAX_LV_ENDOCARDIAL	9	1.0	16
41.88612	-19.14500	-70.24654	LAX_LV_ENDOCARDIAL	9	1.0	16
41.99620	-19.07470	-73.05600	LAX_LV_ENDOCARDIAL	9	1.0	16
42.10629	-19.00439	-75.86547	LAX_LV_ENDOCARDIAL	9	1.0	16
43.09026	-20.03583	-78.66826	LAX_LV_ENDOCARDIAL	9	1.0	16
43.20035	-19.96553	-81.47773	LAX_LV_ENDOCARDIAL	9	1.0	16
43.31043	-19.89522	-84.28719	LAX_LV_ENDOCARDIAL	9	1.0	16
43.42052	-19.82492	-87.09666	LAX_LV_ENDOCARDIAL	9	1.0	16
42.65674	-18.65287	-89.91280	LAX_LV_ENDOCARDIAL	9	1.0	16
42.76683	-18.58257	-92.72226	LAX_LV_ENDOCARDIAL	9	1.0	16
42.00304	-17.41052	-95.53840	LAX_LV_ENDOCARDIAL	9	1.0	16
41.23926	-16.23848	-98.35454	LAX_LV_ENDOCARDIAL	9	1.0	16
39.54656	-13.99984	-99.77262	LAX_LV_ENDOCARDIAL	9	1.0	16
37.79881	-11.79635	-99.78596	LAX_LV_ENDOCARDIAL	9	1.0	16
35.99602	-9.62801	-98.39458	LAX_LV_ENDOCARDIAL	9	1.0	16
34.19323	-7.45968	-97.00319	LAX_LV_ENDOCARDIAL	9	1.0	16
32.39044	-5.29134	-95.61180	LAX_LV_ENDOCARDIAL	9	1.0	16
30.58765	-3.12301	-94.22041	LAX_LV_ENDOCARDIAL	9	1.0	16
28.78486	-0.95467	-92.82903	LAX_LV_ENDOCARDIAL	9	1.0	16
26.98206	1.21366	-91.43764	LAX_LV_ENDOCARDIAL	9	1.0	16
25.17927	3.38200	-90.04625	LAX_LV_ENDOCARDIAL	9	1.0	16
23.37648	5.55033	-88.65487	LAX_LV_ENDOCARDIAL	9	1.0	16
21.62874	7.75382	-88.66821	LAX_LV_ENDOCARDIAL	9	1.0	16
19.82594	9.92215	-87.27683	LAX_LV_ENDOCARDIAL	9	1.0	16
18.02315	12.09049	-85.88544	LAX_LV_ENDOCARDIAL	9	1.0	16
16.27541	14.29397	-85.89879	LAX_LV_ENDOCARDIAL	9	1.0	16
14.47262	16.46231	-84.50740	LAX_LV_ENDOCARDIAL	9	1.0	16
12.66982	18.63064	-83.11601	LAX_LV_ENDOCARDIAL	9	1.0	16
10.81199	20.76383	-80.31989	LAX_LV_ENDOCARDIAL	9	1.0	16
9.00920	22.93216	-78.92850	LAX_LV_ENDOCARDIAL	9	1.0	16
7.20641	25.10050	-77.53712	LAX_LV_ENDOCARDIAL	9	1.0	16
5.40362	27.26883	-76.14573	LAX_LV_ENDOCARDIAL	9	1.0	16
3.60082	29.43717	-74.75434	LAX_LV_ENDOCARDIAL	9	1.0	16
1.74299	31.57035	-71.95822	LAX_LV_ENDOCARDIAL	9	1.0	16
0.75903	32.60179	-69.15543	LAX_LV_ENDOCARDIAL	9	1.0	16
-0.22494	33.63323	-66.35264	LAX_LV_ENDOCARDIAL	9	1.0	16
-2.08277	35.76641	-63.55652	LAX_LV_ENDOCARDIAL	9	1.0	16
-3.06673	36.79785	-60.75373	LAX_LV_ENDOCARDIAL	9	1.0	16
-4.92457	38.93104	-57.95761	LAX_LV_ENDOCARDIAL	9	1.0	16
7.57120	20.35404	-19.92306	LAX_LV_ENDOCARDIAL	9	1.0	16
9.31895	18.15055	-19.90971	LAX_LV_ENDOCARDIAL	9	1.0	16
15.16084	10.26259	-12.83934	LAX_LV_EPICARDIAL	9	1.0	16
16.96363	8.09425	-14.23073	LAX_LV_EPICARDIAL	9	1.0	16
18.71137	5.89077	-14.21738	LAX_LV_EPICARDIAL	9	1.0	16
20.51417	3.72243	-15.60877	LAX_LV_EPICARDIAL	9	1.0	16
22.26191	1.51895	-15.59542	LAX_LV_EPICARDIAL	9	1.0	16
24.06470	-0.64939	-16.98681	LAX_LV_EPICARDIAL	9	1.0	16
25.86749	-2.81772	-18.37820	LAX_LV_EPICARDIAL	9	1.0	16
27.67029	-4.98606	-19.76958	LAX_LV_EPICARDIAL	9	1.0	16
29.47308	-7.15439	-21.16097	LAX_LV_EPICARDIAL	9	1.0	16
31.33091	-9.28758	-23.95709	LAX_LV_EPICARDIAL	9	1.0	16
33.18875	-11.42076	-26.75321	LAX_LV_EPICARDIAL	9	1.0	16
34.17271	-12.45220	-29.55600	LAX_LV_EPICARDIAL	9	1.0	16
35.15667	-13.48364	-32.35879	LAX_LV_EPICARDIAL	9	1.0	16
36.14063	-14.51508	-35.16159	LAX_LV_EPICARDIAL	9	1.0	16
37.12460	-15.54652	-37.96438	LAX_LV_EPICARDIAL	9	1.0	16
38.10856	-16.57796	-40.76717	LAX_LV_EPICARDIAL	9	1.0	16
39.09252	-17.60940	-43.56996	LAX_LV_EPICARDIAL	9	1.0	16
40.07648	-18.64084	-46.37276	LAX_LV_EPICARDIAL	9	1.0	16
41.06045	-19.67228	-49.17555	LAX_LV_EPICARDIAL	9	1.0	16
41.17054	-19.60197	-51.98501	LAX_LV_EPICARDIAL	9	1.0	16
42.15450	-20.63341	-54.78781	LAX_LV_EPICARDIAL	9	1.0	16
43.13846	-21.66485	-57.59060	LAX_LV_EPICARDIAL	9	1.0	16
44.12242	-22.69629	-60.39339	LAX_LV_EPICARDIAL	9	1.0	16
44.23251	-22.62599	-63.20286	LAX_LV_EPICARDIAL	9	1.0	16
45.21647	-23.65743	-66.00565	LAX_LV_EPICARDIAL	9	1.0	16
45.32656	-23.58713	-68.81511	LAX_LV_EPICARDIAL	9	1.0	16
46.31053	-24.61857	-71.61791	LAX_LV_EPICARDIAL	9	1.0	16
46.42062	-24.54826	-74.42737	LAX_LV_EPICARDIAL	9	1.0	16
46.53070	-24.47796	-77.23684	LAX_LV_EPICARDIAL	9	1.0	16
46.64079	-24.40765	-80.04630	LAX_LV_EPICARDIAL	9	1.0	16
46.75088	-24.33735	-82.85577	LAX_LV_EPICARDIAL	9	1.0	16
45.98710	-23.16530	-85.67191	LAX_LV_EPICARDIAL	9	1.0	16
46.09719	-23.09500	-88.48137	LAX_LV_EPICARDIAL	9	1.0	16
45.33340	-21.92295	-91.29751	LAX_LV_EPICARDIAL	9	1.0	16
45.44349	-21.85265	-94.10698	LAX_LV_EPICARDIAL	9	1.0	16
44.67971	-20.68060	-96.92311	LAX_LV_EPICARDIAL	9	1.0	16
43.91592	-19.50855	-99.73925	LAX_LV_EPICARDIAL	9	1.0	16
43.15214	-18.33651	-102.55539	LAX_LV_EPICARDIAL	9	1.0	16
41.45944	-16.09787	-103.97347	LAX_LV_EPICARDIAL	9	1.0	16
39.71169	-13.89438	-103.98681	LAX_LV_EPICARDIAL	9	1.0	16
37.96395	-11.69089	-104.00016	LAX_LV_EPICARDIAL	9	1.0	16
36.21620	-9.48741	-104.01351	LAX_LV_EPICARDIAL	9	1.0	16
34.41341	-7.31907	-102.62212	LAX_LV_EPICARDIAL	9	1.0	16
32.61062	-5.15074	-101.23073	LAX_LV_EPICARDIAL	9	1.0	16
30.80783	-2.98240	-99.83935	LAX_LV_EPICARDIAL	9	1.0	16
29.00503	-0.81407	-98.44796	LAX_LV_EPICARDIAL	9	1.0	16
27.25729	1.38942	-98.46130	LAX_LV_EPICARDIAL	9	1.0	16
25.45450	3.55775	-97.06992	LAX_LV_EPICARDIAL	9	1.0	16
23.70675	5.76124	-97.08326	LAX_LV_EPICARDIAL	9	1.0	16
21.90396	7.92958	-95.69188	LAX_LV_EPICARDIAL	9	1.0	16
20.10117	10.09791	-94.30049	LAX_LV_EPICARDIAL	9	1.0	16
18.35342	12.30140	-94.31384	LAX_LV_EPICARDIAL	9	1.0	16
16.55063	14.46973	-92.92245	LAX_LV_EPICARDIAL	9	1.0	16
14.74784	16.63807	-91.53106	LAX_LV_EPICARDIAL	9	1.0	16
13.00009	18.84156	-91.54441	LAX_LV_EPICARDIAL	9	1.0	16
11.19730	21.00989	-90.15302	LAX_LV_EPICARDIAL	9	1.0	16
9.39451	23.17823	-88.76163	LAX_LV_EPICARDIAL	9	1.0	16
7.59172	25.34656	-87.37025	LAX_LV_EPICARDIAL	9	1.0	16
5.78893	27.51490	-85.97886	LAX_LV_EPICARDIAL	9	1.0	16
3.98614	29.68323	-84.58747	LAX_LV_EPICARDIAL	9	1.0	16
2.18335	31.85157	-83.19609	LAX_LV_EPICARDIAL	9	1.0	16
0.38055	34.01990	-81.80470	LAX_LV_EPICARDIAL	9	1.0	16
-1.47728	36.15308	-79.00858	LAX_LV_EPICARDIAL	9	1.0	16
-3.28007	38.32142	-77.61719	LAX_LV_EPICARDIAL	9	1.0	16
-4.26403	39.35286	-74.81440	LAX_LV_EPICARDIAL	9	1.0	16
-6.12187	41.48604	-72.01828	LAX_LV_EPICARDIAL	9	1.0	16
-6.23196	41.41574	-69.20882	LAX_LV_EPICARDIAL	9	1.0	16
-7.21592	42.44718	-66.40602	LAX_LV_EPICARDIAL	9	1.0	16
-7.32601	42.37687	-63.59656	LAX_LV_EPICARDIAL	9	1.0	16
-7.43610	42.30657	-60.78709	LAX_LV_EPICARDIAL	9	1.0	16
-6.67232	41.13452	-57.97095	LAX_LV_EPICARDIAL	9	1.0	16
-4.92457	38.93104	-57.95761	LAX_LV_EPICARDIAL	9	1.0	16
5.71336	22.48722	-17.12694	LAX_LV_EPICARDIAL	9	1.0	16
7.40607	20.24858	-15.70886	LAX_LV_EPICARDIAL	9	1.0	16
9.09877	18.00994	-14.29078	LAX_LV_EPICARDIAL	9	1.0	16
10.79147	15.77131	-12.87271	LAX_LV_EPICARDIAL	9	1.0	16
12.53922	13.56782	-12.85936	LAX_LV_EPICARDIAL	9	1.0	16
14.28696	11.36433	-12.84601	LAX_LV_EPICARDIAL	9	1.0	16
-4.16079	37.75899	-55.14147	MITRAL_VALVE	9	1.0	16
4.94958	23.65927	-19.94308	MITRAL_VALVE	9	1.0	16
-31.94176	-10.52195	-0.97588	LAX_RV_FREEWALL	8	1.0	1.0
-30.69571	-13.23885	-3.60002	LAX_RV_FREEWALL	8	1.0	1.0
-29.17074	-14.59730	-5.99100	LAX_RV_FREEWALL	8	1.0	1.0
-27.64577	-15.95575	-8.38198	LAX_RV_FREEWALL	8	1.0	1.0
-26.12080	-17.31420	-10.77296	LAX_RV_FREEWALL	8	1.0	1.0
-24.31692	-17.31420	-12.93077	LAX_RV_FREEWALL	8	1.0	1.0
-22.79195	-18.67265	-15.32175	LAX_RV_FREEWALL	8	1.0	1.0
-21.26699	-20.03110	-17.71273	LAX_RV_FREEWALL	8	1.0	1.0
-19.74202	-21.38955	-20.10371	LAX_RV_FREEWALL	8	1.0	1.0
-18.21705	-22.74800	-22.49469	LAX_RV_FREEWALL	8	1.0	1.0
-16.69208	-24.10645	-24.88567	LAX_RV_FREEWALL	8	1.0	1.0
-14.88820	-24.10646	-27.04349	LAX_RV_FREEWALL	8	1.0	1.0
-13.08432	-24.10646	-29.20131	LAX_RV_FREEWALL	8	1.0	1.0
-11.28044	-24.10646	-31.35912	LAX_RV_FREEWALL	8	1.0	1.0
-9.47655	-24.10646	-33.51694	LAX_RV_FREEWALL	8	1.0	1.0
-7.67267	-24.10646	-35.67476	LAX_RV_FREEWALL	8	1.0	1.0
-5.58988	-22.74802	-37.59941	LAX_RV_FREEWALL	8	1.0	1.0
-3.78600	-22.74802	-39.75723	LAX_RV_FREEWALL	8	1.0	1.0
-2.26103	-24.10647	-42.14821	LAX_RV_FREEWALL	8	1.0	1.0
-0.45715	-24.10647	-44.30603	LAX_RV_FREEWALL	8	1.0	1.0
1.06782	-25.46492	-46.69701	LAX_RV_FREEWALL	8	1.0	1.0
2.87170	-25.46492	-48.85483	LAX_RV_FREEWALL	8	1.0	1.0
4.95450	-24.10648	-50.77948	LAX_RV_FREEWALL	8	1.0	1.0
6.75838	-24.10648	-52.93730	LAX_RV_FREEWALL	8	1.0	1.0
-13.06621	-6.44662	-21.85457	LAX_RV_FREEWALL	8	1.0	1.0
-14.87009	-6.44662	-19.69675	LAX_RV_FREEWALL	8	1.0	1.0
-16.67398	-6.44662	-17.53893	LAX_RV_FREEWALL	8	1.0	1.0
-18.47786	-6.44662	-15.38111	LAX_RV_FREEWALL	8	1.0	1.0
-20.00283	-5.08816	-12.99013	LAX_RV_FREEWALL	8	1.0	1.0
-21.80671	-5.08816	-10.83232	LAX_RV_FREEWALL	8	1.0	1.0
-23.33168	-3.72971	-8.44134	LAX_RV_FREEWALL	8	1.0	1.0
-25.41447	-5.08816	-6.51668	LAX_RV_FREEWALL	8	1.0	1.0
-27.21835	-5.08816	-4.35886	LAX_RV_FREEWALL	8	1.0	1.0
-29.30114	-6.44660	-2.43421	LAX_RV_FREEWALL	8	1.0	1.0
-30.48200	-7.80505	-1.58846	LAX_RV_FREEWALL	8	1.0	1.0
-33.74565	-10.52195	1.18194	LAX_RV_EPICARDIAL	8	1.0	1.0
-33.40153	-13.23885	-0.36329	LAX_RV_EPICARDIAL	8	1.0	1.0
-32.15547	-15.95575	-2.98743	LAX_RV_EPICARDIAL	8	1.0	1.0
-30.63051	-17.31420	-5.37841	LAX_RV_EPICARDIAL	8	1.0	1.0
-29.10554	-18.67265	-7.76939	LAX_RV_EPICARDIAL	8	1.0	1.0
-27.30166	-18.67265	-9.92721	LAX_RV_EPICARDIAL	8	1.0	1.0
-26.05560	-21.38955	-12.55135	LAX_RV_EPICARDIAL	8	1.0	1.0
-24.53063	-22.74800	-14.94233	LAX_RV_EPICARDIAL	8	1.0	1.0
-23.00566	-24.10645	-17.33331	LAX_RV_EPICARDIAL	8	1.0	1.0
-21.48070	-25.46490	-19.72429	LAX_RV_EPICARDIAL	8	1.0	1.0
-19.95573	-26.82335	-22.11527	LAX_RV_EPICARDIAL	8	1.0	1.0
-18.15185	-26.82335	-24.27309	LAX_RV_EPICARDIAL	8	1.0	1.0
-16.34796	-26.82335	-26.43090	LAX_RV_EPICARDIAL	8	1.0	1.0
-14.54408	-26.82335	-28.58872	LAX_RV_EPICARDIAL	8	1.0	1.0
-12.74020	-26.82336	-30.74654	LAX_RV_EPICARDIAL	8	1.0	1.0
-10.93632	-26.82336	-32.90436	LAX_RV_EPICARDIAL	8	1.0	1.0
-9.13244	-26.82336	-35.06217	LAX_RV_EPICARDIAL	8	1.0	1.0
-7.32856	-26.82336	-37.21999	LAX_RV_EPICARDIAL	8	1.0	1.0
-5.52468	-26.82336	-39.37781	LAX_RV_EPICARDIAL	8	1.0	1.0
-3.72080	-26.82336	-41.53563	LAX_RV_EPICARDIAL	8	1.0	1.0
-1.91691	-26.82337	-43.69344	LAX_RV_EPICARDIAL	8	1.0	1.0
-0.11303	-26.82337	-45.85126	LAX_RV_EPICARDIAL	8	1.0	1.0
1.69085	-26.82337	-48.00908	LAX_RV_EPICARDIAL	8	1.0	1.0
3.49473	-26.82337	-50.16690	LAX_RV_EPICARDIAL	8	1.0	1.0
5.57752	-25.46492	-52.09155	LAX_RV_EPICARDIAL	8	1.0	1.0
7.38140	-25.46493	-54.24937	LAX_RV_EPICARDIAL	8	1.0	1.0
-11.88536	-5.08817	-22.70031	LAX_RV_EPICARDIAL	8	1.0	1.0
-12.85250	-1.01282	-19.84301	LAX_RV_EPICARDIAL	8	1.0	1.0
-14.93530	-2.37127	-17.91835	LAX_RV_EPICARDIAL	8	1.0	1.0
-17.01809	-3.72972	-15.99370	LAX_RV_EPICARDIAL	8	1.0	1.0
-18.54306	-2.37127	-13.60272	LAX_RV_EPICARDIAL	8	1.0	1.0
-20.34694	-2.37127	-11.44490	LAX_RV_EPICARDIAL	8	1.0	1.0
-22.15082	-2.37126	-9.28708	LAX_RV_EPICARDIAL	8	1.0	1.0
-23.95470	-2.37126	-7.12927	LAX_RV_EPICARDIAL	8	1.0	1.0
-25.75858	-2.37126	-4.97145	LAX_RV_EPICARDIAL	8	1.0	1.0
-27.84138	-3.72971	-3.04679	LAX_RV_EPICARDIAL	8	1.0	1.0
-29.64526	-3.72971	-0.88898	LAX_RV_EPICARDIAL	8	1.0	1.0
-32.00697	-6.44660	0.80252	LAX_RV_EPICARDIAL	8	1.0	1.0
-33.46673	-9.16350	1.41510	LAX_RV_EPICARDIAL	8	1.0	1.0
7.03729	-22.74803	-52.70414	LAX_RV_SEPTUM	8	1.0	1.0
5.79123	-20.03113	-50.08000	LAX_RV_SEPTUM	8	1.0	1.0
4.26627	-18.67268	-47.68902	LAX_RV_SEPTUM	8	1.0	1.0
2.46238	-18.67268	-45.53120	LAX_RV_SEPTUM	8	1.0	1.0
0.93742	-17.31423	-43.14022	LAX_RV_SEPTUM	8	1.0	1.0
-0.30864	-14.59733	-40.51608	LAX_RV_SEPTUM	8	1.0	1.0
-1.83361	-13.23888	-38.12510	LAX_RV_SEPTUM	8	1.0	1.0
-3.35858	-11.88043	-35.73412	LAX_RV_SEPTUM	8	1.0	1.0
-4.88355	-10.52198	-33.34314	LAX_RV_SEPTUM	8	1.0	1.0
-6.40851	-9.16352	-30.95216	LAX_RV_SEPTUM	8	1.0	1.0
-7.93348	-7.80507	-28.56118	LAX_RV_SEPTUM	8	1.0	1.0
-9.45845	-6.44662	-26.17020	LAX_RV_SEPTUM	8	1.0	1.0
-11.26233	-6.44662	-24.01238	LAX_RV_SEPTUM	8	1.0	1.0
-11.32753	-2.37128	-22.23399	LAX_LV_EPICARDIAL	8	1.0	1.0
8.84117	-22.74803	-54.86195	LAX_LV_EPICARDIAL	8	1.0	1.0
10.36614	-24.10648	-57.25293	LAX_LV_EPICARDIAL	8	1.0	1.0
12.17002	-24.10648	-59.41075	LAX_LV_EPICARDIAL	8	1.0	1.0
13.97390	-24.10648	-61.56857	LAX_LV_EPICARDIAL	8	1.0	1.0
15.49887	-25.46493	-63.95955	LAX_LV_EPICARDIAL	8	1.0	1.0
17.30275	-25.46494	-66.11737	LAX_LV_EPICARDIAL	8	1.0	1.0
19.10663	-25.46494	-68.27518	LAX_LV_EPICARDIAL	8	1.0	1.0
20.63160	-26.82339	-70.66616	LAX_LV_EPICARDIAL	8	1.0	1.0
22.43548	-26.82339	-72.82398	LAX_LV_EPICARDIAL	8	1.0	1.0
24.23936	-26.82339	-74.98180	LAX_LV_EPICARDIAL	8	1.0	1.0
25.76433	-28.18184	-77.37278	LAX_LV_EPICARDIAL	8	1.0	1.0
27.56821	-28.18184	-79.53059	LAX_LV_EPICARDIAL	8	1.0	1.0
29.37209	-28.18185	-81.68841	LAX_LV_EPICARDIAL	8	1.0	1.0
31.17598	-28.18185	-83.84623	LAX_LV_EPICARDIAL	8	1.0	1.0
32.97986	-28.18185	-86.00405	LAX_LV_EPICARDIAL	8	1.0	1.0
34.78374	-28.18185	-88.16186	LAX_LV_EPICARDIAL	8	1.0	1.0
36.86653	-26.82340	-90.08652	LAX_LV_EPICARDIAL	8	1.0	1.0
38.94933	-25.46496	-92.01118	LAX_LV_EPICARDIAL	8	1.0	1.0
41.03212	-24.10651	-93.93583	LAX_LV_EPICARDIAL	8	1.0	1.0
43.39383	-21.38961	-95.62732	LAX_LV_EPICARDIAL	8	1.0	1.0
44.85359	-18.67272	-96.23991	LAX_LV_EPICARDIAL	8	1.0	1.0
46.31336	-15.95582	-96.85249	LAX_LV_EPICARDIAL	8	1.0	1.0
46.87119	-13.23892	-96.38617	LAX_LV_EPICARDIAL	8	1.0	1.0
47.42901	-10.52203	-95.91985	LAX_LV_EPICARDIAL	8	1.0	1.0
47.08490	-7.80513	-94.37461	LAX_LV_EPICARDIAL	8	1.0	1.0
47.64272	-5.08823	-93.90829	LAX_LV_EPICARDIAL	8	1.0	1.0
46.39667	-2.37133	-91.28415	LAX_LV_EPICARDIAL	8	1.0	1.0
46.05255	0.34557	-89.73892	LAX_LV_EPICARDIAL	8	1.0	1.0
45.70844	3.06247	-88.19368	LAX_LV_EPICARDIAL	8	1.0	1.0
45.36432	5.77936	-86.64845	LAX_LV_EPICARDIAL	8	1.0	1.0
45.02021	8.49626	-85.10322	LAX_LV_EPICARDIAL	8	1.0	1.0
43.77415	11.21316	-82.47908	LAX_LV_EPICARDIAL	8	1.0	1.0
43.43004	13.93006	-80.93385	LAX_LV_EPICARDIAL	8	1.0	1.0
43.08592	16.64696	-79.38861	LAX_LV_EPICARDIAL	8	1.0	1.0
42.74181	19.36386	-77.84338	LAX_LV_EPICARDIAL	8	1.0	1.0
42.39769	22.08076	-76.29815	LAX_LV_EPICARDIAL	8	1.0	1.0
42.05358	24.79765	-74.75292	LAX_LV_EPICARDIAL	8	1.0	1.0
40.80752	27.51455	-72.12877	LAX_LV_EPICARDIAL	8	1.0	1.0
40.46340	30.23145	-70.58354	LAX_LV_EPICARDIAL	8	1.0	1.0
40.11929	32.94835	-69.03831	LAX_LV_EPICARDIAL	8	1.0	1.0
38.87323	35.66525	-66.41417	LAX_LV_EPICARDIAL	8	1.0	1.0
38.52912	38.38215	-64.86894	LAX_LV_EPICARDIAL	8	1.0	1.0
37.28306	41.09905	-62.24479	LAX_LV_EPICARDIAL	8	1.0	1.0
35.75809	42.45750	-59.85382	LAX_LV_EPICARDIAL	8	1.0	1.0
34.51204	45.17440	-57.22967	LAX_LV_EPICARDIAL	8	1.0	1.0
32.98707	46.53285	-54.83869	LAX_LV_EPICARDIAL	8	1.0	1.0
31.46210	47.89130	-52.44771	LAX_LV_EPICARDIAL	8	1.0	1.0
29.93713	49.24975	-50.05674	LAX_LV_EPICARDIAL	8	1.0	1.0
28.41217	50.60820	-47.66576	LAX_LV_EPICARDIAL	8	1.0	1.0
26.60828	50.60820	-45.50794	LAX_LV_EPICARDIAL	8	1.0	1.0
25.08332	51.96665	-43.11696	LAX_LV_EPICARDIAL	8	1.0	1.0
23.27943	51.96665	-40.95914	LAX_LV_EPICARDIAL	8	1.0	1.0
21.47555	51.96665	-38.80132	LAX_LV_EPICARDIAL	8	1.0	1.0
19.39276	50.60821	-36.87667	LAX_LV_EPICARDIAL	8	1.0	1.0
17.30997	49.24976	-34.95201	LAX_LV_EPICARDIAL	8	1.0	1.0
15.85020	46.53286	-34.33943	LAX_LV_EPICARDIAL	8	1.0	1.0
-2.69934	22.08080	-22.35271	LAX_LV_EPICARDIAL	8	1.0	1.0
-4.50322	22.08080	-20.19489	LAX_LV_EPICARDIAL	8	1.0	1.0
-8.68691	1.70407	-23.69232	LAX_LV_ENDOCARDIAL	8	1.0	1.0
-6.60412	3.06252	-25.61698	LAX_LV_ENDOCARDIAL	8	1.0	1.0
-4.80024	3.06251	-27.77479	LAX_LV_ENDOCARDIAL	8	1.0	1.0
-2.71745	4.42096	-29.69945	LAX_LV_ENDOCARDIAL	8	1.0	1.0
-0.91356	4.42096	-31.85727	LAX_LV_ENDOCARDIAL	8	1.0	1.0
0.61140	3.06251	-34.24825	LAX_LV_ENDOCARDIAL	8	1.0	1.0
2.13637	1.70406	-36.63923	LAX_LV_ENDOCARDIAL	8	1.0	1.0
3.38243	-1.01284	-39.26337	LAX_LV_ENDOCARDIAL	8	1.0	1.0
4.62848	-3.72974	-41.88751	LAX_LV_ENDOCARDIAL	8	1.0	1.0
5.87454	-6.44664	-44.51165	LAX_LV_ENDOCARDIAL	8	1.0	1.0
7.39951	-7.80509	-46.90263	LAX_LV_ENDOCARDIAL	8	1.0	1.0
8.64556	-10.52199	-49.52677	LAX_LV_ENDOCARDIAL	8	1.0	1.0
10.17053	-11.88044	-51.91775	LAX_LV_ENDOCARDIAL	8	1.0	1.0
11.69550	-13.23889	-54.30873	LAX_LV_ENDOCARDIAL	8	1.0	1.0
13.22047	-14.59734	-56.69971	LAX_LV_ENDOCARDIAL	8	1.0	1.0
15.02435	-14.59734	-58.85753	LAX_LV_ENDOCARDIAL	8	1.0	1.0
16.54932	-15.95579	-61.24851	LAX_LV_ENDOCARDIAL	8	1.0	1.0
18.35320	-15.95579	-63.40632	LAX_LV_ENDOCARDIAL	8	1.0	1.0
19.87817	-17.31424	-65.79730	LAX_LV_ENDOCARDIAL	8	1.0	1.0
21.40314	-18.67269	-68.18828	LAX_LV_ENDOCARDIAL	8	1.0	1.0
23.20702	-18.67270	-70.34610	LAX_LV_ENDOCARDIAL	8	1.0	1.0
24.73199	-20.03115	-72.73708	LAX_LV_ENDOCARDIAL	8	1.0	1.0
26.25696	-21.38960	-75.12806	LAX_LV_ENDOCARDIAL	8	1.0	1.0
28.06084	-21.38960	-77.28588	LAX_LV_ENDOCARDIAL	8	1.0	1.0
29.86472	-21.38960	-79.44369	LAX_LV_ENDOCARDIAL	8	1.0	1.0
31.66860	-21.38960	-81.60151	LAX_LV_ENDOCARDIAL	8	1.0	1.0
33.47248	-21.38960	-83.75933	LAX_LV_ENDOCARDIAL	8	1.0	1.0
34.99745	-22.74806	-86.15031	LAX_LV_ENDOCARDIAL	8	1.0	1.0
36.80133	-22.74806	-88.30812	LAX_LV_ENDOCARDIAL	8	1.0	1.0
38.60521	-22.74806	-90.46594	LAX_LV_ENDOCARDIAL	8	1.0	1.0
40.68801	-21.38961	-92.39060	LAX_LV_ENDOCARDIAL	8	1.0	1.0
42.14777	-18.67271	-93.00318	LAX_LV_ENDOCARDIAL	8	1.0	1.0
43.60754	-15.95582	-93.61577	LAX_LV_ENDOCARDIAL	8	1.0	1.0
44.16536	-13.23892	-93.14944	LAX_LV_ENDOCARDIAL	8	1.0	1.0
43.82125	-10.52202	-91.60421	LAX_LV_ENDOCARDIAL	8	1.0	1.0
43.47713	-7.80512	-90.05898	LAX_LV_ENDOCARDIAL	8	1.0	1.0
42.23108	-5.08822	-87.43484	LAX_LV_ENDOCARDIAL	8	1.0	1.0
41.88696	-2.37133	-85.88961	LAX_LV_ENDOCARDIAL	8	1.0	1.0
41.54285	0.34557	-84.34437	LAX_LV_ENDOCARDIAL	8	1.0	1.0
40.29679	3.06247	-81.72023	LAX_LV_ENDOCARDIAL	8	1.0	1.0
39.95268	5.77937	-80.17500	LAX_LV_ENDOCARDIAL	8	1.0	1.0
39.60856	8.49627	-78.62977	LAX_LV_ENDOCARDIAL	8	1.0	1.0
38.36251	11.21317	-76.00563	LAX_LV_ENDOCARDIAL	8	1.0	1.0
38.01839	13.93007	-74.46039	LAX_LV_ENDOCARDIAL	8	1.0	1.0
37.67428	16.64696	-72.91516	LAX_LV_ENDOCARDIAL	8	1.0	1.0
37.33016	19.36386	-71.36993	LAX_LV_ENDOCARDIAL	8	1.0	1.0
36.98605	22.08076	-69.82470	LAX_LV_ENDOCARDIAL	8	1.0	1.0
36.64193	24.79766	-68.27946	LAX_LV_ENDOCARDIAL	8	1.0	1.0
35.39588	27.51456	-65.65532	LAX_LV_ENDOCARDIAL	8	1.0	1.0
34.14982	30.23146	-63.03118	LAX_LV_ENDOCARDIAL	8	1.0	1.0
32.90376	32.94836	-60.40704	LAX_LV_ENDOCARDIAL	8	1.0	1.0
31.37880	34.30681	-58.01606	LAX_LV_ENDOCARDIAL	8	1.0	1.0
29.85383	35.66526	-55.62508	LAX_LV_ENDOCARDIAL	8	1.0	1.0
28.32886	37.02371	-53.23410	LAX_LV_ENDOCARDIAL	8	1.0	1.0
27.08280	39.74061	-50.60996	LAX_LV_ENDOCARDIAL	8	1.0	1.0
25.55784	41.09906	-48.21898	LAX_LV_ENDOCARDIAL	8	1.0	1.0
24.03287	42.45751	-45.82800	LAX_LV_ENDOCARDIAL	8	1.0	1.0
22.50790	43.81596	-43.43702	LAX_LV_ENDOCARDIAL	8	1.0	1.0
20.70402	43.81596	-41.27920	LAX_LV_ENDOCARDIAL	8	1.0	1.0
18.90014	43.81596	-39.12139	LAX_LV_ENDOCARDIAL	8	1.0	1.0
-3.60128	22.08080	-21.27380	LAX_LV_ENDOCARDIAL	8	1.0	1.0
-33.74565	-10.52195	1.18194	LAX_RV_EPICARDIAL	8	1.0	1.0
-33.40153	-13.23885	-0.36329	LAX_RV_EPICARDIAL	8	1.0	1.0
-32.15547	-15.95575	-2.98743	LAX_RV_EPICARDIAL	8	1.0	1.0
-30.63051	-17.31420	-5.37841	LAX_RV_EPICARDIAL	8	1.0	1.0
-29.10554	-18.67265	-7.76939	LAX_RV_EPICARDIAL	8	1.0	1.0
-27.30166	-18.67265	-9.92721	LAX_RV_EPICARDIAL	8	1.0	1.0
-26.05560	-21.38955	-12.55135	LAX_RV_EPICARDIAL	8	1.0	1.0
-24.53063	-22.74800	-14.94233	LAX_RV_EPICARDIAL	8	1.0	1.0
-23.00566	-24.10645	-17.33331	LAX_RV_EPICARDIAL	8	1.0	1.0
-21.48070	-25.46490	-19.72429	LAX_RV_EPICARDIAL	8	1.0	1.0
-19.95573	-26.82335	-22.11527	LAX_RV_EPICARDIAL	8	1.0	1.0
-18.15185	-26.82335	-24.27309	LAX_RV_EPICARDIAL	8	1.0	1.0
-16.34796	-26.82335	-26.43090	LAX_RV_EPICARDIAL	8	1.0	1.0
-14.54408	-26.82335	-28.58872	LAX_RV_EPICARDIAL	8	1.0	1.0
-12.74020	-26.82336	-30.74654	LAX_RV_EPICARDIAL	8	1.0	1.0
-10.93632	-26.82336	-32.90436	LAX_RV_EPICARDIAL	8	1.0	1.0
-9.13244	-26.82336	-35.06217	LAX_RV_EPICARDIAL	8	1.0	1.0
-7.32856	-26.82336	-37.21999	LAX_RV_EPICARDIAL	8	1.0	1.0
-5.52468	-26.82336	-39.37781	LAX_RV_EPICARDIAL	8	1.0	1.0
-3.72080	-26.82336	-41.53563	LAX_RV_EPICARDIAL	8	1.0	1.0
-1.91691	-26.82337	-43.69344	LAX_RV_EPICARDIAL	8	1.0	1.0
-0.11303	-26.82337	-45.85126	LAX_RV_EPICARDIAL	8	1.0	1.0
1.69085	-26.82337	-48.00908	LAX_RV_EPICARDIAL	8	1.0	1.0
3.49473	-26.82337	-50.16690	LAX_RV_EPICARDIAL	8	1.0	1.0
5.57752	-25.46492	-52.09155	LAX_RV_EPICARDIAL	8	1.0	1.0
7.38140	-25.46493	-54.24937	LAX_RV_EPICARDIAL	8	1.0	1.0
-11.88536	-5.08817	-22.70031	LAX_RV_EPICARDIAL	8	1.0	1.0
-12.85250	-1.01282	-19.84301	LAX_RV_EPICARDIAL	8	1.0	1.0
-14.93530	-2.37127	-17.91835	LAX_RV_EPICARDIAL	8	1.0	1.0
-17.01809	-3.72972	-15.99370	LAX_RV_EPICARDIAL	8	1.0	1.0
-18.54306	-2.37127	-13.60272	LAX_RV_EPICARDIAL	8	1.0	1.0
-20.34694	-2.37127	-11.44490	LAX_RV_EPICARDIAL	8	1.0	1.0
-22.15082	-2.37126	-9.28708	LAX_RV_EPICARDIAL	8	1.0	1.0
-23.95470	-2.37126	-7.12927	LAX_RV_EPICARDIAL	8	1.0	1.0
-25.75858	-2.37126	-4.97145	LAX_RV_EPICARDIAL	8	1.0	1.0
-27.84138	-3.72971	-3.04679	LAX_RV_EPICARDIAL	8	1.0	1.0
-29.64526	-3.72971	-0.88898	LAX_RV_EPICARDIAL	8	1.0	1.0
-32.00697	-6.44660	0.80252	LAX_RV_EPICARDIAL	8	1.0	1.0
-33.46673	-9.16350	1.41510	LAX_RV_EPICARDIAL	8	1.0	1.0
-0.33763	24.79769	-24.04420	MITRAL_VALVE	8	1.0	1.0
15.91540	42.45752	-36.11782	MITRAL_VALVE	8	1.0	1.0
-6.58602	20.72235	-18.27024	AORTA_VALVE	8	1.0	1.0
-11.39274	1.70407	-20.45559	AORTA_VALVE	8	1.0	1.0
-59.00547	5.49023	-71.03524	LAX_RV_FREEWALL	7	1.0	16
-61.69427	4.68958	-72.45544	LAX_RV_FREEWALL	7	1.0	16
-62.87254	3.08829	-74.89168	LAX_RV_FREEWALL	7	1.0	16
-62.65103	1.48700	-77.19319	LAX_RV_FREEWALL	7	1.0	16
-62.42952	-0.11429	-79.49470	LAX_RV_FREEWALL	7	1.0	16
-60.80822	-1.71558	-81.66148	LAX_RV_FREEWALL	7	1.0	16
-59.18693	-3.31687	-83.82827	LAX_RV_FREEWALL	7	1.0	16
-57.56563	-4.91817	-85.99506	LAX_RV_FREEWALL	7	1.0	16
-55.94434	-6.51946	-88.16184	LAX_RV_FREEWALL	7	1.0	16
-52.92326	-8.12075	-90.19391	LAX_RV_FREEWALL	7	1.0	16
-49.90219	-9.72204	-92.22597	LAX_RV_FREEWALL	7	1.0	16
-46.88111	-11.32333	-94.25803	LAX_RV_FREEWALL	7	1.0	16
-43.97079	-12.12398	-95.13933	LAX_RV_FREEWALL	7	1.0	16
-40.94972	-13.72527	-97.17140	LAX_RV_FREEWALL	7	1.0	16
-38.03940	-14.52592	-98.05270	LAX_RV_FREEWALL	7	1.0	16
-35.12908	-15.32656	-98.93401	LAX_RV_FREEWALL	7	1.0	16
-32.21876	-16.12721	-99.81531	LAX_RV_FREEWALL	7	1.0	16
-29.30844	-16.92786	-100.69662	LAX_RV_FREEWALL	7	1.0	16
-26.39812	-17.72850	-101.57793	LAX_RV_FREEWALL	7	1.0	16
-23.48780	-18.52915	-102.45923	LAX_RV_FREEWALL	7	1.0	16
-20.68824	-18.52915	-102.18978	LAX_RV_FREEWALL	7	1.0	16
-17.77792	-19.32980	-103.07109	LAX_RV_FREEWALL	7	1.0	16
-14.86760	-20.13044	-103.95240	LAX_RV_FREEWALL	7	1.0	16
-11.95728	-20.93109	-104.83370	LAX_RV_FREEWALL	7	1.0	16
-9.04696	-21.73174	-105.71501	LAX_RV_FREEWALL	7	1.0	16
-6.13664	-22.53238	-106.59631	LAX_RV_FREEWALL	7	1.0	16
-3.33708	-22.53238	-106.32687	LAX_RV_FREEWALL	7	1.0	16
-0.53752	-22.53238	-106.05742	LAX_RV_FREEWALL	7	1.0	16
2.37280	-23.33303	-106.93872	LAX_RV_FREEWALL	7	1.0	16
5.17236	-23.33303	-106.66927	LAX_RV_FREEWALL	7	1.0	16
8.08268	-24.13368	-107.55058	LAX_RV_FREEWALL	7	1.0	16
10.88224	-24.13368	-107.28113	LAX_RV_FREEWALL	7	1.0	16
13.79256	-24.93433	-108.16244	LAX_RV_FREEWALL	7	1.0	16
16.59212	-24.93433	-107.89299	LAX_RV_FREEWALL	7	1.0	16
19.28093	-24.13368	-106.47278	LAX_RV_FREEWALL	7	1.0	16
21.96974	-23.33304	-105.05258	LAX_RV_FREEWALL	7	1.0	16
24.54779	-21.73175	-102.48162	LAX_RV_FREEWALL	7	1.0	16
-59.22698	7.09152	-68.73373	LAX_RV_EPICARDIAL	7	1.0	16
-62.02654	7.09152	-69.00317	LAX_RV_EPICARDIAL	7	1.0	16
-64.82611	7.09152	-69.27262	LAX_RV_EPICARDIAL	7	1.0	16
-66.00437	5.49023	-71.70886	LAX_RV_EPICARDIAL	7	1.0	16
-67.18264	3.88894	-74.14510	LAX_RV_EPICARDIAL	7	1.0	16
-68.36091	2.28765	-76.58133	LAX_RV_EPICARDIAL	7	1.0	16
-68.13940	0.68636	-78.88284	LAX_RV_EPICARDIAL	7	1.0	16
-67.91788	-0.91493	-81.18435	LAX_RV_EPICARDIAL	7	1.0	16
-66.29659	-2.51623	-83.35114	LAX_RV_EPICARDIAL	7	1.0	16
-64.67530	-4.11752	-85.51793	LAX_RV_EPICARDIAL	7	1.0	16
-63.05400	-5.71881	-87.68471	LAX_RV_EPICARDIAL	7	1.0	16
-61.43271	-7.32010	-89.85150	LAX_RV_EPICARDIAL	7	1.0	16
-59.81141	-8.92139	-92.01828	LAX_RV_EPICARDIAL	7	1.0	16
-56.79034	-10.52268	-94.05035	LAX_RV_EPICARDIAL	7	1.0	16
-53.76926	-12.12398	-96.08241	LAX_RV_EPICARDIAL	7	1.0	16
-50.74819	-13.72527	-98.11447	LAX_RV_EPICARDIAL	7	1.0	16
-47.83787	-14.52591	-98.99578	LAX_RV_EPICARDIAL	7	1.0	16
-44.81679	-16.12721	-101.02784	LAX_RV_EPICARDIAL	7	1.0	16
-41.90647	-16.92785	-101.90914	LAX_RV_EPICARDIAL	7	1.0	16
-38.99615	-17.72850	-102.79045	LAX_RV_EPICARDIAL	7	1.0	16
-36.19659	-17.72850	-102.52100	LAX_RV_EPICARDIAL	7	1.0	16
-33.28627	-18.52915	-103.40231	LAX_RV_EPICARDIAL	7	1.0	16
-30.37595	-19.32979	-104.28361	LAX_RV_EPICARDIAL	7	1.0	16
-27.46563	-20.13044	-105.16492	LAX_RV_EPICARDIAL	7	1.0	16
-24.55531	-20.93109	-106.04622	LAX_RV_EPICARDIAL	7	1.0	16
-21.64500	-21.73173	-106.92753	LAX_RV_EPICARDIAL	7	1.0	16
-18.84543	-21.73173	-106.65808	LAX_RV_EPICARDIAL	7	1.0	16
-15.93511	-22.53238	-107.53939	LAX_RV_EPICARDIAL	7	1.0	16
-13.02479	-23.33303	-108.42069	LAX_RV_EPICARDIAL	7	1.0	16
-10.11448	-24.13367	-109.30200	LAX_RV_EPICARDIAL	7	1.0	16
-7.20416	-24.93432	-110.18331	LAX_RV_EPICARDIAL	7	1.0	16
-4.40459	-24.93432	-109.91386	LAX_RV_EPICARDIAL	7	1.0	16
-1.60503	-24.93432	-109.64441	LAX_RV_EPICARDIAL	7	1.0	16
1.19453	-24.93432	-109.37496	LAX_RV_EPICARDIAL	7	1.0	16
3.99409	-24.93432	-109.10551	LAX_RV_EPICARDIAL	7	1.0	16
6.90441	-25.73497	-109.98681	LAX_RV_EPICARDIAL	7	1.0	16
9.70398	-25.73497	-109.71737	LAX_RV_EPICARDIAL	7	1.0	16
12.50354	-25.73497	-109.44792	LAX_RV_EPICARDIAL	7	1.0	16
15.30310	-25.73497	-109.17847	LAX_RV_EPICARDIAL	7	1.0	16
18.21342	-26.53562	-110.05977	LAX_RV_EPICARDIAL	7	1.0	16
20.90223	-25.73497	-108.63957	LAX_RV_EPICARDIAL	7	1.0	16
23.70179	-25.73497	-108.37012	LAX_RV_EPICARDIAL	7	1.0	16
26.39059	-24.93433	-106.94991	LAX_RV_EPICARDIAL	7	1.0	16
27.56886	-23.33304	-104.51368	LAX_RV_EPICARDIAL	7	1.0	16
-26.51828	13.49667	-56.29429	LAX_RV_SEPTUM	7	1.0	16
22.92649	-20.13045	-100.31483	LAX_RV_SEPTUM	7	1.0	16
20.01617	-19.32981	-99.43352	LAX_RV_SEPTUM	7	1.0	16
16.99510	-17.72852	-97.40146	LAX_RV_SEPTUM	7	1.0	16
13.97402	-16.12722	-95.36940	LAX_RV_SEPTUM	7	1.0	16
11.06370	-15.32658	-94.48809	LAX_RV_SEPTUM	7	1.0	16
8.04263	-13.72529	-92.45603	LAX_RV_SEPTUM	7	1.0	16
5.02155	-12.12399	-90.42397	LAX_RV_SEPTUM	7	1.0	16
2.00048	-10.52270	-88.39191	LAX_RV_SEPTUM	7	1.0	16
-1.02060	-8.92141	-86.35985	LAX_RV_SEPTUM	7	1.0	16
-4.04168	-7.32012	-84.32779	LAX_RV_SEPTUM	7	1.0	16
-5.66297	-5.71883	-82.16100	LAX_RV_SEPTUM	7	1.0	16
-7.28426	-4.11753	-79.99421	LAX_RV_SEPTUM	7	1.0	16
-8.90556	-2.51624	-77.82743	LAX_RV_SEPTUM	7	1.0	16
-10.52685	-0.91495	-75.66064	LAX_RV_SEPTUM	7	1.0	16
-12.14815	0.68634	-73.49386	LAX_RV_SEPTUM	7	1.0	16
-13.76944	2.28763	-71.32707	LAX_RV_SEPTUM	7	1.0	16
-16.79052	3.88892	-69.29501	LAX_RV_SEPTUM	7	1.0	16
-18.41181	5.49022	-67.12822	LAX_RV_SEPTUM	7	1.0	16
-20.03311	7.09151	-64.96143	LAX_RV_SEPTUM	7	1.0	16
-21.65440	8.69280	-62.79465	LAX_RV_SEPTUM	7	1.0	16
-23.27569	10.29409	-60.62786	LAX_RV_SEPTUM	7	1.0	16
-24.89699	11.89538	-58.46108	LAX_RV_SEPTUM	7	1.0	16
17.64083	38.31668	-16.04023	LAX_LV_EPICARDIAL	7	1.0	16
-22.46975	24.70571	-39.64481	LAX_LV_EPICARDIAL	7	1.0	16
-23.64802	23.10442	-42.08105	LAX_LV_EPICARDIAL	7	1.0	16
-23.42650	21.50313	-44.38256	LAX_LV_EPICARDIAL	7	1.0	16
-24.60477	19.90184	-46.81880	LAX_LV_EPICARDIAL	7	1.0	16
-25.78304	18.30055	-49.25503	LAX_LV_EPICARDIAL	7	1.0	16
-25.56153	16.69926	-51.55654	LAX_LV_EPICARDIAL	7	1.0	16
-25.34001	15.09797	-53.85805	LAX_LV_EPICARDIAL	7	1.0	16
27.23659	-20.93110	-101.06141	LAX_LV_EPICARDIAL	7	1.0	16
30.14691	-21.73175	-101.94272	LAX_LV_EPICARDIAL	7	1.0	16
32.94647	-21.73175	-101.67327	LAX_LV_EPICARDIAL	7	1.0	16
35.74604	-21.73175	-101.40382	LAX_LV_EPICARDIAL	7	1.0	16
38.54560	-21.73175	-101.13437	LAX_LV_EPICARDIAL	7	1.0	16
41.23440	-20.93110	-99.71417	LAX_LV_EPICARDIAL	7	1.0	16
43.81245	-19.32981	-97.14321	LAX_LV_EPICARDIAL	7	1.0	16
45.10148	-18.52917	-95.85773	LAX_LV_EPICARDIAL	7	1.0	16
47.67953	-16.92788	-93.28676	LAX_LV_EPICARDIAL	7	1.0	16
48.85780	-15.32659	-90.85053	LAX_LV_EPICARDIAL	7	1.0	16
50.03606	-13.72530	-88.41429	LAX_LV_EPICARDIAL	7	1.0	16
51.21433	-12.12401	-85.97806	LAX_LV_EPICARDIAL	7	1.0	16
52.39260	-10.52272	-83.54182	LAX_LV_EPICARDIAL	7	1.0	16
53.57087	-8.92142	-81.10559	LAX_LV_EPICARDIAL	7	1.0	16
54.74914	-7.32013	-78.66935	LAX_LV_EPICARDIAL	7	1.0	16
55.92741	-5.71884	-76.23312	LAX_LV_EPICARDIAL	7	1.0	16
55.70589	-4.11755	-73.93160	LAX_LV_EPICARDIAL	7	1.0	16
56.88416	-2.51626	-71.49537	LAX_LV_EPICARDIAL	7	1.0	16
56.66265	-0.91497	-69.19386	LAX_LV_EPICARDIAL	7	1.0	16
57.84092	0.68632	-66.75762	LAX_LV_EPICARDIAL	7	1.0	16
57.61940	2.28761	-64.45611	LAX_LV_EPICARDIAL	7	1.0	16
57.39789	3.88890	-62.15460	LAX_LV_EPICARDIAL	7	1.0	16
57.17638	5.49020	-59.85309	LAX_LV_EPICARDIAL	7	1.0	16
55.55508	7.09149	-57.68630	LAX_LV_EPICARDIAL	7	1.0	16
55.33357	8.69278	-55.38479	LAX_LV_EPICARDIAL	7	1.0	16
55.11206	10.29407	-53.08328	LAX_LV_EPICARDIAL	7	1.0	16
53.49076	11.89536	-50.91650	LAX_LV_EPICARDIAL	7	1.0	16
53.26925	13.49665	-48.61498	LAX_LV_EPICARDIAL	7	1.0	16
53.04774	15.09794	-46.31347	LAX_LV_EPICARDIAL	7	1.0	16
51.42644	16.69924	-44.14669	LAX_LV_EPICARDIAL	7	1.0	16
51.20493	18.30053	-41.84518	LAX_LV_EPICARDIAL	7	1.0	16
49.58363	19.90182	-39.67839	LAX_LV_EPICARDIAL	7	1.0	16
49.36212	21.50311	-37.37688	LAX_LV_EPICARDIAL	7	1.0	16
47.74083	23.10440	-35.21009	LAX_LV_EPICARDIAL	7	1.0	16
46.11953	24.70569	-33.04331	LAX_LV_EPICARDIAL	7	1.0	16
44.49824	26.30698	-30.87652	LAX_LV_EPICARDIAL	7	1.0	16
42.87694	27.90828	-28.70973	LAX_LV_EPICARDIAL	7	1.0	16
41.25565	29.50957	-26.54295	LAX_LV_EPICARDIAL	7	1.0	16
39.63436	31.11086	-24.37616	LAX_LV_EPICARDIAL	7	1.0	16
36.61328	32.71215	-22.34410	LAX_LV_EPICARDIAL	7	1.0	16
34.99199	34.31344	-20.17731	LAX_LV_EPICARDIAL	7	1.0	16
32.08167	35.11409	-19.29601	LAX_LV_EPICARDIAL	7	1.0	16
29.06059	36.71538	-17.26395	LAX_LV_EPICARDIAL	7	1.0	16
26.15027	37.51603	-16.38264	LAX_LV_EPICARDIAL	7	1.0	16
23.23995	38.31667	-15.50133	LAX_LV_EPICARDIAL	7	1.0	16
20.44039	38.31667	-15.77078	LAX_LV_EPICARDIAL	7	1.0	16
-20.95921	23.90507	-40.66085	LAX_LV_ENDOCARDIAL	7	1.0	16
-20.73770	22.30377	-42.96236	LAX_LV_ENDOCARDIAL	7	1.0	16
-20.51618	20.70248	-45.26387	LAX_LV_ENDOCARDIAL	7	1.0	16
-18.89489	19.10119	-47.43065	LAX_LV_ENDOCARDIAL	7	1.0	16
-18.67338	17.49990	-49.73216	LAX_LV_ENDOCARDIAL	7	1.0	16
-18.45186	15.89861	-52.03368	LAX_LV_ENDOCARDIAL	7	1.0	16
-16.83057	14.29732	-54.20046	LAX_LV_ENDOCARDIAL	7	1.0	16
-15.20928	12.69603	-56.36725	LAX_LV_ENDOCARDIAL	7	1.0	16
-13.58798	11.09473	-58.53403	LAX_LV_ENDOCARDIAL	7	1.0	16
-11.96669	9.49344	-60.70082	LAX_LV_ENDOCARDIAL	7	1.0	16
-8.94561	7.89215	-62.73288	LAX_LV_ENDOCARDIAL	7	1.0	16
-5.92454	6.29086	-64.76494	LAX_LV_ENDOCARDIAL	7	1.0	16
-4.30324	4.68957	-66.93173	LAX_LV_ENDOCARDIAL	7	1.0	16
-2.68195	3.08828	-69.09852	LAX_LV_ENDOCARDIAL	7	1.0	16
-1.06065	1.48698	-71.26530	LAX_LV_ENDOCARDIAL	7	1.0	16
0.56064	-0.11431	-73.43209	LAX_LV_ENDOCARDIAL	7	1.0	16
2.18194	-1.71560	-75.59888	LAX_LV_ENDOCARDIAL	7	1.0	16
5.20301	-3.31689	-77.63094	LAX_LV_ENDOCARDIAL	7	1.0	16
6.82431	-4.91818	-79.79772	LAX_LV_ENDOCARDIAL	7	1.0	16
8.44560	-6.51947	-81.96451	LAX_LV_ENDOCARDIAL	7	1.0	16
11.46668	-8.12077	-83.99657	LAX_LV_ENDOCARDIAL	7	1.0	16
13.08797	-9.72206	-86.16336	LAX_LV_ENDOCARDIAL	7	1.0	16
16.10905	-11.32335	-88.19542	LAX_LV_ENDOCARDIAL	7	1.0	16
19.13012	-12.92464	-90.22748	LAX_LV_ENDOCARDIAL	7	1.0	16
22.15120	-14.52593	-92.25954	LAX_LV_ENDOCARDIAL	7	1.0	16
25.17227	-16.12723	-94.29160	LAX_LV_ENDOCARDIAL	7	1.0	16
28.08259	-16.92787	-95.17291	LAX_LV_ENDOCARDIAL	7	1.0	16
30.99291	-17.72852	-96.05422	LAX_LV_ENDOCARDIAL	7	1.0	16
34.01399	-19.32981	-98.08628	LAX_LV_ENDOCARDIAL	7	1.0	16
36.81355	-19.32981	-97.81683	LAX_LV_ENDOCARDIAL	7	1.0	16
39.61311	-19.32981	-97.54738	LAX_LV_ENDOCARDIAL	7	1.0	16
42.19116	-17.72852	-94.97642	LAX_LV_ENDOCARDIAL	7	1.0	16
43.36943	-16.12723	-92.54018	LAX_LV_ENDOCARDIAL	7	1.0	16
44.54770	-14.52594	-90.10395	LAX_LV_ENDOCARDIAL	7	1.0	16
45.72596	-12.92465	-87.66771	LAX_LV_ENDOCARDIAL	7	1.0	16
45.50445	-11.32336	-85.36620	LAX_LV_ENDOCARDIAL	7	1.0	16
46.68272	-9.72207	-82.92997	LAX_LV_ENDOCARDIAL	7	1.0	16
46.46121	-8.12078	-80.62845	LAX_LV_ENDOCARDIAL	7	1.0	16
47.63947	-6.51949	-78.19222	LAX_LV_ENDOCARDIAL	7	1.0	16
47.41796	-4.91819	-75.89071	LAX_LV_ENDOCARDIAL	7	1.0	16
48.59623	-3.31690	-73.45447	LAX_LV_ENDOCARDIAL	7	1.0	16
48.37472	-1.71561	-71.15296	LAX_LV_ENDOCARDIAL	7	1.0	16
49.55298	-0.11432	-68.71673	LAX_LV_ENDOCARDIAL	7	1.0	16
49.33147	1.48697	-66.41522	LAX_LV_ENDOCARDIAL	7	1.0	16
49.10996	3.08826	-64.11370	LAX_LV_ENDOCARDIAL	7	1.0	16
48.88845	4.68955	-61.81219	LAX_LV_ENDOCARDIAL	7	1.0	16
48.66693	6.29084	-59.51068	LAX_LV_ENDOCARDIAL	7	1.0	16
48.44542	7.89213	-57.20917	LAX_LV_ENDOCARDIAL	7	1.0	16
48.22391	9.49343	-54.90766	LAX_LV_ENDOCARDIAL	7	1.0	16
48.00239	11.09472	-52.60615	LAX_LV_ENDOCARDIAL	7	1.0	16
46.38110	12.69601	-50.43936	LAX_LV_ENDOCARDIAL	7	1.0	16
46.15959	14.29730	-48.13785	LAX_LV_ENDOCARDIAL	7	1.0	16
45.93807	15.89859	-45.83634	LAX_LV_ENDOCARDIAL	7	1.0	16
44.31678	17.49988	-43.66956	LAX_LV_ENDOCARDIAL	7	1.0	16
44.09527	19.10117	-41.36804	LAX_LV_ENDOCARDIAL	7	1.0	16
42.47397	20.70247	-39.20126	LAX_LV_ENDOCARDIAL	7	1.0	16
40.85268	22.30376	-37.03447	LAX_LV_ENDOCARDIAL	7	1.0	16
37.83160	23.90505	-35.00241	LAX_LV_ENDOCARDIAL	7	1.0	16
36.21031	25.50634	-32.83562	LAX_LV_ENDOCARDIAL	7	1.0	16
34.58901	27.10763	-30.66884	LAX_LV_ENDOCARDIAL	7	1.0	16
32.96772	28.70892	-28.50205	LAX_LV_ENDOCARDIAL	7	1.0	16
29.94664	30.31022	-26.46999	LAX_LV_ENDOCARDIAL	7	1.0	16
28.43611	31.11086	-25.45396	LAX_LV_ENDOCARDIAL	7	1.0	16
25.52579	31.91151	-24.57265	LAX_LV_ENDOCARDIAL	7	1.0	16
22.50471	33.51280	-22.54059	LAX_LV_ENDOCARDIAL	7	1.0	16
19.59439	34.31345	-21.65928	LAX_LV_ENDOCARDIAL	7	1.0	16
16.68407	35.11409	-20.77798	LAX_LV_ENDOCARDIAL	7	1.0	16
-59.22698	7.09152	-68.73373	LAX_RV_EPICARDIAL	7	1.0	16
-62.02654	7.09152	-69.00317	LAX_RV_EPICARDIAL	7	1.0	16
-64.82611	7.09152	-69.27262	LAX_RV_EPICARDIAL	7	1.0	16
-66.00437	5.49023	-71.70886	LAX_RV_EPICARDIAL	7	1.0	16
-67.18264	3.88894	-74.14510	LAX_RV_EPICARDIAL	7	1.0	16
-68.36091	2.28765	-76.58133	LAX_RV_EPICARDIAL	7	1.0	16
-68.13940	0.68636	-78.88284	LAX_RV_EPICARDIAL	7	1.0	16
-67.91788	-0.91493	-81.18435	LAX_RV_EPICARDIAL	7	1.0	16
-66.29659	-2.51623	-83.35114	LAX_RV_EPICARDIAL	7	1.0	16
-64.67530	-4.11752	-85.51793	LAX_RV_EPICARDIAL	7	1.0	16
-63.05400	-5.71881	-87.68471	LAX_RV_EPICARDIAL	7	1.0	16
-61.43271	-7.32010	-89.85150	LAX_RV_EPICARDIAL	7	1.0	16
-59.81141	-8.92139	-92.01828	LAX_RV_EPICARDIAL	7	1.0	16
-56.79034	-10.52268	-94.05035	LAX_RV_EPICARDIAL	7	1.0	16
-53.76926	-12.12398	-96.08241	LAX_RV_EPICARDIAL	7	1.0	16
-50.74819	-13.72527	-98.11447	LAX_RV_EPICARDIAL	7	1.0	16
-47.83787	-14.52591	-98.99578	LAX_RV_EPICARDIAL	7	1.0	16
-44.81679	-16.12721	-101.02784	LAX_RV_EPICARDIAL	7	1.0	16
-41.90647	-16.92785	-101.90914	LAX_RV_EPICARDIAL	7	1.0	16
-38.99615	-17.72850	-102.79045	LAX_RV_EPICARDIAL	7	1.0	16
-36.19659	-17.72850	-102.52100	LAX_RV_EPICARDIAL	7	1.0	16
-33.28627	-18.52915	-103.40231	LAX_RV_EPICARDIAL	7	1.0	16
-30.37595	-19.32979	-104.28361	LAX_RV_EPICARDIAL	7	1.0	16
-27.46563	-20.13044	-105.16492	LAX_RV_EPICARDIAL	7	1.0	16
-24.55531	-20.93109	-106.04622	LAX_RV_EPICARDIAL	7	1.0	16
-21.64500	-21.73173	-106.92753	LAX_RV_EPICARDIAL	7	1.0	16
-18.84543	-21.73173	-106.65808	LAX_RV_EPICARDIAL	7	1.0	16
-15.93511	-22.53238	-107.53939	LAX_RV_EPICARDIAL	7	1.0	16
-13.02479	-23.33303	-108.42069	LAX_RV_EPICARDIAL	7	1.0	16
-10.11448	-24.13367	-109.30200	LAX_RV_EPICARDIAL	7	1.0	16
-7.20416	-24.93432	-110.18331	LAX_RV_EPICARDIAL	7	1.0	16
-4.40459	-24.93432	-109.91386	LAX_RV_EPICARDIAL	7	1.0	16
-1.60503	-24.93432	-109.64441	LAX_RV_EPICARDIAL	7	1.0	16
1.19453	-24.93432	-109.37496	LAX_RV_EPICARDIAL	7	1.0	16
3.99409	-24.93432	-109.10551	LAX_RV_EPICARDIAL	7	1.0	16
6.90441	-25.73497	-109.98681	LAX_RV_EPICARDIAL	7	1.0	16
9.70398	-25.73497	-109.71737	LAX_RV_EPICARDIAL	7	1.0	16
12.50354	-25.73497	-109.44792	LAX_RV_EPICARDIAL	7	1.0	16
15.30310	-25.73497	-109.17847	LAX_RV_EPICARDIAL	7	1.0	16
18.21342	-26.53562	-110.05977	LAX_RV_EPICARDIAL	7	1.0	16
20.90223	-25.73497	-108.63957	LAX_RV_EPICARDIAL	7	1.0	16
23.70179	-25.73497	-108.37012	LAX_RV_EPICARDIAL	7	1.0	16
26.39059	-24.93433	-106.94991	LAX_RV_EPICARDIAL	7	1.0	16
27.56886	-23.33304	-104.51368	LAX_RV_EPICARDIAL	7	1.0	16
-19.89170	26.30700	-37.07385	MITRAL_VALVE	7	1.0	16
13.77375	35.91474	-19.89667	MITRAL_VALVE	7	1.0	16
-56.42742	7.09152	-68.46428	TRICUSPID_VALVE	7	1.0	16
-26.62904	14.29732	-55.14353	TRICUSPID_VALVE	7	1.0	16
38.54560	-21.73175	-101.13437	APEX_POINT	7	1.0	16
-11.34903	-15.79741	0.21895	LAX_RV_FREEWALL	11	1.0	16
-10.88531	-17.19117	-2.56135	LAX_RV_FREEWALL	11	1.0	16
-10.50699	-17.18129	-5.34827	LAX_RV_FREEWALL	11	1.0	16
-10.04327	-18.57505	-8.12858	LAX_RV_FREEWALL	11	1.0	16
-9.57954	-19.96881	-10.90888	LAX_RV_FREEWALL	11	1.0	16
-9.20123	-19.95893	-13.69580	LAX_RV_FREEWALL	11	1.0	16
-8.73750	-21.35269	-16.47611	LAX_RV_FREEWALL	11	1.0	16
-8.27377	-22.74645	-19.25641	LAX_RV_FREEWALL	11	1.0	16
-7.89546	-22.73657	-22.04333	LAX_RV_FREEWALL	11	1.0	16
-7.51715	-22.72669	-24.83026	LAX_RV_FREEWALL	11	1.0	16
-7.05342	-24.12045	-27.61056	LAX_RV_FREEWALL	11	1.0	16
-6.67510	-24.11057	-30.39748	LAX_RV_FREEWALL	11	1.0	16
-6.29679	-24.10070	-33.18441	LAX_RV_FREEWALL	11	1.0	16
-5.91848	-24.09082	-35.97133	LAX_RV_FREEWALL	11	1.0	16
-5.54017	-24.08094	-38.75825	LAX_RV_FREEWALL	11	1.0	16
-5.16186	-24.07106	-41.54518	LAX_RV_FREEWALL	11	1.0	16
-4.69813	-25.46482	-44.32548	LAX_RV_FREEWALL	11	1.0	16
-4.31982	-25.45494	-47.11240	LAX_RV_FREEWALL	11	1.0	16
-3.94150	-25.44506	-49.89933	LAX_RV_FREEWALL	11	1.0	16
-3.47778	-26.83882	-52.67963	LAX_RV_FREEWALL	11	1.0	16
-3.09946	-26.82894	-55.46655	LAX_RV_FREEWALL	11	1.0	16
-2.72115	-26.81906	-58.25348	LAX_RV_FREEWALL	11	1.0	16
-2.34284	-26.80918	-61.04040	LAX_RV_FREEWALL	11	1.0	16
-1.87911	-28.20294	-63.82070	LAX_RV_FREEWALL	11	1.0	16
-1.50080	-28.19307	-66.60763	LAX_RV_FREEWALL	11	1.0	16
-1.12249	-28.18319	-69.39455	LAX_RV_FREEWALL	11	1.0	16
-0.74417	-28.17331	-72.18147	LAX_RV_FREEWALL	11	1.0	16
-0.45128	-26.75979	-74.97502	LAX_RV_FREEWALL	11	1.0	16
-0.07297	-26.74991	-77.76194	LAX_RV_FREEWALL	11	1.0	16
0.39076	-28.14367	-80.54224	LAX_RV_FREEWALL	11	1.0	16
0.68366	-26.73015	-83.33579	LAX_RV_FREEWALL	11	1.0	16
1.06197	-26.72028	-86.12271	LAX_RV_FREEWALL	11	1.0	16
1.44028	-26.71040	-88.90963	LAX_RV_FREEWALL	11	1.0	16
1.81859	-26.70052	-91.69655	LAX_RV_FREEWALL	11	1.0	16
2.19691	-26.69064	-94.48348	LAX_RV_FREEWALL	11	1.0	16
2.57522	-26.68076	-97.27040	LAX_RV_FREEWALL	11	1.0	16
2.95353	-26.67088	-100.05732	LAX_RV_FREEWALL	11	1.0	16
3.33184	-26.66100	-102.84425	LAX_RV_FREEWALL	11	1.0	16
3.62474	-25.24749	-105.63779	LAX_RV_FREEWALL	11	1.0	16
3.91764	-23.83397	-108.43133	LAX_RV_FREEWALL	11	1.0	16
3.93596	-21.02175	-109.83803	LAX_RV_FREEWALL	11	1.0	16
3.76513	-18.21447	-109.85127	LAX_RV_FREEWALL	11	1.0	16
3.40514	-15.41214	-108.47105	LAX_RV_FREEWALL	11	1.0	16
2.85600	-12.61474	-105.69736	LAX_RV_FREEWALL	11	1.0	16
2.49601	-9.81240	-104.31714	LAX_RV_FREEWALL	11	1.0	16
2.13602	-7.01006	-102.93692	LAX_RV_FREEWALL	11	1.0	16
1.77603	-4.20772	-101.55670	LAX_RV_FREEWALL	11	1.0	16
1.22689	-1.41033	-98.78301	LAX_RV_FREEWALL	11	1.0	16
0.67775	1.38707	-96.00933	LAX_RV_FREEWALL	11	1.0	16
0.21402	2.78083	-93.22902	LAX_RV_FREEWALL	11	1.0	16
-0.14597	5.58317	-91.84880	LAX_RV_FREEWALL	11	1.0	16
-0.69511	8.38057	-89.07512	LAX_RV_FREEWALL	11	1.0	16
-0.71344	5.56835	-87.66842	LAX_RV_FREEWALL	11	1.0	16
-0.54261	2.76107	-87.65518	LAX_RV_SEPTUM	11	1.0	16
-0.56093	-0.05114	-86.24848	LAX_RV_SEPTUM	11	1.0	16
-0.57926	-2.86336	-84.84178	LAX_RV_SEPTUM	11	1.0	16
-0.78674	-5.68051	-82.04161	LAX_RV_SEPTUM	11	1.0	16
-0.80506	-8.49273	-80.63491	LAX_RV_SEPTUM	11	1.0	16
-1.01254	-11.30989	-77.83475	LAX_RV_SEPTUM	11	1.0	16
-1.30544	-12.72340	-75.04121	LAX_RV_SEPTUM	11	1.0	16
-1.68375	-12.73328	-72.25429	LAX_RV_SEPTUM	11	1.0	16
-1.97665	-14.14680	-69.46074	LAX_RV_SEPTUM	11	1.0	16
-2.35496	-14.15668	-66.67382	LAX_RV_SEPTUM	11	1.0	16
-2.73327	-14.16656	-63.88690	LAX_RV_SEPTUM	11	1.0	16
-3.11158	-14.17644	-61.09997	LAX_RV_SEPTUM	11	1.0	16
-3.48989	-14.18632	-58.31305	LAX_RV_SEPTUM	11	1.0	16
-3.78279	-15.59983	-55.51951	LAX_RV_SEPTUM	11	1.0	16
-4.16110	-15.60971	-52.73259	LAX_RV_SEPTUM	11	1.0	16
-4.53942	-15.61959	-49.94566	LAX_RV_SEPTUM	11	1.0	16
-4.91773	-15.62947	-47.15874	LAX_RV_SEPTUM	11	1.0	16
-5.38146	-14.23571	-44.37844	LAX_RV_SEPTUM	11	1.0	16
-5.75977	-14.24559	-41.59151	LAX_RV_SEPTUM	11	1.0	16
-6.22350	-12.85183	-38.81121	LAX_RV_SEPTUM	11	1.0	16
-6.68722	-11.45807	-36.03091	LAX_RV_SEPTUM	11	1.0	16
-7.15095	-10.06431	-33.25060	LAX_RV_SEPTUM	11	1.0	16
-7.52926	-10.07419	-30.46368	LAX_RV_SEPTUM	11	1.0	16
-7.99299	-8.68043	-27.68337	LAX_RV_SEPTUM	11	1.0	16
-8.45672	-7.28667	-24.90307	LAX_RV_SEPTUM	11	1.0	16
-8.92045	-5.89291	-22.12277	LAX_RV_SEPTUM	11	1.0	16
-9.38418	-4.49915	-19.34246	LAX_RV_SEPTUM	11	1.0	16
-9.84790	-3.10539	-16.56216	LAX_RV_SEPTUM	11	1.0	16
-10.31163	-1.71163	-13.78186	LAX_RV_SEPTUM	11	1.0	16
-10.77536	-0.31787	-11.00155	LAX_RV_SEPTUM	11	1.0	16
-11.36736	-18.60963	1.62565	LAX_RV_EPICARDIAL	11	1.0	16
-10.90363	-20.00339	-1.15465	LAX_RV_EPICARDIAL	11	1.0	16
-10.43990	-21.39715	-3.93495	LAX_RV_EPICARDIAL	11	1.0	16
-10.06159	-21.38727	-6.72188	LAX_RV_EPICARDIAL	11	1.0	16
-9.59786	-22.78103	-9.50218	LAX_RV_EPICARDIAL	11	1.0	16
-9.13413	-24.17479	-12.28248	LAX_RV_EPICARDIAL	11	1.0	16
-8.75582	-24.16491	-15.06941	LAX_RV_EPICARDIAL	11	1.0	16
-8.29209	-25.55867	-17.84971	LAX_RV_EPICARDIAL	11	1.0	16
-7.82837	-26.95243	-20.63002	LAX_RV_EPICARDIAL	11	1.0	16
-7.45005	-26.94255	-23.41694	LAX_RV_EPICARDIAL	11	1.0	16
-7.07174	-26.93267	-26.20386	LAX_RV_EPICARDIAL	11	1.0	16
-6.60801	-28.32643	-28.98417	LAX_RV_EPICARDIAL	11	1.0	16
-6.22970	-28.31655	-31.77109	LAX_RV_EPICARDIAL	11	1.0	16
-5.85139	-28.30667	-34.55801	LAX_RV_EPICARDIAL	11	1.0	16
-5.47308	-28.29679	-37.34493	LAX_RV_EPICARDIAL	11	1.0	16
-5.09476	-28.28691	-40.13186	LAX_RV_EPICARDIAL	11	1.0	16
-4.71645	-28.27704	-42.91878	LAX_RV_EPICARDIAL	11	1.0	16
-4.33814	-28.26716	-45.70570	LAX_RV_EPICARDIAL	11	1.0	16
-3.95983	-28.25728	-48.49263	LAX_RV_EPICARDIAL	11	1.0	16
-3.58152	-28.24740	-51.27955	LAX_RV_EPICARDIAL	11	1.0	16
-3.20320	-28.23752	-54.06647	LAX_RV_EPICARDIAL	11	1.0	16
-2.73948	-29.63128	-56.84678	LAX_RV_EPICARDIAL	11	1.0	16
-2.27575	-31.02504	-59.62708	LAX_RV_EPICARDIAL	11	1.0	16
-1.98285	-29.61152	-62.42062	LAX_RV_EPICARDIAL	11	1.0	16
-1.60454	-29.60164	-65.20755	LAX_RV_EPICARDIAL	11	1.0	16
-1.14081	-30.99540	-67.98785	LAX_RV_EPICARDIAL	11	1.0	16
-0.76250	-30.98552	-70.77477	LAX_RV_EPICARDIAL	11	1.0	16
-0.38419	-30.97565	-73.56170	LAX_RV_EPICARDIAL	11	1.0	16
-0.09129	-29.56213	-76.35524	LAX_RV_EPICARDIAL	11	1.0	16
0.28702	-29.55225	-79.14216	LAX_RV_EPICARDIAL	11	1.0	16
0.66533	-29.54237	-81.92909	LAX_RV_EPICARDIAL	11	1.0	16
1.04365	-29.53249	-84.71601	LAX_RV_EPICARDIAL	11	1.0	16
1.42196	-29.52261	-87.50293	LAX_RV_EPICARDIAL	11	1.0	16
1.80027	-29.51273	-90.28985	LAX_RV_EPICARDIAL	11	1.0	16
2.17858	-29.50286	-93.07678	LAX_RV_EPICARDIAL	11	1.0	16
2.55690	-29.49298	-95.86370	LAX_RV_EPICARDIAL	11	1.0	16
2.93521	-29.48310	-98.65062	LAX_RV_EPICARDIAL	11	1.0	16
3.31352	-29.47322	-101.43755	LAX_RV_EPICARDIAL	11	1.0	16
3.60642	-28.05970	-104.23109	LAX_RV_EPICARDIAL	11	1.0	16
3.98473	-28.04982	-107.01801	LAX_RV_EPICARDIAL	11	1.0	16
4.27762	-26.63631	-109.81156	LAX_RV_EPICARDIAL	11	1.0	16
4.48510	-23.81915	-112.61172	LAX_RV_EPICARDIAL	11	1.0	16
4.50343	-21.00693	-114.01842	LAX_RV_EPICARDIAL	11	1.0	16
4.14344	-18.20460	-112.63819	LAX_RV_EPICARDIAL	11	1.0	16
3.97261	-15.39732	-112.65143	LAX_RV_EPICARDIAL	11	1.0	16
3.61262	-12.59498	-111.27121	LAX_RV_EPICARDIAL	11	1.0	16
3.25263	-9.79264	-109.89099	LAX_RV_EPICARDIAL	11	1.0	16
2.89265	-6.99030	-108.51076	LAX_RV_EPICARDIAL	11	1.0	16
2.34350	-4.19291	-105.73708	LAX_RV_EPICARDIAL	11	1.0	16
1.98351	-1.39057	-104.35686	LAX_RV_EPICARDIAL	11	1.0	16
1.62353	1.41177	-102.97663	LAX_RV_EPICARDIAL	11	1.0	16
1.07438	4.20917	-100.20295	LAX_RV_EPICARDIAL	11	1.0	16
0.61065	5.60293	-97.42265	LAX_RV_EPICARDIAL	11	1.0	16
0.06151	8.40033	-94.64896	LAX_RV_EPICARDIAL	11	1.0	16
-0.29848	11.20266	-93.26874	LAX_RV_EPICARDIAL	11	1.0	16
-0.76221	12.59642	-90.48844	LAX_RV_EPICARDIAL	11	1.0	16
-0.86595	11.18785	-89.08835	LAX_RV_EPICARDIAL	11	1.0	16
-0.69511	8.38057	-89.07512	LAX_RV_EPICARDIAL	11	1.0	16
-12.00192	-14.40859	4.39272	PULMONARY_VALVE	11	1.0	16
-11.34283	-0.33269	-6.82117	PULMONARY_VALVE	11	1.0	16
