x	y	z	contour type	frameID	weight	time frame
-27.71176	-26.38164	-45.82707	SAX_RV_FREEWALL	3	1.0	8
-29.40832	-25.27687	-48.23307	SAX_RV_FREEWALL	3	1.0	8
-31.63601	-25.27687	-49.94992	SAX_RV_FREEWALL	3	1.0	8
-33.86370	-25.27687	-51.66676	SAX_RV_FREEWALL	3	1.0	8
-35.56027	-24.17211	-54.07277	SAX_RV_FREEWALL	3	1.0	8
-37.25684	-23.06734	-56.47877	SAX_RV_FREEWALL	3	1.0	8
-38.95340	-21.96258	-58.88477	SAX_RV_FREEWALL	3	1.0	8
-41.18109	-21.96258	-60.60162	SAX_RV_FREEWALL	3	1.0	8
-42.34654	-19.75304	-63.69678	SAX_RV_FREEWALL	3	1.0	8
-44.04311	-18.64828	-66.10278	SAX_RV_FREEWALL	3	1.0	8
-45.20855	-16.43874	-69.19794	SAX_RV_FREEWALL	3	1.0	8
-45.26015	-14.22921	-71.43467	SAX_RV_FREEWALL	3	1.0	8
-45.31176	-12.01967	-73.67141	SAX_RV_FREEWALL	3	1.0	8
-45.36336	-9.81014	-75.90815	SAX_RV_FREEWALL	3	1.0	8
-44.30112	-7.60060	-77.28646	SAX_RV_FREEWALL	3	1.0	8
-43.23888	-5.39106	-78.66477	SAX_RV_FREEWALL	3	1.0	8
-41.06279	-3.18153	-79.18466	SAX_RV_FREEWALL	3	1.0	8
-38.88670	-0.97199	-79.70455	SAX_RV_FREEWALL	3	1.0	8
-36.71062	1.23755	-80.22444	SAX_RV_FREEWALL	3	1.0	8
-33.42069	3.44709	-79.88591	SAX_RV_FREEWALL	3	1.0	8
-31.24460	5.65663	-80.40580	SAX_RV_FREEWALL	3	1.0	8
-27.95467	7.86616	-80.06727	SAX_RV_FREEWALL	3	1.0	8
-24.66474	10.07570	-79.72874	SAX_RV_FREEWALL	3	1.0	8
-21.90593	11.18047	-78.70105	SAX_RV_FREEWALL	3	1.0	8
-19.14712	12.28524	-77.67336	SAX_RV_FREEWALL	3	1.0	8
-16.91943	12.28525	-75.95652	SAX_RV_FREEWALL	3	1.0	8
-14.69174	12.28525	-74.23967	SAX_RV_FREEWALL	3	1.0	8
7.14213	-16.43869	-28.85206	SAX_RV_FREEWALL	3	1.0	8
3.85220	-18.64823	-29.19060	SAX_RV_FREEWALL	3	1.0	8
1.09339	-19.75300	-30.21829	SAX_RV_FREEWALL	3	1.0	8
-1.66542	-20.85777	-31.24597	SAX_RV_FREEWALL	3	1.0	8
-4.42423	-21.96254	-32.27366	SAX_RV_FREEWALL	3	1.0	8
-7.18304	-23.06731	-33.30135	SAX_RV_FREEWALL	3	1.0	8
-9.94185	-24.17208	-34.32904	SAX_RV_FREEWALL	3	1.0	8
-12.70066	-25.27685	-35.35673	SAX_RV_FREEWALL	3	1.0	8
-14.92835	-25.27686	-37.07358	SAX_RV_FREEWALL	3	1.0	8
-17.68716	-26.38163	-38.10126	SAX_RV_FREEWALL	3	1.0	8
-19.91485	-26.38163	-39.81811	SAX_RV_FREEWALL	3	1.0	8
-22.14254	-26.38163	-41.53496	SAX_RV_FREEWALL	3	1.0	8
-24.37022	-26.38163	-43.25180	SAX_RV_FREEWALL	3	1.0	8
-26.59791	-26.38164	-44.96865	SAX_RV_FREEWALL	3	1.0	8
-31.53281	-29.69594	-45.47645	SAX_RV_EPICARDIAL	3	1.0	8
-33.22938	-28.59118	-47.88245	SAX_RV_EPICARDIAL	3	1.0	8
-35.45706	-28.59118	-49.59929	SAX_RV_EPICARDIAL	3	1.0	8
-37.15363	-27.48641	-52.00530	SAX_RV_EPICARDIAL	3	1.0	8
-39.38132	-27.48642	-53.72214	SAX_RV_EPICARDIAL	3	1.0	8
-41.07789	-26.38165	-56.12814	SAX_RV_EPICARDIAL	3	1.0	8
-43.30558	-26.38165	-57.84499	SAX_RV_EPICARDIAL	3	1.0	8
-45.00214	-25.27689	-60.25099	SAX_RV_EPICARDIAL	3	1.0	8
-46.69871	-24.17212	-62.65699	SAX_RV_EPICARDIAL	3	1.0	8
-47.86416	-21.96259	-65.75215	SAX_RV_EPICARDIAL	3	1.0	8
-49.02960	-19.75305	-68.84731	SAX_RV_EPICARDIAL	3	1.0	8
-50.19505	-17.54352	-71.94247	SAX_RV_EPICARDIAL	3	1.0	8
-49.13281	-15.33398	-73.32078	SAX_RV_EPICARDIAL	3	1.0	8
-49.18441	-13.12444	-75.55752	SAX_RV_EPICARDIAL	3	1.0	8
-48.12217	-10.91491	-76.93583	SAX_RV_EPICARDIAL	3	1.0	8
-47.05993	-8.70537	-78.31415	SAX_RV_EPICARDIAL	3	1.0	8
-45.99768	-6.49583	-79.69246	SAX_RV_EPICARDIAL	3	1.0	8
-44.93544	-4.28630	-81.07078	SAX_RV_EPICARDIAL	3	1.0	8
-43.87320	-2.07676	-82.44909	SAX_RV_EPICARDIAL	3	1.0	8
-41.69712	0.13278	-82.96898	SAX_RV_EPICARDIAL	3	1.0	8
-39.52103	2.34231	-83.48887	SAX_RV_EPICARDIAL	3	1.0	8
-36.23110	4.55185	-83.15034	SAX_RV_EPICARDIAL	3	1.0	8
-34.05501	6.76139	-83.67023	SAX_RV_EPICARDIAL	3	1.0	8
-30.76508	8.97093	-83.33170	SAX_RV_EPICARDIAL	3	1.0	8
-28.00627	10.07570	-82.30401	SAX_RV_EPICARDIAL	3	1.0	8
-24.71634	12.28524	-81.96547	SAX_RV_EPICARDIAL	3	1.0	8
-21.42641	14.49478	-81.62694	SAX_RV_EPICARDIAL	3	1.0	8
-18.66760	15.59955	-80.59925	SAX_RV_EPICARDIAL	3	1.0	8
-15.90879	16.70432	-79.57156	SAX_RV_EPICARDIAL	3	1.0	8
-13.68111	16.70432	-77.85472	SAX_RV_EPICARDIAL	3	1.0	8
-10.92230	17.80909	-76.82703	SAX_RV_EPICARDIAL	3	1.0	8
-11.93294	13.39002	-73.21198	SAX_RV_EPICARDIAL	3	1.0	8
10.96318	-13.12438	-29.20269	SAX_RV_EPICARDIAL	3	1.0	8
15.41855	-13.12438	-25.76900	SAX_RV_EPICARDIAL	3	1.0	8
13.24247	-15.33392	-25.24911	SAX_RV_EPICARDIAL	3	1.0	8
11.06638	-17.54346	-24.72922	SAX_RV_EPICARDIAL	3	1.0	8
7.77645	-19.75299	-25.06775	SAX_RV_EPICARDIAL	3	1.0	8
4.48652	-21.96253	-25.40628	SAX_RV_EPICARDIAL	3	1.0	8
1.72771	-23.06730	-26.43397	SAX_RV_EPICARDIAL	3	1.0	8
-1.03110	-24.17207	-27.46166	SAX_RV_EPICARDIAL	3	1.0	8
-4.32103	-26.38161	-27.80019	SAX_RV_EPICARDIAL	3	1.0	8
-7.07984	-27.48638	-28.82788	SAX_RV_EPICARDIAL	3	1.0	8
-9.83865	-28.59115	-29.85557	SAX_RV_EPICARDIAL	3	1.0	8
-12.06634	-28.59116	-31.57241	SAX_RV_EPICARDIAL	3	1.0	8
-14.82514	-29.69593	-32.60010	SAX_RV_EPICARDIAL	3	1.0	8
-17.05283	-29.69593	-34.31695	SAX_RV_EPICARDIAL	3	1.0	8
-19.28052	-29.69593	-36.03379	SAX_RV_EPICARDIAL	3	1.0	8
-21.50821	-29.69593	-37.75064	SAX_RV_EPICARDIAL	3	1.0	8
-23.73590	-29.69594	-39.46749	SAX_RV_EPICARDIAL	3	1.0	8
-25.96359	-29.69594	-41.18433	SAX_RV_EPICARDIAL	3	1.0	8
-28.19128	-29.69594	-42.90118	SAX_RV_EPICARDIAL	3	1.0	8
-30.41896	-29.69594	-44.61802	SAX_RV_EPICARDIAL	3	1.0	8
-12.46406	12.28525	-72.52282	SAX_RV_SEPTUM	3	1.0	8
-12.41245	10.07571	-70.28609	SAX_RV_SEPTUM	3	1.0	8
-12.36085	7.86618	-68.04935	SAX_RV_SEPTUM	3	1.0	8
-12.30925	5.65664	-65.81262	SAX_RV_SEPTUM	3	1.0	8
-12.25765	3.44711	-63.57588	SAX_RV_SEPTUM	3	1.0	8
-12.20604	1.23757	-61.33914	SAX_RV_SEPTUM	3	1.0	8
-12.15444	-0.97196	-59.10241	SAX_RV_SEPTUM	3	1.0	8
-10.98900	-3.18150	-56.00725	SAX_RV_SEPTUM	3	1.0	8
-10.93739	-5.39103	-53.77051	SAX_RV_SEPTUM	3	1.0	8
-9.77195	-7.60057	-50.67535	SAX_RV_SEPTUM	3	1.0	8
-8.07538	-8.70533	-48.26935	SAX_RV_SEPTUM	3	1.0	8
-6.90993	-10.91487	-45.17419	SAX_RV_SEPTUM	3	1.0	8
-4.68224	-10.91486	-43.45734	SAX_RV_SEPTUM	3	1.0	8
-2.98568	-12.01963	-41.05134	SAX_RV_SEPTUM	3	1.0	8
-0.75799	-12.01963	-39.33450	SAX_RV_SEPTUM	3	1.0	8
0.93858	-13.12439	-36.92849	SAX_RV_SEPTUM	3	1.0	8
3.16627	-13.12439	-35.21165	SAX_RV_SEPTUM	3	1.0	8
5.39396	-13.12439	-33.49480	SAX_RV_SEPTUM	3	1.0	8
7.62164	-13.12439	-31.77796	SAX_RV_SEPTUM	3	1.0	8
9.84933	-13.12439	-30.06111	SAX_RV_SEPTUM	3	1.0	8
9.31821	-14.22915	-29.37196	SAX_RV_SEPTUM	3	1.0	8
-9.22573	16.70432	-74.42103	SAX_LV_EPICARDIAL	3	1.0	8
-8.16349	18.91386	-75.79934	SAX_LV_EPICARDIAL	3	1.0	8
-5.98740	21.12340	-76.31923	SAX_LV_EPICARDIAL	3	1.0	8
-4.92516	23.33294	-77.69755	SAX_LV_EPICARDIAL	3	1.0	8
-2.74907	25.54247	-78.21744	SAX_LV_EPICARDIAL	3	1.0	8
-0.57299	27.75201	-78.73733	SAX_LV_EPICARDIAL	3	1.0	8
2.71694	29.96155	-78.39879	SAX_LV_EPICARDIAL	3	1.0	8
6.00687	32.17109	-78.06026	SAX_LV_EPICARDIAL	3	1.0	8
9.29680	34.38063	-77.72173	SAX_LV_EPICARDIAL	3	1.0	8
12.05561	35.48540	-76.69404	SAX_LV_EPICARDIAL	3	1.0	8
14.81442	36.59017	-75.66635	SAX_LV_EPICARDIAL	3	1.0	8
17.57323	37.69494	-74.63866	SAX_LV_EPICARDIAL	3	1.0	8
20.33204	38.79971	-73.61097	SAX_LV_EPICARDIAL	3	1.0	8
23.09085	39.90448	-72.58329	SAX_LV_EPICARDIAL	3	1.0	8
25.31854	39.90448	-70.86644	SAX_LV_EPICARDIAL	3	1.0	8
27.54623	39.90448	-69.14959	SAX_LV_EPICARDIAL	3	1.0	8
30.30504	41.00925	-68.12191	SAX_LV_EPICARDIAL	3	1.0	8
32.53273	41.00926	-66.40506	SAX_LV_EPICARDIAL	3	1.0	8
34.76041	41.00926	-64.68821	SAX_LV_EPICARDIAL	3	1.0	8
36.45698	39.90449	-62.28221	SAX_LV_EPICARDIAL	3	1.0	8
38.15355	38.79973	-59.87621	SAX_LV_EPICARDIAL	3	1.0	8
40.38124	38.79973	-58.15936	SAX_LV_EPICARDIAL	3	1.0	8
41.54668	36.59019	-55.06420	SAX_LV_EPICARDIAL	3	1.0	8
43.24325	35.48543	-52.65820	SAX_LV_EPICARDIAL	3	1.0	8
44.40870	33.27589	-49.56304	SAX_LV_EPICARDIAL	3	1.0	8
45.57415	31.06636	-46.46788	SAX_LV_EPICARDIAL	3	1.0	8
45.62575	28.85682	-44.23115	SAX_LV_EPICARDIAL	3	1.0	8
45.67735	26.64729	-41.99441	SAX_LV_EPICARDIAL	3	1.0	8
45.72895	24.43775	-39.75768	SAX_LV_EPICARDIAL	3	1.0	8
45.78055	22.22822	-37.52094	SAX_LV_EPICARDIAL	3	1.0	8
44.71831	20.01868	-36.14263	SAX_LV_EPICARDIAL	3	1.0	8
44.76992	17.80915	-33.90589	SAX_LV_EPICARDIAL	3	1.0	8
43.70767	15.59961	-32.52758	SAX_LV_EPICARDIAL	3	1.0	8
42.64543	13.39007	-31.14926	SAX_LV_EPICARDIAL	3	1.0	8
41.58319	11.18054	-29.77095	SAX_LV_EPICARDIAL	3	1.0	8
39.40710	8.97100	-29.25106	SAX_LV_EPICARDIAL	3	1.0	8
38.34486	6.76146	-27.87275	SAX_LV_EPICARDIAL	3	1.0	8
37.28262	4.55193	-26.49443	SAX_LV_EPICARDIAL	3	1.0	8
35.10653	2.34239	-25.97454	SAX_LV_EPICARDIAL	3	1.0	8
32.93045	0.13285	-25.45465	SAX_LV_EPICARDIAL	3	1.0	8
30.75436	-2.07669	-24.93476	SAX_LV_EPICARDIAL	3	1.0	8
28.57828	-4.28623	-24.41487	SAX_LV_EPICARDIAL	3	1.0	8
25.81947	-5.39100	-25.44256	SAX_LV_EPICARDIAL	3	1.0	8
22.52954	-7.60053	-25.78109	SAX_LV_EPICARDIAL	3	1.0	8
19.23961	-9.81007	-26.11962	SAX_LV_EPICARDIAL	3	1.0	8
16.48080	-10.91484	-27.14731	SAX_LV_EPICARDIAL	3	1.0	8
14.25311	-10.91485	-28.86416	SAX_LV_EPICARDIAL	3	1.0	8
7.89475	-0.97194	-43.65080	SAX_LV_ENDOCARDIAL	3	1.0	8
6.19819	0.13282	-46.05680	SAX_LV_ENDOCARDIAL	3	1.0	8
4.50162	1.23759	-48.46280	SAX_LV_ENDOCARDIAL	3	1.0	8
2.80505	2.34236	-50.86880	SAX_LV_ENDOCARDIAL	3	1.0	8
1.10848	3.44712	-53.27481	SAX_LV_ENDOCARDIAL	3	1.0	8
-0.05696	5.65666	-56.36996	SAX_LV_ENDOCARDIAL	3	1.0	8
-0.10857	7.86619	-58.60670	SAX_LV_ENDOCARDIAL	3	1.0	8
-0.16017	10.07573	-60.84344	SAX_LV_ENDOCARDIAL	3	1.0	8
-0.21177	12.28526	-63.08017	SAX_LV_ENDOCARDIAL	3	1.0	8
0.85047	14.49480	-64.45849	SAX_LV_ENDOCARDIAL	3	1.0	8
1.91271	16.70434	-65.83680	SAX_LV_ENDOCARDIAL	3	1.0	8
2.97496	18.91387	-67.21511	SAX_LV_ENDOCARDIAL	3	1.0	8
4.03720	21.12341	-68.59343	SAX_LV_ENDOCARDIAL	3	1.0	8
6.21328	23.33295	-69.11332	SAX_LV_ENDOCARDIAL	3	1.0	8
9.50321	25.54249	-68.77479	SAX_LV_ENDOCARDIAL	3	1.0	8
12.79314	27.75202	-68.43625	SAX_LV_ENDOCARDIAL	3	1.0	8
15.55195	28.85679	-67.40856	SAX_LV_ENDOCARDIAL	3	1.0	8
18.31076	29.96156	-66.38088	SAX_LV_ENDOCARDIAL	3	1.0	8
21.06957	31.06634	-65.35319	SAX_LV_ENDOCARDIAL	3	1.0	8
23.29726	31.06634	-63.63634	SAX_LV_ENDOCARDIAL	3	1.0	8
26.05607	32.17111	-62.60865	SAX_LV_ENDOCARDIAL	3	1.0	8
28.28376	32.17111	-60.89181	SAX_LV_ENDOCARDIAL	3	1.0	8
29.98033	31.06634	-58.48580	SAX_LV_ENDOCARDIAL	3	1.0	8
31.67689	29.96158	-56.07980	SAX_LV_ENDOCARDIAL	3	1.0	8
33.37346	28.85681	-53.67380	SAX_LV_ENDOCARDIAL	3	1.0	8
35.07003	27.75205	-51.26780	SAX_LV_ENDOCARDIAL	3	1.0	8
36.23548	25.54251	-48.17264	SAX_LV_ENDOCARDIAL	3	1.0	8
36.28708	23.33298	-45.93590	SAX_LV_ENDOCARDIAL	3	1.0	8
36.33868	21.12344	-43.69917	SAX_LV_ENDOCARDIAL	3	1.0	8
36.39028	18.91391	-41.46243	SAX_LV_ENDOCARDIAL	3	1.0	8
35.32804	16.70437	-40.08412	SAX_LV_ENDOCARDIAL	3	1.0	8
34.26580	14.49483	-38.70580	SAX_LV_ENDOCARDIAL	3	1.0	8
33.20356	12.28530	-37.32749	SAX_LV_ENDOCARDIAL	3	1.0	8
32.14131	10.07576	-35.94918	SAX_LV_ENDOCARDIAL	3	1.0	8
31.07907	7.86622	-34.57086	SAX_LV_ENDOCARDIAL	3	1.0	8
28.90299	5.65668	-34.05097	SAX_LV_ENDOCARDIAL	3	1.0	8
26.72690	3.44715	-33.53108	SAX_LV_ENDOCARDIAL	3	1.0	8
24.55081	1.23761	-33.01119	SAX_LV_ENDOCARDIAL	3	1.0	8
21.79201	0.13284	-34.03888	SAX_LV_ENDOCARDIAL	3	1.0	8
19.03320	-0.97193	-35.06657	SAX_LV_ENDOCARDIAL	3	1.0	8
16.80551	-0.97193	-36.78341	SAX_LV_ENDOCARDIAL	3	1.0	8
14.57782	-0.97194	-38.50026	SAX_LV_ENDOCARDIAL	3	1.0	8
12.35013	-0.97194	-40.21710	SAX_LV_ENDOCARDIAL	3	1.0	8
10.12244	-0.97194	-41.93395	SAX_LV_ENDOCARDIAL	3	1.0	8
9.31821	-14.22915	-29.37196	RV_INSERT	3	1.0	8
-14.69174	12.28525	-74.23967	RV_INSERT	3	1.0	8
-28.28932	-30.70404	-70.41816	SAX_RV_FREEWALL	4	1.0	8
-29.98588	-29.59927	-72.82416	SAX_RV_FREEWALL	4	1.0	8
-31.15133	-27.38974	-75.91932	SAX_RV_FREEWALL	4	1.0	8
-32.84790	-26.28497	-78.32533	SAX_RV_FREEWALL	4	1.0	8
-32.89950	-24.07544	-80.56206	SAX_RV_FREEWALL	4	1.0	8
-32.95110	-21.86590	-82.79880	SAX_RV_FREEWALL	4	1.0	8
-33.00271	-19.65637	-85.03553	SAX_RV_FREEWALL	4	1.0	8
-31.94046	-17.44683	-86.41385	SAX_RV_FREEWALL	4	1.0	8
-29.76438	-15.23729	-86.93374	SAX_RV_FREEWALL	4	1.0	8
-28.70214	-13.02776	-88.31205	SAX_RV_FREEWALL	4	1.0	8
-26.52605	-10.81822	-88.83194	SAX_RV_FREEWALL	4	1.0	8
-23.23612	-8.60868	-88.49341	SAX_RV_FREEWALL	4	1.0	8
-21.06003	-6.39914	-89.01330	SAX_RV_FREEWALL	4	1.0	8
-17.77010	-4.18960	-88.67477	SAX_RV_FREEWALL	4	1.0	8
-15.59402	-1.98006	-89.19466	SAX_RV_FREEWALL	4	1.0	8
-12.30409	0.22947	-88.85613	SAX_RV_FREEWALL	4	1.0	8
-9.01416	2.43901	-88.51759	SAX_RV_FREEWALL	4	1.0	8
-6.25535	3.54378	-87.48991	SAX_RV_FREEWALL	4	1.0	8
-3.49654	4.64855	-86.46222	SAX_RV_FREEWALL	4	1.0	8
-1.26885	4.64856	-84.74537	SAX_RV_FREEWALL	4	1.0	8
4.38848	-22.97063	-52.92327	SAX_RV_FREEWALL	4	1.0	8
1.62967	-24.07540	-53.95095	SAX_RV_FREEWALL	4	1.0	8
-0.59802	-24.07540	-55.66780	SAX_RV_FREEWALL	4	1.0	8
-2.82571	-24.07541	-57.38465	SAX_RV_FREEWALL	4	1.0	8
-5.58452	-25.18018	-58.41233	SAX_RV_FREEWALL	4	1.0	8
-8.34333	-26.28495	-59.44002	SAX_RV_FREEWALL	4	1.0	8
-11.10214	-27.38972	-60.46771	SAX_RV_FREEWALL	4	1.0	8
-13.86094	-28.49449	-61.49540	SAX_RV_FREEWALL	4	1.0	8
-16.61975	-29.59926	-62.52309	SAX_RV_FREEWALL	4	1.0	8
-18.84744	-29.59926	-64.23994	SAX_RV_FREEWALL	4	1.0	8
-21.60625	-30.70403	-65.26762	SAX_RV_FREEWALL	4	1.0	8
-23.83394	-30.70403	-66.98447	SAX_RV_FREEWALL	4	1.0	8
-26.06163	-30.70404	-68.70132	SAX_RV_FREEWALL	4	1.0	8
-29.29996	-35.12311	-66.80311	SAX_RV_EPICARDIAL	4	1.0	8
-30.99652	-34.01834	-69.20911	SAX_RV_EPICARDIAL	4	1.0	8
-32.69309	-32.91358	-71.61512	SAX_RV_EPICARDIAL	4	1.0	8
-34.38966	-31.80881	-74.02112	SAX_RV_EPICARDIAL	4	1.0	8
-35.55511	-29.59928	-77.11628	SAX_RV_EPICARDIAL	4	1.0	8
-36.72055	-27.38974	-80.21144	SAX_RV_EPICARDIAL	4	1.0	8
-37.88600	-25.18021	-83.30660	SAX_RV_EPICARDIAL	4	1.0	8
-36.82376	-22.97067	-84.68491	SAX_RV_EPICARDIAL	4	1.0	8
-36.87536	-20.76114	-86.92165	SAX_RV_EPICARDIAL	4	1.0	8
-35.81312	-18.55160	-88.29996	SAX_RV_EPICARDIAL	4	1.0	8
-34.75088	-16.34206	-89.67827	SAX_RV_EPICARDIAL	4	1.0	8
-32.57479	-14.13253	-90.19816	SAX_RV_EPICARDIAL	4	1.0	8
-30.39870	-11.92299	-90.71805	SAX_RV_EPICARDIAL	4	1.0	8
-28.22262	-9.71345	-91.23794	SAX_RV_EPICARDIAL	4	1.0	8
-26.04653	-7.50391	-91.75784	SAX_RV_EPICARDIAL	4	1.0	8
-23.87045	-5.29438	-92.27773	SAX_RV_EPICARDIAL	4	1.0	8
-21.69436	-3.08484	-92.79762	SAX_RV_EPICARDIAL	4	1.0	8
-18.40443	-0.87530	-92.45908	SAX_RV_EPICARDIAL	4	1.0	8
-15.11450	1.33424	-92.12055	SAX_RV_EPICARDIAL	4	1.0	8
-13.46953	2.43901	-91.95129	SAX_RV_EPICARDIAL	4	1.0	8
-10.17960	4.64855	-91.61275	SAX_RV_EPICARDIAL	4	1.0	8
-6.88967	6.85809	-91.27422	SAX_RV_EPICARDIAL	4	1.0	8
-4.13086	7.96286	-90.24653	SAX_RV_EPICARDIAL	4	1.0	8
-1.37205	9.06763	-89.21884	SAX_RV_EPICARDIAL	4	1.0	8
0.85563	9.06763	-87.50200	SAX_RV_EPICARDIAL	4	1.0	8
3.08332	9.06763	-85.78515	SAX_RV_EPICARDIAL	4	1.0	8
1.48996	5.75333	-83.71768	SAX_RV_EPICARDIAL	4	1.0	8
9.37498	-21.86586	-50.17873	SAX_RV_EPICARDIAL	4	1.0	8
9.42658	-24.07539	-47.94199	SAX_RV_EPICARDIAL	4	1.0	8
6.66777	-25.18017	-48.96968	SAX_RV_EPICARDIAL	4	1.0	8
3.90896	-26.28494	-49.99737	SAX_RV_EPICARDIAL	4	1.0	8
1.68127	-26.28494	-51.71422	SAX_RV_EPICARDIAL	4	1.0	8
-1.07754	-27.38971	-52.74191	SAX_RV_EPICARDIAL	4	1.0	8
-3.30523	-27.38971	-54.45875	SAX_RV_EPICARDIAL	4	1.0	8
-6.06404	-28.49448	-55.48644	SAX_RV_EPICARDIAL	4	1.0	8
-8.82284	-29.59925	-56.51413	SAX_RV_EPICARDIAL	4	1.0	8
-11.58165	-30.70402	-57.54182	SAX_RV_EPICARDIAL	4	1.0	8
-14.34046	-31.80879	-58.56951	SAX_RV_EPICARDIAL	4	1.0	8
-17.09927	-32.91356	-59.59720	SAX_RV_EPICARDIAL	4	1.0	8
-19.85808	-34.01833	-60.62489	SAX_RV_EPICARDIAL	4	1.0	8
-22.08577	-34.01834	-62.34173	SAX_RV_EPICARDIAL	4	1.0	8
-24.31346	-34.01834	-64.05858	SAX_RV_EPICARDIAL	4	1.0	8
-27.07227	-35.12311	-65.08627	SAX_RV_EPICARDIAL	4	1.0	8
0.95884	4.64856	-83.02853	SAX_RV_SEPTUM	4	1.0	8
-0.10340	2.43902	-81.65021	SAX_RV_SEPTUM	4	1.0	8
-1.16564	0.22949	-80.27190	SAX_RV_SEPTUM	4	1.0	8
-1.11404	-1.98005	-78.03516	SAX_RV_SEPTUM	4	1.0	8
-2.17628	-4.18959	-76.65685	SAX_RV_SEPTUM	4	1.0	8
-2.12468	-6.39912	-74.42011	SAX_RV_SEPTUM	4	1.0	8
-2.07308	-8.60866	-72.18338	SAX_RV_SEPTUM	4	1.0	8
-2.02148	-10.81819	-69.94664	SAX_RV_SEPTUM	4	1.0	8
-0.85603	-13.02773	-66.85148	SAX_RV_SEPTUM	4	1.0	8
0.30942	-15.23726	-63.75632	SAX_RV_SEPTUM	4	1.0	8
2.00598	-16.34203	-61.35032	SAX_RV_SEPTUM	4	1.0	8
3.17143	-18.55156	-58.25516	SAX_RV_SEPTUM	4	1.0	8
4.86800	-19.65633	-55.84916	SAX_RV_SEPTUM	4	1.0	8
7.09569	-19.65633	-54.13231	SAX_RV_SEPTUM	4	1.0	8
8.79225	-20.76109	-51.72631	SAX_RV_SEPTUM	4	1.0	8
6.61617	-22.97063	-51.20642	SAX_RV_SEPTUM	4	1.0	8
5.31101	9.06763	-84.06831	SAX_LV_EPICARDIAL	4	1.0	8
6.37325	11.27717	-85.44662	SAX_LV_EPICARDIAL	4	1.0	8
8.54934	13.48671	-85.96651	SAX_LV_EPICARDIAL	4	1.0	8
11.83927	15.69625	-85.62798	SAX_LV_EPICARDIAL	4	1.0	8
14.01536	17.90578	-86.14787	SAX_LV_EPICARDIAL	4	1.0	8
17.30529	20.11532	-85.80934	SAX_LV_EPICARDIAL	4	1.0	8
20.59522	22.32486	-85.47080	SAX_LV_EPICARDIAL	4	1.0	8
23.35403	23.42963	-84.44312	SAX_LV_EPICARDIAL	4	1.0	8
26.11284	24.53440	-83.41543	SAX_LV_EPICARDIAL	4	1.0	8
28.87164	25.63917	-82.38774	SAX_LV_EPICARDIAL	4	1.0	8
31.63045	26.74394	-81.36005	SAX_LV_EPICARDIAL	4	1.0	8
33.85814	26.74395	-79.64320	SAX_LV_EPICARDIAL	4	1.0	8
36.08583	26.74395	-77.92636	SAX_LV_EPICARDIAL	4	1.0	8
38.31352	26.74395	-76.20951	SAX_LV_EPICARDIAL	4	1.0	8
40.54121	26.74395	-74.49267	SAX_LV_EPICARDIAL	4	1.0	8
42.76890	26.74396	-72.77582	SAX_LV_EPICARDIAL	4	1.0	8
44.46546	25.63919	-70.36982	SAX_LV_EPICARDIAL	4	1.0	8
46.16203	24.53442	-67.96382	SAX_LV_EPICARDIAL	4	1.0	8
47.85860	23.42966	-65.55781	SAX_LV_EPICARDIAL	4	1.0	8
49.55517	22.32489	-63.15181	SAX_LV_EPICARDIAL	4	1.0	8
50.72061	20.11536	-60.05665	SAX_LV_EPICARDIAL	4	1.0	8
51.88606	17.90582	-56.96149	SAX_LV_EPICARDIAL	4	1.0	8
51.93766	15.69629	-54.72476	SAX_LV_EPICARDIAL	4	1.0	8
51.98926	13.48675	-52.48802	SAX_LV_EPICARDIAL	4	1.0	8
52.04087	11.27722	-50.25128	SAX_LV_EPICARDIAL	4	1.0	8
50.97862	9.06768	-48.87297	SAX_LV_EPICARDIAL	4	1.0	8
51.03023	6.85814	-46.63624	SAX_LV_EPICARDIAL	4	1.0	8
49.96798	4.64861	-45.25792	SAX_LV_EPICARDIAL	4	1.0	8
48.90574	2.43907	-43.87961	SAX_LV_EPICARDIAL	4	1.0	8
46.72966	0.22953	-43.35972	SAX_LV_EPICARDIAL	4	1.0	8
45.66741	-1.98000	-41.98140	SAX_LV_EPICARDIAL	4	1.0	8
44.60517	-4.18954	-40.60309	SAX_LV_EPICARDIAL	4	1.0	8
42.42909	-6.39908	-40.08320	SAX_LV_EPICARDIAL	4	1.0	8
40.25300	-8.60862	-39.56331	SAX_LV_EPICARDIAL	4	1.0	8
38.07691	-10.81815	-39.04342	SAX_LV_EPICARDIAL	4	1.0	8
34.78698	-13.02769	-39.38195	SAX_LV_EPICARDIAL	4	1.0	8
32.61090	-15.23723	-38.86206	SAX_LV_EPICARDIAL	4	1.0	8
29.85209	-16.34200	-39.88975	SAX_LV_EPICARDIAL	4	1.0	8
27.09328	-17.44677	-40.91744	SAX_LV_EPICARDIAL	4	1.0	8
23.80335	-19.65631	-41.25597	SAX_LV_EPICARDIAL	4	1.0	8
21.57566	-19.65631	-42.97282	SAX_LV_EPICARDIAL	4	1.0	8
18.81685	-20.76108	-44.00051	SAX_LV_EPICARDIAL	4	1.0	8
16.58916	-20.76108	-45.71735	SAX_LV_EPICARDIAL	4	1.0	8
14.36147	-20.76109	-47.43420	SAX_LV_EPICARDIAL	4	1.0	8
12.13379	-20.76109	-49.15104	SAX_LV_EPICARDIAL	4	1.0	8
19.72429	-11.92294	-52.08903	SAX_LV_ENDOCARDIAL	4	1.0	8
18.02772	-10.81817	-54.49503	SAX_LV_ENDOCARDIAL	4	1.0	8
16.33115	-9.71341	-56.90103	SAX_LV_ENDOCARDIAL	4	1.0	8
14.10346	-9.71341	-58.61788	SAX_LV_ENDOCARDIAL	4	1.0	8
12.93802	-7.50387	-61.71304	SAX_LV_ENDOCARDIAL	4	1.0	8
11.24145	-6.39911	-64.11904	SAX_LV_ENDOCARDIAL	4	1.0	8
10.07600	-4.18957	-67.21420	SAX_LV_ENDOCARDIAL	4	1.0	8
10.02440	-1.98004	-69.45093	SAX_LV_ENDOCARDIAL	4	1.0	8
9.97280	0.22950	-71.68767	SAX_LV_ENDOCARDIAL	4	1.0	8
9.92120	2.43903	-73.92441	SAX_LV_ENDOCARDIAL	4	1.0	8
10.98344	4.64857	-75.30272	SAX_LV_ENDOCARDIAL	4	1.0	8
12.04568	6.85811	-76.68103	SAX_LV_ENDOCARDIAL	4	1.0	8
14.22177	9.06764	-77.20092	SAX_LV_ENDOCARDIAL	4	1.0	8
15.28401	11.27718	-78.57924	SAX_LV_ENDOCARDIAL	4	1.0	8
17.46009	13.48672	-79.09913	SAX_LV_ENDOCARDIAL	4	1.0	8
20.75002	15.69626	-78.76060	SAX_LV_ENDOCARDIAL	4	1.0	8
23.50883	16.80103	-77.73291	SAX_LV_ENDOCARDIAL	4	1.0	8
26.26764	17.90580	-76.70522	SAX_LV_ENDOCARDIAL	4	1.0	8
29.02645	19.01057	-75.67753	SAX_LV_ENDOCARDIAL	4	1.0	8
31.25414	19.01057	-73.96068	SAX_LV_ENDOCARDIAL	4	1.0	8
33.48183	19.01057	-72.24384	SAX_LV_ENDOCARDIAL	4	1.0	8
35.70952	19.01057	-70.52699	SAX_LV_ENDOCARDIAL	4	1.0	8
37.40608	17.90581	-68.12099	SAX_LV_ENDOCARDIAL	4	1.0	8
39.63377	17.90581	-66.40414	SAX_LV_ENDOCARDIAL	4	1.0	8
40.79922	15.69628	-63.30899	SAX_LV_ENDOCARDIAL	4	1.0	8
42.49579	14.59151	-60.90298	SAX_LV_ENDOCARDIAL	4	1.0	8
42.54739	12.38197	-58.66625	SAX_LV_ENDOCARDIAL	4	1.0	8
42.59899	10.17244	-56.42951	SAX_LV_ENDOCARDIAL	4	1.0	8
42.65059	7.96290	-54.19277	SAX_LV_ENDOCARDIAL	4	1.0	8
41.58835	5.75337	-52.81446	SAX_LV_ENDOCARDIAL	4	1.0	8
40.52611	3.54383	-51.43615	SAX_LV_ENDOCARDIAL	4	1.0	8
39.46387	1.33429	-50.05783	SAX_LV_ENDOCARDIAL	4	1.0	8
38.40163	-0.87524	-48.67952	SAX_LV_ENDOCARDIAL	4	1.0	8
36.22554	-3.08478	-48.15963	SAX_LV_ENDOCARDIAL	4	1.0	8
34.04945	-5.29432	-47.63974	SAX_LV_ENDOCARDIAL	4	1.0	8
30.75952	-7.50386	-47.97827	SAX_LV_ENDOCARDIAL	4	1.0	8
27.46959	-9.71340	-48.31680	SAX_LV_ENDOCARDIAL	4	1.0	8
24.71078	-10.81817	-49.34449	SAX_LV_ENDOCARDIAL	4	1.0	8
21.95197	-11.92294	-50.37218	SAX_LV_ENDOCARDIAL	4	1.0	8
6.61617	-22.97063	-51.20642	RV_INSERT	4	1.0	8
-1.26885	4.64856	-84.74537	RV_INSERT	4	1.0	8
-5.15144	-25.08351	-86.61898	SAX_RV_FREEWALL	5	1.0	8
-6.31688	-22.87397	-89.71413	SAX_RV_FREEWALL	5	1.0	8
-5.25464	-20.66444	-91.09245	SAX_RV_FREEWALL	5	1.0	8
-3.07856	-18.45490	-91.61234	SAX_RV_FREEWALL	5	1.0	8
-0.90247	-16.24536	-92.13223	SAX_RV_FREEWALL	5	1.0	8
1.27362	-14.03582	-92.65212	SAX_RV_FREEWALL	5	1.0	8
3.44970	-11.82629	-93.17201	SAX_RV_FREEWALL	5	1.0	8
6.73963	-9.61675	-92.83348	SAX_RV_FREEWALL	5	1.0	8
9.49844	-8.51198	-91.80579	SAX_RV_FREEWALL	5	1.0	8
12.78837	-6.30244	-91.46726	SAX_RV_FREEWALL	5	1.0	8
15.54718	-5.19767	-90.43957	SAX_RV_FREEWALL	5	1.0	8
12.03574	-21.76919	-76.66853	SAX_RV_FREEWALL	5	1.0	8
9.80806	-21.76919	-78.38537	SAX_RV_FREEWALL	5	1.0	8
7.04925	-22.87396	-79.41306	SAX_RV_FREEWALL	5	1.0	8
4.82156	-22.87396	-81.12991	SAX_RV_FREEWALL	5	1.0	8
2.06275	-23.97873	-82.15760	SAX_RV_FREEWALL	5	1.0	8
-0.69606	-25.08350	-83.18528	SAX_RV_FREEWALL	5	1.0	8
-2.92375	-25.08351	-84.90213	SAX_RV_FREEWALL	5	1.0	8
-9.50361	-29.50258	-85.57919	SAX_RV_EPICARDIAL	5	1.0	8
-11.20018	-28.39782	-87.98520	SAX_RV_EPICARDIAL	5	1.0	8
-12.36562	-26.18828	-91.08036	SAX_RV_EPICARDIAL	5	1.0	8
-11.30338	-23.97875	-92.45867	SAX_RV_EPICARDIAL	5	1.0	8
-10.24114	-21.76921	-93.83698	SAX_RV_EPICARDIAL	5	1.0	8
-8.06505	-19.55967	-94.35687	SAX_RV_EPICARDIAL	5	1.0	8
-7.00281	-17.35014	-95.73519	SAX_RV_EPICARDIAL	5	1.0	8
-3.71288	-15.14060	-95.39665	SAX_RV_EPICARDIAL	5	1.0	8
-1.53680	-12.93106	-95.91654	SAX_RV_EPICARDIAL	5	1.0	8
0.63929	-10.72152	-96.43644	SAX_RV_EPICARDIAL	5	1.0	8
3.92922	-8.51198	-96.09790	SAX_RV_EPICARDIAL	5	1.0	8
7.21915	-6.30244	-95.75937	SAX_RV_EPICARDIAL	5	1.0	8
9.97796	-5.19767	-94.73168	SAX_RV_EPICARDIAL	5	1.0	8
12.73677	-4.09290	-93.70399	SAX_RV_EPICARDIAL	5	1.0	8
15.49558	-2.98813	-92.67630	SAX_RV_EPICARDIAL	5	1.0	8
17.72327	-2.98813	-90.95946	SAX_RV_EPICARDIAL	5	1.0	8
16.12990	-6.30243	-88.89199	SAX_RV_EPICARDIAL	5	1.0	8
15.37728	-21.76918	-74.09326	SAX_RV_EPICARDIAL	5	1.0	8
13.78391	-25.08349	-72.02579	SAX_RV_EPICARDIAL	5	1.0	8
11.55623	-25.08349	-73.74263	SAX_RV_EPICARDIAL	5	1.0	8
9.32854	-25.08349	-75.45948	SAX_RV_EPICARDIAL	5	1.0	8
7.10085	-25.08350	-77.17632	SAX_RV_EPICARDIAL	5	1.0	8
3.81092	-27.29303	-77.51486	SAX_RV_EPICARDIAL	5	1.0	8
1.05211	-28.39780	-78.54255	SAX_RV_EPICARDIAL	5	1.0	8
-1.70670	-29.50258	-79.57023	SAX_RV_EPICARDIAL	5	1.0	8
-3.93439	-29.50258	-81.28708	SAX_RV_EPICARDIAL	5	1.0	8
-6.16208	-29.50258	-83.00393	SAX_RV_EPICARDIAL	5	1.0	8
-8.38977	-29.50258	-84.72077	SAX_RV_EPICARDIAL	5	1.0	8
16.71263	-7.40720	-87.34441	SAX_RV_SEPTUM	5	1.0	8
15.65039	-9.61674	-85.96610	SAX_RV_SEPTUM	5	1.0	8
14.58814	-11.82628	-84.58778	SAX_RV_SEPTUM	5	1.0	8
13.52590	-14.03581	-83.20947	SAX_RV_SEPTUM	5	1.0	8
13.57750	-16.24535	-80.97273	SAX_RV_SEPTUM	5	1.0	8
13.62911	-18.45488	-78.73600	SAX_RV_SEPTUM	5	1.0	8
14.79455	-20.66442	-75.64084	SAX_RV_SEPTUM	5	1.0	8
14.26343	-21.76919	-74.95168	SAX_RV_SEPTUM	5	1.0	8
20.46698	-25.08348	-66.87525	SAX_LV_EPICARDIAL	5	1.0	8
18.77041	-23.97872	-69.28125	SAX_LV_EPICARDIAL	5	1.0	8
17.07384	-22.87395	-71.68726	SAX_LV_EPICARDIAL	5	1.0	8
19.95096	-2.98813	-89.24261	SAX_LV_EPICARDIAL	5	1.0	8
22.12704	-0.77859	-89.76250	SAX_LV_EPICARDIAL	5	1.0	8
25.41697	1.43095	-89.42397	SAX_LV_EPICARDIAL	5	1.0	8
28.70690	3.64049	-89.08544	SAX_LV_EPICARDIAL	5	1.0	8
31.46571	4.74526	-88.05775	SAX_LV_EPICARDIAL	5	1.0	8
34.22452	5.85003	-87.03006	SAX_LV_EPICARDIAL	5	1.0	8
36.98333	6.95480	-86.00237	SAX_LV_EPICARDIAL	5	1.0	8
39.21102	6.95480	-84.28553	SAX_LV_EPICARDIAL	5	1.0	8
41.43871	6.95480	-82.56868	SAX_LV_EPICARDIAL	5	1.0	8
43.66640	6.95481	-80.85184	SAX_LV_EPICARDIAL	5	1.0	8
45.89408	6.95481	-79.13499	SAX_LV_EPICARDIAL	5	1.0	8
47.59065	5.85004	-76.72899	SAX_LV_EPICARDIAL	5	1.0	8
49.28722	4.74528	-74.32299	SAX_LV_EPICARDIAL	5	1.0	8
50.98379	3.64051	-71.91698	SAX_LV_EPICARDIAL	5	1.0	8
52.14923	1.43098	-68.82182	SAX_LV_EPICARDIAL	5	1.0	8
53.31468	-0.77856	-65.72667	SAX_LV_EPICARDIAL	5	1.0	8
53.36628	-2.98809	-63.48993	SAX_LV_EPICARDIAL	5	1.0	8
52.30404	-5.19763	-62.11162	SAX_LV_EPICARDIAL	5	1.0	8
51.24180	-7.40717	-60.73330	SAX_LV_EPICARDIAL	5	1.0	8
50.17956	-9.61670	-59.35499	SAX_LV_EPICARDIAL	5	1.0	8
49.11731	-11.82624	-57.97668	SAX_LV_EPICARDIAL	5	1.0	8
46.94123	-14.03578	-57.45678	SAX_LV_EPICARDIAL	5	1.0	8
44.76514	-16.24532	-56.93689	SAX_LV_EPICARDIAL	5	1.0	8
42.58906	-18.45485	-56.41700	SAX_LV_EPICARDIAL	5	1.0	8
39.29913	-20.66439	-56.75554	SAX_LV_EPICARDIAL	5	1.0	8
36.00920	-22.87393	-57.09407	SAX_LV_EPICARDIAL	5	1.0	8
33.25039	-23.97870	-58.12176	SAX_LV_EPICARDIAL	5	1.0	8
31.02270	-23.97870	-59.83860	SAX_LV_EPICARDIAL	5	1.0	8
28.26389	-25.08347	-60.86629	SAX_LV_EPICARDIAL	5	1.0	8
26.03620	-25.08348	-62.58314	SAX_LV_EPICARDIAL	5	1.0	8
23.80851	-25.08348	-64.29998	SAX_LV_EPICARDIAL	5	1.0	8
21.58082	-25.08348	-66.01683	SAX_LV_EPICARDIAL	5	1.0	8
29.75405	-17.35010	-67.40723	SAX_LV_ENDOCARDIAL	5	1.0	8
28.05748	-16.24533	-69.81324	SAX_LV_ENDOCARDIAL	5	1.0	8
26.36091	-15.14057	-72.21924	SAX_LV_ENDOCARDIAL	5	1.0	8
24.66434	-14.03580	-74.62524	SAX_LV_ENDOCARDIAL	5	1.0	8
24.61274	-11.82627	-76.86198	SAX_LV_ENDOCARDIAL	5	1.0	8
24.56114	-9.61673	-79.09871	SAX_LV_ENDOCARDIAL	5	1.0	8
25.62338	-7.40719	-80.47703	SAX_LV_ENDOCARDIAL	5	1.0	8
26.68562	-5.19766	-81.85534	SAX_LV_ENDOCARDIAL	5	1.0	8
29.97555	-2.98812	-81.51681	SAX_LV_ENDOCARDIAL	5	1.0	8
32.73436	-1.88335	-80.48912	SAX_LV_ENDOCARDIAL	5	1.0	8
35.49317	-0.77858	-79.46143	SAX_LV_ENDOCARDIAL	5	1.0	8
37.72086	-0.77857	-77.74458	SAX_LV_ENDOCARDIAL	5	1.0	8
39.41743	-1.88334	-75.33858	SAX_LV_ENDOCARDIAL	5	1.0	8
41.11400	-2.98811	-72.93258	SAX_LV_ENDOCARDIAL	5	1.0	8
42.81056	-4.09287	-70.52658	SAX_LV_ENDOCARDIAL	5	1.0	8
42.86217	-6.30241	-68.28984	SAX_LV_ENDOCARDIAL	5	1.0	8
41.79992	-8.51194	-66.91153	SAX_LV_ENDOCARDIAL	5	1.0	8
40.73768	-10.72148	-65.53321	SAX_LV_ENDOCARDIAL	5	1.0	8
38.56160	-12.93102	-65.01332	SAX_LV_ENDOCARDIAL	5	1.0	8
36.38551	-15.14056	-64.49343	SAX_LV_ENDOCARDIAL	5	1.0	8
33.62670	-16.24533	-65.52112	SAX_LV_ENDOCARDIAL	5	1.0	8
31.39901	-16.24533	-67.23797	SAX_LV_ENDOCARDIAL	5	1.0	8
14.26343	-21.76919	-74.95168	RV_INSERT	5	1.0	8
15.54718	-5.19767	-90.43957	RV_INSERT	5	1.0	8
19.73561	-22.77828	-98.17705	SAX_RV_FREEWALL	6	1.0	8
18.57016	-20.56874	-101.27221	SAX_RV_FREEWALL	6	1.0	8
19.63241	-18.35921	-102.65052	SAX_RV_FREEWALL	6	1.0	8
22.39122	-17.25444	-101.62283	SAX_RV_FREEWALL	6	1.0	8
24.08778	-18.35920	-99.21683	SAX_RV_FREEWALL	6	1.0	8
24.13939	-20.56874	-96.98010	SAX_RV_FREEWALL	6	1.0	8
23.07714	-22.77828	-95.60178	SAX_RV_FREEWALL	6	1.0	8
20.84946	-22.77828	-97.31863	SAX_RV_FREEWALL	6	1.0	8
16.44568	-24.98782	-98.51558	SAX_RV_EPICARDIAL	6	1.0	8
15.28023	-22.77828	-101.61074	SAX_RV_EPICARDIAL	6	1.0	8
15.22863	-20.56875	-103.84748	SAX_RV_EPICARDIAL	6	1.0	8
17.40472	-18.35921	-104.36737	SAX_RV_EPICARDIAL	6	1.0	8
19.58080	-16.14967	-104.88726	SAX_RV_EPICARDIAL	6	1.0	8
22.33961	-15.04490	-103.85957	SAX_RV_EPICARDIAL	6	1.0	8
24.56730	-15.04490	-102.14272	SAX_RV_EPICARDIAL	6	1.0	8
26.26387	-16.14967	-99.73672	SAX_RV_EPICARDIAL	6	1.0	8
26.31547	-18.35920	-97.49999	SAX_RV_EPICARDIAL	6	1.0	8
26.36707	-20.56874	-95.26325	SAX_RV_EPICARDIAL	6	1.0	8
23.12875	-24.98781	-93.36505	SAX_RV_EPICARDIAL	6	1.0	8
20.90106	-24.98781	-95.08189	SAX_RV_EPICARDIAL	6	1.0	8
18.67337	-24.98782	-96.79874	SAX_RV_EPICARDIAL	6	1.0	8
29.33229	-28.30211	-85.28862	SAX_LV_EPICARDIAL	6	1.0	8
28.16685	-26.09257	-88.38378	SAX_LV_EPICARDIAL	6	1.0	8
27.00140	-23.88304	-91.47893	SAX_LV_EPICARDIAL	6	1.0	8
28.06364	-21.67350	-92.85725	SAX_LV_EPICARDIAL	6	1.0	8
29.12588	-19.46397	-94.23556	SAX_LV_EPICARDIAL	6	1.0	8
30.18813	-17.25443	-95.61387	SAX_LV_EPICARDIAL	6	1.0	8
32.36421	-15.04489	-96.13377	SAX_LV_EPICARDIAL	6	1.0	8
34.54030	-12.83535	-96.65366	SAX_LV_EPICARDIAL	6	1.0	8
37.83023	-10.62582	-96.31512	SAX_LV_EPICARDIAL	6	1.0	8
40.05792	-10.62581	-94.59828	SAX_LV_EPICARDIAL	6	1.0	8
42.81673	-9.52104	-93.57059	SAX_LV_EPICARDIAL	6	1.0	8
45.04441	-9.52104	-91.85374	SAX_LV_EPICARDIAL	6	1.0	8
46.74098	-10.62581	-89.44774	SAX_LV_EPICARDIAL	6	1.0	8
48.43755	-11.73057	-87.04174	SAX_LV_EPICARDIAL	6	1.0	8
48.48915	-13.94011	-84.80500	SAX_LV_EPICARDIAL	6	1.0	8
48.54075	-16.14964	-82.56827	SAX_LV_EPICARDIAL	6	1.0	8
47.47851	-18.35918	-81.18995	SAX_LV_EPICARDIAL	6	1.0	8
46.41627	-20.56872	-79.81164	SAX_LV_EPICARDIAL	6	1.0	8
44.24018	-22.77825	-79.29175	SAX_LV_EPICARDIAL	6	1.0	8
42.06410	-24.98779	-78.77186	SAX_LV_EPICARDIAL	6	1.0	8
38.77417	-27.19733	-79.11039	SAX_LV_EPICARDIAL	6	1.0	8
36.01536	-28.30210	-80.13808	SAX_LV_EPICARDIAL	6	1.0	8
33.78767	-28.30210	-81.85492	SAX_LV_EPICARDIAL	6	1.0	8
31.55998	-28.30211	-83.57177	SAX_LV_EPICARDIAL	6	1.0	8
35.32943	-22.77826	-86.15913	SAX_LV_ENDOCARDIAL	6	1.0	8
34.16398	-20.56873	-89.25429	SAX_LV_ENDOCARDIAL	6	1.0	8
35.22623	-18.35919	-90.63260	SAX_LV_ENDOCARDIAL	6	1.0	8
36.28847	-16.14966	-92.01092	SAX_LV_ENDOCARDIAL	6	1.0	8
39.04728	-15.04489	-90.98323	SAX_LV_ENDOCARDIAL	6	1.0	8
41.27497	-15.04488	-89.26638	SAX_LV_ENDOCARDIAL	6	1.0	8
41.32657	-17.25442	-87.02965	SAX_LV_ENDOCARDIAL	6	1.0	8
41.37817	-19.46395	-84.79291	SAX_LV_ENDOCARDIAL	6	1.0	8
39.20208	-21.67349	-84.27302	SAX_LV_ENDOCARDIAL	6	1.0	8
36.44327	-22.77826	-85.30071	SAX_LV_ENDOCARDIAL	6	1.0	8
23.07714	-22.77828	-95.60178	RV_INSERT	6	1.0	8
24.13939	-20.56874	-96.98010	RV_INSERT	6	1.0	8
7.08264	21.70185	-29.76286	LAX_LV_ENDOCARDIAL	9	1.0	8
8.88543	19.53351	-31.15425	LAX_LV_ENDOCARDIAL	9	1.0	8
10.74327	17.40033	-33.95037	LAX_LV_ENDOCARDIAL	9	1.0	8
12.54606	15.23199	-35.34176	LAX_LV_ENDOCARDIAL	9	1.0	8
14.34885	13.06366	-36.73314	LAX_LV_ENDOCARDIAL	9	1.0	8
16.09659	10.86017	-36.71980	LAX_LV_ENDOCARDIAL	9	1.0	8
17.89939	8.69184	-38.11118	LAX_LV_ENDOCARDIAL	9	1.0	8
19.64713	6.48835	-38.09784	LAX_LV_ENDOCARDIAL	9	1.0	8
21.39488	4.28486	-38.08449	LAX_LV_ENDOCARDIAL	9	1.0	8
23.14262	2.08138	-38.07115	LAX_LV_ENDOCARDIAL	9	1.0	8
24.94542	-0.08696	-39.46253	LAX_LV_ENDOCARDIAL	9	1.0	8
26.80325	-2.22014	-42.25865	LAX_LV_ENDOCARDIAL	9	1.0	8
27.78721	-3.25158	-45.06144	LAX_LV_ENDOCARDIAL	9	1.0	8
29.64505	-5.38477	-47.85756	LAX_LV_ENDOCARDIAL	9	1.0	8
30.62901	-6.41620	-50.66036	LAX_LV_ENDOCARDIAL	9	1.0	8
31.61297	-7.44764	-53.46315	LAX_LV_ENDOCARDIAL	9	1.0	8
32.59694	-8.47908	-56.26594	LAX_LV_ENDOCARDIAL	9	1.0	8
34.45477	-10.61227	-59.06206	LAX_LV_ENDOCARDIAL	9	1.0	8
35.43873	-11.64371	-61.86485	LAX_LV_ENDOCARDIAL	9	1.0	8
36.42270	-12.67515	-64.66765	LAX_LV_ENDOCARDIAL	9	1.0	8
37.40666	-13.70659	-67.47044	LAX_LV_ENDOCARDIAL	9	1.0	8
38.39062	-14.73803	-70.27323	LAX_LV_ENDOCARDIAL	9	1.0	8
39.37458	-15.76947	-73.07602	LAX_LV_ENDOCARDIAL	9	1.0	8
39.48467	-15.69916	-75.88549	LAX_LV_ENDOCARDIAL	9	1.0	8
40.46864	-16.73060	-78.68828	LAX_LV_ENDOCARDIAL	9	1.0	8
40.57873	-16.66030	-81.49775	LAX_LV_ENDOCARDIAL	9	1.0	8
40.68881	-16.58999	-84.30721	LAX_LV_ENDOCARDIAL	9	1.0	8
40.79890	-16.51969	-87.11668	LAX_LV_ENDOCARDIAL	9	1.0	8
40.90899	-16.44939	-89.92614	LAX_LV_ENDOCARDIAL	9	1.0	8
39.21629	-14.21075	-91.34422	LAX_LV_ENDOCARDIAL	9	1.0	8
37.46854	-12.00726	-91.35757	LAX_LV_ENDOCARDIAL	9	1.0	8
35.66575	-9.83893	-89.96618	LAX_LV_ENDOCARDIAL	9	1.0	8
33.86296	-7.67059	-88.57479	LAX_LV_ENDOCARDIAL	9	1.0	8
32.06017	-5.50226	-87.18341	LAX_LV_ENDOCARDIAL	9	1.0	8
30.25738	-3.33392	-85.79202	LAX_LV_ENDOCARDIAL	9	1.0	8
28.45459	-1.16559	-84.40063	LAX_LV_ENDOCARDIAL	9	1.0	8
26.65180	1.00275	-83.00924	LAX_LV_ENDOCARDIAL	9	1.0	8
24.84901	3.17108	-81.61786	LAX_LV_ENDOCARDIAL	9	1.0	8
23.04622	5.33942	-80.22647	LAX_LV_ENDOCARDIAL	9	1.0	8
21.24342	7.50775	-78.83508	LAX_LV_ENDOCARDIAL	9	1.0	8
19.44063	9.67609	-77.44370	LAX_LV_ENDOCARDIAL	9	1.0	8
17.69289	11.87958	-77.45704	LAX_LV_ENDOCARDIAL	9	1.0	8
15.89010	14.04791	-76.06566	LAX_LV_ENDOCARDIAL	9	1.0	8
14.08730	16.21625	-74.67427	LAX_LV_ENDOCARDIAL	9	1.0	8
12.33956	18.41973	-74.68762	LAX_LV_ENDOCARDIAL	9	1.0	8
10.53677	20.58807	-73.29623	LAX_LV_ENDOCARDIAL	9	1.0	8
8.73398	22.75640	-71.90484	LAX_LV_ENDOCARDIAL	9	1.0	8
6.93118	24.92474	-70.51345	LAX_LV_ENDOCARDIAL	9	1.0	8
5.12839	27.09307	-69.12207	LAX_LV_ENDOCARDIAL	9	1.0	8
3.32560	29.26141	-67.73068	LAX_LV_ENDOCARDIAL	9	1.0	8
1.52281	31.42974	-66.33929	LAX_LV_ENDOCARDIAL	9	1.0	8
-0.22494	33.63323	-66.35264	LAX_LV_ENDOCARDIAL	9	1.0	8
-2.02773	35.80156	-64.96125	LAX_LV_ENDOCARDIAL	9	1.0	8
-2.95664	36.86816	-63.56319	LAX_LV_ENDOCARDIAL	9	1.0	8
16.47507	9.44206	-24.07053	LAX_LV_EPICARDIAL	9	1.0	8
18.27786	7.27373	-25.46192	LAX_LV_EPICARDIAL	9	1.0	8
20.02560	5.07024	-25.44857	LAX_LV_EPICARDIAL	9	1.0	8
21.82839	2.90190	-26.83996	LAX_LV_EPICARDIAL	9	1.0	8
23.57614	0.69842	-26.82661	LAX_LV_EPICARDIAL	9	1.0	8
25.37893	-1.46992	-28.21800	LAX_LV_EPICARDIAL	9	1.0	8
27.18172	-3.63825	-29.60939	LAX_LV_EPICARDIAL	9	1.0	8
28.98451	-5.80659	-31.00077	LAX_LV_EPICARDIAL	9	1.0	8
30.84235	-7.93977	-33.79689	LAX_LV_EPICARDIAL	9	1.0	8
32.70019	-10.07295	-36.59301	LAX_LV_EPICARDIAL	9	1.0	8
33.68415	-11.10439	-39.39580	LAX_LV_EPICARDIAL	9	1.0	8
35.54198	-13.23758	-42.19192	LAX_LV_EPICARDIAL	9	1.0	8
36.52595	-14.26902	-44.99472	LAX_LV_EPICARDIAL	9	1.0	8
38.38378	-16.40220	-47.79084	LAX_LV_EPICARDIAL	9	1.0	8
39.36774	-17.43364	-50.59363	LAX_LV_EPICARDIAL	9	1.0	8
39.47783	-17.36334	-53.40309	LAX_LV_EPICARDIAL	9	1.0	8
40.46180	-18.39478	-56.20589	LAX_LV_EPICARDIAL	9	1.0	8
41.44576	-19.42621	-59.00868	LAX_LV_EPICARDIAL	9	1.0	8
42.42972	-20.45765	-61.81147	LAX_LV_EPICARDIAL	9	1.0	8
43.41368	-21.48909	-64.61426	LAX_LV_EPICARDIAL	9	1.0	8
43.52377	-21.41879	-67.42373	LAX_LV_EPICARDIAL	9	1.0	8
44.50774	-22.45023	-70.22652	LAX_LV_EPICARDIAL	9	1.0	8
44.61782	-22.37993	-73.03599	LAX_LV_EPICARDIAL	9	1.0	8
44.72791	-22.30962	-75.84545	LAX_LV_EPICARDIAL	9	1.0	8
44.83800	-22.23932	-78.65492	LAX_LV_EPICARDIAL	9	1.0	8
44.94809	-22.16901	-81.46438	LAX_LV_EPICARDIAL	9	1.0	8
45.05818	-22.09871	-84.27385	LAX_LV_EPICARDIAL	9	1.0	8
45.16827	-22.02841	-87.08331	LAX_LV_EPICARDIAL	9	1.0	8
45.27836	-21.95810	-89.89278	LAX_LV_EPICARDIAL	9	1.0	8
44.51457	-20.78606	-92.70892	LAX_LV_EPICARDIAL	9	1.0	8
43.75079	-19.61401	-95.52505	LAX_LV_EPICARDIAL	9	1.0	8
42.98701	-18.44196	-98.34119	LAX_LV_EPICARDIAL	9	1.0	8
41.29430	-16.20332	-99.75927	LAX_LV_EPICARDIAL	9	1.0	8
39.54656	-13.99984	-99.77262	LAX_LV_EPICARDIAL	9	1.0	8
37.79881	-11.79635	-99.78596	LAX_LV_EPICARDIAL	9	1.0	8
35.99602	-9.62801	-98.39458	LAX_LV_EPICARDIAL	9	1.0	8
34.24827	-7.42453	-98.40792	LAX_LV_EPICARDIAL	9	1.0	8
32.44548	-5.25619	-97.01653	LAX_LV_EPICARDIAL	9	1.0	8
30.69774	-3.05271	-97.02988	LAX_LV_EPICARDIAL	9	1.0	8
28.89494	-0.88437	-95.63849	LAX_LV_EPICARDIAL	9	1.0	8
27.14720	1.31912	-95.65184	LAX_LV_EPICARDIAL	9	1.0	8
25.34441	3.48745	-94.26045	LAX_LV_EPICARDIAL	9	1.0	8
23.54162	5.65579	-92.86907	LAX_LV_EPICARDIAL	9	1.0	8
21.79387	7.85927	-92.88241	LAX_LV_EPICARDIAL	9	1.0	8
19.99108	10.02761	-91.49102	LAX_LV_EPICARDIAL	9	1.0	8
18.18829	12.19594	-90.09964	LAX_LV_EPICARDIAL	9	1.0	8
16.44054	14.39943	-90.11298	LAX_LV_EPICARDIAL	9	1.0	8
14.63775	16.56776	-88.72160	LAX_LV_EPICARDIAL	9	1.0	8
12.89000	18.77125	-88.73494	LAX_LV_EPICARDIAL	9	1.0	8
11.08721	20.93959	-87.34356	LAX_LV_EPICARDIAL	9	1.0	8
9.28442	23.10792	-85.95217	LAX_LV_EPICARDIAL	9	1.0	8
7.53667	25.31141	-85.96551	LAX_LV_EPICARDIAL	9	1.0	8
5.73388	27.47974	-84.57413	LAX_LV_EPICARDIAL	9	1.0	8
3.93109	29.64808	-83.18274	LAX_LV_EPICARDIAL	9	1.0	8
2.12830	31.81641	-81.79135	LAX_LV_EPICARDIAL	9	1.0	8
0.32551	33.98475	-80.39997	LAX_LV_EPICARDIAL	9	1.0	8
-1.53233	36.11793	-77.60385	LAX_LV_EPICARDIAL	9	1.0	8
-3.39016	38.25111	-74.80773	LAX_LV_EPICARDIAL	9	1.0	8
-4.37412	39.28255	-72.00494	LAX_LV_EPICARDIAL	9	1.0	8
-4.48421	39.21225	-69.19547	LAX_LV_EPICARDIAL	9	1.0	8
-3.72043	38.04020	-66.37933	LAX_LV_EPICARDIAL	9	1.0	8
-2.95664	36.86816	-63.56319	LAX_LV_EPICARDIAL	9	1.0	8
6.97255	21.63154	-26.95340	LAX_LV_EPICARDIAL	9	1.0	8
8.66525	19.39290	-25.53532	LAX_LV_EPICARDIAL	9	1.0	8
10.35795	17.15426	-24.11724	LAX_LV_EPICARDIAL	9	1.0	8
12.10570	14.95078	-24.10389	LAX_LV_EPICARDIAL	9	1.0	8
13.85345	12.74729	-24.09055	LAX_LV_EPICARDIAL	9	1.0	8
15.60119	10.54380	-24.07720	LAX_LV_EPICARDIAL	9	1.0	8
-2.24791	35.66096	-59.34232	MITRAL_VALVE	9	1.0	8
5.27985	23.87018	-28.37148	MITRAL_VALVE	9	1.0	8
-21.39739	-11.88041	-14.15594	LAX_RV_FREEWALL	8	1.0	1.0
-20.15133	-14.59731	-16.78009	LAX_RV_FREEWALL	8	1.0	1.0
-18.62637	-15.95576	-19.17106	LAX_RV_FREEWALL	8	1.0	1.0
-17.10140	-17.31421	-21.56204	LAX_RV_FREEWALL	8	1.0	1.0
-15.57643	-18.67266	-23.95302	LAX_RV_FREEWALL	8	1.0	1.0
-14.05146	-20.03111	-26.34400	LAX_RV_FREEWALL	8	1.0	1.0
-12.52649	-21.38956	-28.73498	LAX_RV_FREEWALL	8	1.0	1.0
-10.72261	-21.38956	-30.89280	LAX_RV_FREEWALL	8	1.0	1.0
-9.19764	-22.74801	-33.28378	LAX_RV_FREEWALL	8	1.0	1.0
-7.39376	-22.74801	-35.44160	LAX_RV_FREEWALL	8	1.0	1.0
-5.58988	-22.74802	-37.59941	LAX_RV_FREEWALL	8	1.0	1.0
-3.78600	-22.74802	-39.75723	LAX_RV_FREEWALL	8	1.0	1.0
-1.98212	-22.74802	-41.91505	LAX_RV_FREEWALL	8	1.0	1.0
-0.17824	-22.74802	-44.07287	LAX_RV_FREEWALL	8	1.0	1.0
1.62565	-22.74802	-46.23068	LAX_RV_FREEWALL	8	1.0	1.0
3.42953	-22.74802	-48.38850	LAX_RV_FREEWALL	8	1.0	1.0
5.23341	-22.74803	-50.54632	LAX_RV_FREEWALL	8	1.0	1.0
7.03729	-22.74803	-52.70414	LAX_RV_FREEWALL	8	1.0	1.0
-8.83542	-7.80507	-27.48227	LAX_RV_FREEWALL	8	1.0	1.0
-10.63930	-7.80507	-25.32445	LAX_RV_FREEWALL	8	1.0	1.0
-12.44319	-7.80507	-23.16664	LAX_RV_FREEWALL	8	1.0	1.0
-14.24707	-7.80507	-21.00882	LAX_RV_FREEWALL	8	1.0	1.0
-15.77204	-6.44662	-18.61784	LAX_RV_FREEWALL	8	1.0	1.0
-17.57592	-6.44662	-16.46002	LAX_RV_FREEWALL	8	1.0	1.0
-19.65871	-7.80506	-14.53537	LAX_RV_FREEWALL	8	1.0	1.0
-20.83956	-9.16351	-13.68962	LAX_RV_FREEWALL	8	1.0	1.0
-24.03801	-15.95575	-12.69761	LAX_RV_EPICARDIAL	8	1.0	1.0
-22.79195	-18.67265	-15.32175	LAX_RV_EPICARDIAL	8	1.0	1.0
-21.26699	-20.03110	-17.71273	LAX_RV_EPICARDIAL	8	1.0	1.0
-19.74202	-21.38955	-20.10371	LAX_RV_EPICARDIAL	8	1.0	1.0
-18.21705	-22.74800	-22.49469	LAX_RV_EPICARDIAL	8	1.0	1.0
-16.41317	-22.74801	-24.65251	LAX_RV_EPICARDIAL	8	1.0	1.0
-14.88820	-24.10646	-27.04349	LAX_RV_EPICARDIAL	8	1.0	1.0
-13.08432	-24.10646	-29.20131	LAX_RV_EPICARDIAL	8	1.0	1.0
-11.55935	-25.46491	-31.59229	LAX_RV_EPICARDIAL	8	1.0	1.0
-9.75547	-25.46491	-33.75010	LAX_RV_EPICARDIAL	8	1.0	1.0
-8.23050	-26.82336	-36.14108	LAX_RV_EPICARDIAL	8	1.0	1.0
-6.42662	-26.82336	-38.29890	LAX_RV_EPICARDIAL	8	1.0	1.0
-4.62274	-26.82336	-40.45672	LAX_RV_EPICARDIAL	8	1.0	1.0
-2.81886	-26.82337	-42.61453	LAX_RV_EPICARDIAL	8	1.0	1.0
-0.73606	-25.46492	-44.53919	LAX_RV_EPICARDIAL	8	1.0	1.0
1.06782	-25.46492	-46.69701	LAX_RV_EPICARDIAL	8	1.0	1.0
2.87170	-25.46492	-48.85483	LAX_RV_EPICARDIAL	8	1.0	1.0
4.67558	-25.46492	-51.01264	LAX_RV_EPICARDIAL	8	1.0	1.0
6.47946	-25.46493	-53.17046	LAX_RV_EPICARDIAL	8	1.0	1.0
8.28334	-25.46493	-55.32828	LAX_RV_EPICARDIAL	8	1.0	1.0
10.36614	-24.10648	-57.25293	LAX_RV_EPICARDIAL	8	1.0	1.0
-7.37566	-5.08818	-28.09486	LAX_RV_EPICARDIAL	8	1.0	1.0
-10.70451	-3.72972	-23.54606	LAX_RV_EPICARDIAL	8	1.0	1.0
-12.50839	-3.72972	-21.38824	LAX_RV_EPICARDIAL	8	1.0	1.0
-14.31227	-3.72972	-19.23043	LAX_RV_EPICARDIAL	8	1.0	1.0
-16.39506	-5.08817	-17.30577	LAX_RV_EPICARDIAL	8	1.0	1.0
-18.47786	-6.44662	-15.38111	LAX_RV_EPICARDIAL	8	1.0	1.0
-20.28174	-6.44661	-13.22330	LAX_RV_EPICARDIAL	8	1.0	1.0
-21.46259	-7.80506	-12.37755	LAX_RV_EPICARDIAL	8	1.0	1.0
-22.92236	-10.52196	-11.76496	LAX_RV_EPICARDIAL	8	1.0	1.0
-23.48018	-13.23886	-12.23129	LAX_RV_EPICARDIAL	8	1.0	1.0
8.84117	-22.74803	-54.86195	LAX_RV_SEPTUM	8	1.0	1.0
8.49706	-20.03113	-53.31672	LAX_RV_SEPTUM	8	1.0	1.0
6.97209	-18.67268	-50.92574	LAX_RV_SEPTUM	8	1.0	1.0
5.16821	-18.67268	-48.76792	LAX_RV_SEPTUM	8	1.0	1.0
3.64324	-17.31423	-46.37694	LAX_RV_SEPTUM	8	1.0	1.0
2.39718	-14.59733	-43.75280	LAX_RV_SEPTUM	8	1.0	1.0
0.87221	-13.23888	-41.36182	LAX_RV_SEPTUM	8	1.0	1.0
-0.65276	-11.88043	-38.97085	LAX_RV_SEPTUM	8	1.0	1.0
-2.17772	-10.52198	-36.57987	LAX_RV_SEPTUM	8	1.0	1.0
-3.70269	-9.16353	-34.18889	LAX_RV_SEPTUM	8	1.0	1.0
-5.22766	-7.80508	-31.79791	LAX_RV_SEPTUM	8	1.0	1.0
-6.75263	-6.44663	-29.40693	LAX_RV_SEPTUM	8	1.0	1.0
-7.71977	-2.37128	-26.54962	LAX_LV_EPICARDIAL	8	1.0	1.0
11.82591	-21.38958	-57.86552	LAX_LV_EPICARDIAL	8	1.0	1.0
13.35087	-22.74803	-60.25650	LAX_LV_EPICARDIAL	8	1.0	1.0
14.87584	-24.10648	-62.64748	LAX_LV_EPICARDIAL	8	1.0	1.0
16.67972	-24.10649	-64.80529	LAX_LV_EPICARDIAL	8	1.0	1.0
18.20469	-25.46494	-67.19627	LAX_LV_EPICARDIAL	8	1.0	1.0
19.72966	-26.82339	-69.58725	LAX_LV_EPICARDIAL	8	1.0	1.0
21.53354	-26.82339	-71.74507	LAX_LV_EPICARDIAL	8	1.0	1.0
23.33742	-26.82339	-73.90289	LAX_LV_EPICARDIAL	8	1.0	1.0
25.14130	-26.82339	-76.06071	LAX_LV_EPICARDIAL	8	1.0	1.0
26.66627	-28.18184	-78.45169	LAX_LV_EPICARDIAL	8	1.0	1.0
28.47015	-28.18184	-80.60950	LAX_LV_EPICARDIAL	8	1.0	1.0
30.55295	-26.82340	-82.53416	LAX_LV_EPICARDIAL	8	1.0	1.0
32.35683	-26.82340	-84.69198	LAX_LV_EPICARDIAL	8	1.0	1.0
34.16071	-26.82340	-86.84979	LAX_LV_EPICARDIAL	8	1.0	1.0
36.24350	-25.46495	-88.77445	LAX_LV_EPICARDIAL	8	1.0	1.0
38.04739	-25.46496	-90.93227	LAX_LV_EPICARDIAL	8	1.0	1.0
40.40909	-22.74806	-92.62376	LAX_LV_EPICARDIAL	8	1.0	1.0
42.77080	-20.03116	-94.31525	LAX_LV_EPICARDIAL	8	1.0	1.0
44.23057	-17.31427	-94.92784	LAX_LV_EPICARDIAL	8	1.0	1.0
44.78839	-14.59737	-94.46152	LAX_LV_EPICARDIAL	8	1.0	1.0
45.34622	-11.88047	-93.99519	LAX_LV_EPICARDIAL	8	1.0	1.0
45.90404	-9.16358	-93.52887	LAX_LV_EPICARDIAL	8	1.0	1.0
45.55993	-6.44668	-91.98364	LAX_LV_EPICARDIAL	8	1.0	1.0
45.21581	-3.72978	-90.43840	LAX_LV_EPICARDIAL	8	1.0	1.0
44.87170	-1.01288	-88.89317	LAX_LV_EPICARDIAL	8	1.0	1.0
44.52758	1.70402	-87.34794	LAX_LV_EPICARDIAL	8	1.0	1.0
44.18347	4.42092	-85.80271	LAX_LV_EPICARDIAL	8	1.0	1.0
44.74129	7.13781	-85.33638	LAX_LV_EPICARDIAL	8	1.0	1.0
44.39718	9.85471	-83.79115	LAX_LV_EPICARDIAL	8	1.0	1.0
44.05306	12.57161	-82.24592	LAX_LV_EPICARDIAL	8	1.0	1.0
42.80701	15.28851	-79.62178	LAX_LV_EPICARDIAL	8	1.0	1.0
42.46289	18.00541	-78.07654	LAX_LV_EPICARDIAL	8	1.0	1.0
42.11878	20.72231	-76.53131	LAX_LV_EPICARDIAL	8	1.0	1.0
41.77466	23.43921	-74.98608	LAX_LV_EPICARDIAL	8	1.0	1.0
41.43055	26.15610	-73.44084	LAX_LV_EPICARDIAL	8	1.0	1.0
40.18449	28.87300	-70.81670	LAX_LV_EPICARDIAL	8	1.0	1.0
39.84038	31.58990	-69.27147	LAX_LV_EPICARDIAL	8	1.0	1.0
38.59432	34.30680	-66.64733	LAX_LV_EPICARDIAL	8	1.0	1.0
38.25021	37.02370	-65.10210	LAX_LV_EPICARDIAL	8	1.0	1.0
37.00415	39.74060	-62.47796	LAX_LV_EPICARDIAL	8	1.0	1.0
35.47918	41.09905	-60.08698	LAX_LV_EPICARDIAL	8	1.0	1.0
33.95421	42.45750	-57.69600	LAX_LV_EPICARDIAL	8	1.0	1.0
32.42925	43.81595	-55.30502	LAX_LV_EPICARDIAL	8	1.0	1.0
30.90428	45.17440	-52.91404	LAX_LV_EPICARDIAL	8	1.0	1.0
29.37931	46.53285	-50.52306	LAX_LV_EPICARDIAL	8	1.0	1.0
27.85434	47.89130	-48.13208	LAX_LV_EPICARDIAL	8	1.0	1.0
26.05046	47.89130	-45.97426	LAX_LV_EPICARDIAL	8	1.0	1.0
24.24658	47.89130	-43.81645	LAX_LV_EPICARDIAL	8	1.0	1.0
22.16378	46.53286	-41.89179	LAX_LV_EPICARDIAL	8	1.0	1.0
20.08099	45.17441	-39.96713	LAX_LV_EPICARDIAL	8	1.0	1.0
4.17207	24.79769	-29.43875	LAX_LV_EPICARDIAL	8	1.0	1.0
1.81036	22.08079	-27.74725	LAX_LV_EPICARDIAL	8	1.0	1.0
0.00648	22.08080	-25.58944	LAX_LV_EPICARDIAL	8	1.0	1.0
-2.07631	20.72235	-23.66478	LAX_LV_EPICARDIAL	8	1.0	1.0
-3.88019	20.72235	-21.50696	LAX_LV_EPICARDIAL	8	1.0	1.0
-5.07915	1.70407	-28.00796	LAX_LV_ENDOCARDIAL	8	1.0	1.0
-2.99636	3.06251	-29.93261	LAX_LV_ENDOCARDIAL	8	1.0	1.0
-0.63465	5.77941	-31.62411	LAX_LV_ENDOCARDIAL	8	1.0	1.0
1.44814	7.13786	-33.54876	LAX_LV_ENDOCARDIAL	8	1.0	1.0
3.25202	7.13785	-35.70658	LAX_LV_ENDOCARDIAL	8	1.0	1.0
5.05591	7.13785	-37.86440	LAX_LV_ENDOCARDIAL	8	1.0	1.0
6.58087	5.77940	-40.25538	LAX_LV_ENDOCARDIAL	8	1.0	1.0
8.10584	4.42095	-42.64635	LAX_LV_ENDOCARDIAL	8	1.0	1.0
9.35190	1.70405	-45.27050	LAX_LV_ENDOCARDIAL	8	1.0	1.0
10.59795	-1.01285	-47.89464	LAX_LV_ENDOCARDIAL	8	1.0	1.0
12.12292	-2.37130	-50.28562	LAX_LV_ENDOCARDIAL	8	1.0	1.0
13.64789	-3.72975	-52.67660	LAX_LV_ENDOCARDIAL	8	1.0	1.0
14.89395	-6.44665	-55.30074	LAX_LV_ENDOCARDIAL	8	1.0	1.0
16.41891	-7.80510	-57.69172	LAX_LV_ENDOCARDIAL	8	1.0	1.0
17.94388	-9.16355	-60.08270	LAX_LV_ENDOCARDIAL	8	1.0	1.0
19.46885	-10.52200	-62.47368	LAX_LV_ENDOCARDIAL	8	1.0	1.0
20.99382	-11.88045	-64.86466	LAX_LV_ENDOCARDIAL	8	1.0	1.0
22.51879	-13.23890	-67.25563	LAX_LV_ENDOCARDIAL	8	1.0	1.0
24.32267	-13.23890	-69.41345	LAX_LV_ENDOCARDIAL	8	1.0	1.0
25.84764	-14.59735	-71.80443	LAX_LV_ENDOCARDIAL	8	1.0	1.0
27.37261	-15.95580	-74.19541	LAX_LV_ENDOCARDIAL	8	1.0	1.0
29.17649	-15.95580	-76.35323	LAX_LV_ENDOCARDIAL	8	1.0	1.0
30.70146	-17.31425	-78.74421	LAX_LV_ENDOCARDIAL	8	1.0	1.0
32.50534	-17.31426	-80.90202	LAX_LV_ENDOCARDIAL	8	1.0	1.0
34.30922	-17.31426	-83.05984	LAX_LV_ENDOCARDIAL	8	1.0	1.0
36.11310	-17.31426	-85.21766	LAX_LV_ENDOCARDIAL	8	1.0	1.0
37.63807	-18.67271	-87.60864	LAX_LV_ENDOCARDIAL	8	1.0	1.0
39.72086	-17.31426	-89.53330	LAX_LV_ENDOCARDIAL	8	1.0	1.0
40.90172	-15.95582	-90.37904	LAX_LV_ENDOCARDIAL	8	1.0	1.0
41.45954	-13.23892	-89.91272	LAX_LV_ENDOCARDIAL	8	1.0	1.0
40.21349	-10.52202	-87.28858	LAX_LV_ENDOCARDIAL	8	1.0	1.0
38.68852	-9.16357	-84.89760	LAX_LV_ENDOCARDIAL	8	1.0	1.0
37.44246	-6.44667	-82.27346	LAX_LV_ENDOCARDIAL	8	1.0	1.0
36.19641	-3.72977	-79.64932	LAX_LV_ENDOCARDIAL	8	1.0	1.0
35.85229	-1.01287	-78.10408	LAX_LV_ENDOCARDIAL	8	1.0	1.0
34.60624	1.70403	-75.47994	LAX_LV_ENDOCARDIAL	8	1.0	1.0
34.26212	4.42093	-73.93471	LAX_LV_ENDOCARDIAL	8	1.0	1.0
33.01606	7.13783	-71.31057	LAX_LV_ENDOCARDIAL	8	1.0	1.0
32.67195	9.85472	-69.76534	LAX_LV_ENDOCARDIAL	8	1.0	1.0
31.42589	12.57162	-67.14119	LAX_LV_ENDOCARDIAL	8	1.0	1.0
30.17984	15.28852	-64.51705	LAX_LV_ENDOCARDIAL	8	1.0	1.0
29.83572	18.00542	-62.97182	LAX_LV_ENDOCARDIAL	8	1.0	1.0
31.29549	20.72232	-63.58440	LAX_LV_ENDOCARDIAL	8	1.0	1.0
30.95137	23.43922	-62.03917	LAX_LV_ENDOCARDIAL	8	1.0	1.0
29.70532	26.15611	-59.41503	LAX_LV_ENDOCARDIAL	8	1.0	1.0
28.45926	28.87301	-56.79089	LAX_LV_ENDOCARDIAL	8	1.0	1.0
26.93430	30.23146	-54.39991	LAX_LV_ENDOCARDIAL	8	1.0	1.0
25.68824	32.94836	-51.77577	LAX_LV_ENDOCARDIAL	8	1.0	1.0
24.44218	35.66526	-49.15163	LAX_LV_ENDOCARDIAL	8	1.0	1.0
22.63830	35.66526	-46.99381	LAX_LV_ENDOCARDIAL	8	1.0	1.0
21.11333	37.02372	-44.60283	LAX_LV_ENDOCARDIAL	8	1.0	1.0
19.58837	38.38217	-42.21185	LAX_LV_ENDOCARDIAL	8	1.0	1.0
4.17207	24.79769	-29.43875	LAX_LV_ENDOCARDIAL	8	1.0	1.0
1.81036	22.08079	-27.74725	LAX_LV_ENDOCARDIAL	8	1.0	1.0
0.00648	22.08080	-25.58944	LAX_LV_ENDOCARDIAL	8	1.0	1.0
-2.07631	20.72235	-23.66478	LAX_LV_ENDOCARDIAL	8	1.0	1.0
-3.88019	20.72235	-21.50696	LAX_LV_ENDOCARDIAL	8	1.0	1.0
-24.03801	-15.95575	-12.69761	LAX_RV_EPICARDIAL	8	1.0	1.0
-22.79195	-18.67265	-15.32175	LAX_RV_EPICARDIAL	8	1.0	1.0
-21.26699	-20.03110	-17.71273	LAX_RV_EPICARDIAL	8	1.0	1.0
-19.74202	-21.38955	-20.10371	LAX_RV_EPICARDIAL	8	1.0	1.0
-18.21705	-22.74800	-22.49469	LAX_RV_EPICARDIAL	8	1.0	1.0
-16.41317	-22.74801	-24.65251	LAX_RV_EPICARDIAL	8	1.0	1.0
-14.88820	-24.10646	-27.04349	LAX_RV_EPICARDIAL	8	1.0	1.0
-13.08432	-24.10646	-29.20131	LAX_RV_EPICARDIAL	8	1.0	1.0
-11.55935	-25.46491	-31.59229	LAX_RV_EPICARDIAL	8	1.0	1.0
-9.75547	-25.46491	-33.75010	LAX_RV_EPICARDIAL	8	1.0	1.0
-8.23050	-26.82336	-36.14108	LAX_RV_EPICARDIAL	8	1.0	1.0
-6.42662	-26.82336	-38.29890	LAX_RV_EPICARDIAL	8	1.0	1.0
-4.62274	-26.82336	-40.45672	LAX_RV_EPICARDIAL	8	1.0	1.0
-2.81886	-26.82337	-42.61453	LAX_RV_EPICARDIAL	8	1.0	1.0
-0.73606	-25.46492	-44.53919	LAX_RV_EPICARDIAL	8	1.0	1.0
1.06782	-25.46492	-46.69701	LAX_RV_EPICARDIAL	8	1.0	1.0
2.87170	-25.46492	-48.85483	LAX_RV_EPICARDIAL	8	1.0	1.0
4.67558	-25.46492	-51.01264	LAX_RV_EPICARDIAL	8	1.0	1.0
6.47946	-25.46493	-53.17046	LAX_RV_EPICARDIAL	8	1.0	1.0
8.28334	-25.46493	-55.32828	LAX_RV_EPICARDIAL	8	1.0	1.0
10.36614	-24.10648	-57.25293	LAX_RV_EPICARDIAL	8	1.0	1.0
-7.37566	-5.08818	-28.09486	LAX_RV_EPICARDIAL	8	1.0	1.0
-10.70451	-3.72972	-23.54606	LAX_RV_EPICARDIAL	8	1.0	1.0
-12.50839	-3.72972	-21.38824	LAX_RV_EPICARDIAL	8	1.0	1.0
-14.31227	-3.72972	-19.23043	LAX_RV_EPICARDIAL	8	1.0	1.0
-16.39506	-5.08817	-17.30577	LAX_RV_EPICARDIAL	8	1.0	1.0
-18.47786	-6.44662	-15.38111	LAX_RV_EPICARDIAL	8	1.0	1.0
-20.28174	-6.44661	-13.22330	LAX_RV_EPICARDIAL	8	1.0	1.0
-21.46259	-7.80506	-12.37755	LAX_RV_EPICARDIAL	8	1.0	1.0
-22.92236	-10.52196	-11.76496	LAX_RV_EPICARDIAL	8	1.0	1.0
-23.48018	-13.23886	-12.23129	LAX_RV_EPICARDIAL	8	1.0	1.0
4.72989	27.51459	-28.97242	MITRAL_VALVE	8	1.0	1.0
17.16146	39.74062	-38.74196	MITRAL_VALVE	8	1.0	1.0
-6.30710	22.08080	-18.03708	AORTA_VALVE	8	1.0	1.0
-8.06389	0.34562	-25.00439	AORTA_VALVE	8	1.0	1.0
-42.94333	0.68635	-76.45780	LAX_RV_FREEWALL	7	1.0	8
-45.52138	-0.91494	-79.02876	LAX_RV_FREEWALL	7	1.0	8
-45.29987	-2.51623	-81.33027	LAX_RV_FREEWALL	7	1.0	8
-45.07836	-4.11752	-83.63178	LAX_RV_FREEWALL	7	1.0	8
-42.05728	-5.71882	-85.66384	LAX_RV_FREEWALL	7	1.0	8
-39.03621	-7.32011	-87.69590	LAX_RV_FREEWALL	7	1.0	8
-36.01513	-8.92140	-89.72796	LAX_RV_FREEWALL	7	1.0	8
-33.10481	-9.72205	-90.60927	LAX_RV_FREEWALL	7	1.0	8
-30.19449	-10.52269	-91.49058	LAX_RV_FREEWALL	7	1.0	8
-27.28417	-11.32334	-92.37188	LAX_RV_FREEWALL	7	1.0	8
-24.37385	-12.12398	-93.25319	LAX_RV_FREEWALL	7	1.0	8
-21.46354	-12.92463	-94.13450	LAX_RV_FREEWALL	7	1.0	8
-18.55322	-13.72528	-95.01580	LAX_RV_FREEWALL	7	1.0	8
-15.64290	-14.52592	-95.89711	LAX_RV_FREEWALL	7	1.0	8
-12.73258	-15.32657	-96.77841	LAX_RV_FREEWALL	7	1.0	8
-9.82226	-16.12722	-97.65972	LAX_RV_FREEWALL	7	1.0	8
-6.91194	-16.92786	-98.54103	LAX_RV_FREEWALL	7	1.0	8
-4.00162	-17.72851	-99.42233	LAX_RV_FREEWALL	7	1.0	8
-1.20206	-17.72851	-99.15288	LAX_RV_FREEWALL	7	1.0	8
1.70826	-18.52916	-100.03419	LAX_RV_FREEWALL	7	1.0	8
4.50782	-18.52916	-99.76474	LAX_RV_FREEWALL	7	1.0	8
7.41814	-19.32980	-100.64605	LAX_RV_FREEWALL	7	1.0	8
10.21770	-19.32980	-100.37660	LAX_RV_FREEWALL	7	1.0	8
13.01727	-19.32981	-100.10715	LAX_RV_FREEWALL	7	1.0	8
15.92759	-20.13045	-100.98845	LAX_RV_FREEWALL	7	1.0	8
18.72715	-20.13045	-100.71900	LAX_RV_FREEWALL	7	1.0	8
21.52671	-20.13045	-100.44956	LAX_RV_FREEWALL	7	1.0	8
24.21552	-19.32981	-99.02935	LAX_RV_FREEWALL	7	1.0	8
-43.16485	2.28764	-74.15629	LAX_RV_EPICARDIAL	7	1.0	8
-45.96441	2.28764	-74.42574	LAX_RV_EPICARDIAL	7	1.0	8
-48.54246	0.68635	-76.99670	LAX_RV_EPICARDIAL	7	1.0	8
-49.72073	-0.91494	-79.43293	LAX_RV_EPICARDIAL	7	1.0	8
-50.89900	-2.51623	-81.86917	LAX_RV_EPICARDIAL	7	1.0	8
-50.67748	-4.11752	-84.17068	LAX_RV_EPICARDIAL	7	1.0	8
-50.45597	-5.71881	-86.47219	LAX_RV_EPICARDIAL	7	1.0	8
-47.54565	-6.51946	-87.35350	LAX_RV_EPICARDIAL	7	1.0	8
-44.63533	-7.32011	-88.23480	LAX_RV_EPICARDIAL	7	1.0	8
-41.61426	-8.92140	-90.26686	LAX_RV_EPICARDIAL	7	1.0	8
-39.99296	-10.52269	-92.43365	LAX_RV_EPICARDIAL	7	1.0	8
-37.08264	-11.32334	-93.31496	LAX_RV_EPICARDIAL	7	1.0	8
-34.17232	-12.12398	-94.19626	LAX_RV_EPICARDIAL	7	1.0	8
-31.26200	-12.92463	-95.07757	LAX_RV_EPICARDIAL	7	1.0	8
-28.35169	-13.72527	-95.95887	LAX_RV_EPICARDIAL	7	1.0	8
-25.44137	-14.52592	-96.84018	LAX_RV_EPICARDIAL	7	1.0	8
-22.53105	-15.32657	-97.72149	LAX_RV_EPICARDIAL	7	1.0	8
-19.62073	-16.12721	-98.60279	LAX_RV_EPICARDIAL	7	1.0	8
-16.59965	-17.72851	-100.63485	LAX_RV_EPICARDIAL	7	1.0	8
-13.68933	-18.52915	-101.51616	LAX_RV_EPICARDIAL	7	1.0	8
-10.88977	-18.52915	-101.24671	LAX_RV_EPICARDIAL	7	1.0	8
-7.97945	-19.32980	-102.12802	LAX_RV_EPICARDIAL	7	1.0	8
-5.06913	-20.13045	-103.00932	LAX_RV_EPICARDIAL	7	1.0	8
-2.15881	-20.93109	-103.89063	LAX_RV_EPICARDIAL	7	1.0	8
0.75150	-21.73174	-104.77194	LAX_RV_EPICARDIAL	7	1.0	8
3.55107	-21.73174	-104.50249	LAX_RV_EPICARDIAL	7	1.0	8
6.23987	-20.93109	-103.08228	LAX_RV_EPICARDIAL	7	1.0	8
9.03944	-20.93110	-102.81283	LAX_RV_EPICARDIAL	7	1.0	8
11.83900	-20.93110	-102.54338	LAX_RV_EPICARDIAL	7	1.0	8
14.74932	-21.73174	-103.42469	LAX_RV_EPICARDIAL	7	1.0	8
17.54888	-21.73174	-103.15524	LAX_RV_EPICARDIAL	7	1.0	8
20.34844	-21.73174	-102.88579	LAX_RV_EPICARDIAL	7	1.0	8
23.14800	-21.73175	-102.61634	LAX_RV_EPICARDIAL	7	1.0	8
25.83681	-20.93110	-101.19614	LAX_RV_EPICARDIAL	7	1.0	8
28.41486	-19.32981	-98.62518	LAX_RV_EPICARDIAL	7	1.0	8
25.39378	-17.72852	-96.59311	LAX_RV_EPICARDIAL	7	1.0	8
25.39378	-17.72852	-96.59311	LAX_RV_SEPTUM	7	1.0	8
22.48347	-16.92787	-95.71181	LAX_RV_SEPTUM	7	1.0	8
19.57315	-16.12723	-94.83050	LAX_RV_SEPTUM	7	1.0	8
16.55207	-14.52593	-92.79844	LAX_RV_SEPTUM	7	1.0	8
13.64175	-13.72529	-91.91713	LAX_RV_SEPTUM	7	1.0	8
10.62068	-12.12399	-89.88507	LAX_RV_SEPTUM	7	1.0	8
7.59960	-10.52270	-87.85301	LAX_RV_SEPTUM	7	1.0	8
4.57853	-8.92141	-85.82095	LAX_RV_SEPTUM	7	1.0	8
1.55745	-7.32012	-83.78889	LAX_RV_SEPTUM	7	1.0	8
-0.06384	-5.71883	-81.62210	LAX_RV_SEPTUM	7	1.0	8
-3.08492	-4.11753	-79.59004	LAX_RV_SEPTUM	7	1.0	8
-4.70621	-2.51624	-77.42325	LAX_RV_SEPTUM	7	1.0	8
-6.32751	-0.91495	-75.25647	LAX_RV_SEPTUM	7	1.0	8
-7.94880	0.68634	-73.08968	LAX_RV_SEPTUM	7	1.0	8
-10.96988	2.28763	-71.05762	LAX_RV_SEPTUM	7	1.0	8
-12.59117	3.88892	-68.89083	LAX_RV_SEPTUM	7	1.0	8
-14.21247	5.49022	-66.72405	LAX_RV_SEPTUM	7	1.0	8
-15.83376	7.09151	-64.55726	LAX_RV_SEPTUM	7	1.0	8
-17.45506	8.69280	-62.39047	LAX_RV_SEPTUM	7	1.0	8
-19.07635	10.29409	-60.22369	LAX_RV_SEPTUM	7	1.0	8
-19.29786	11.89538	-57.92218	LAX_RV_SEPTUM	7	1.0	8
-19.00565	19.90184	-46.27990	LAX_LV_EPICARDIAL	7	1.0	8
-20.18392	18.30055	-48.71613	LAX_LV_EPICARDIAL	7	1.0	8
-19.96240	16.69926	-51.01764	LAX_LV_EPICARDIAL	7	1.0	8
-19.74089	15.09796	-53.31916	LAX_LV_EPICARDIAL	7	1.0	8
-19.51938	13.49667	-55.62067	LAX_LV_EPICARDIAL	7	1.0	8
29.59313	-17.72852	-96.18894	LAX_LV_EPICARDIAL	7	1.0	8
32.39269	-17.72852	-95.91949	LAX_LV_EPICARDIAL	7	1.0	8
35.19225	-17.72852	-95.65004	LAX_LV_EPICARDIAL	7	1.0	8
37.99182	-17.72852	-95.38059	LAX_LV_EPICARDIAL	7	1.0	8
40.79138	-17.72852	-95.11114	LAX_LV_EPICARDIAL	7	1.0	8
43.48018	-16.92788	-93.69094	LAX_LV_EPICARDIAL	7	1.0	8
46.05823	-15.32659	-91.11998	LAX_LV_EPICARDIAL	7	1.0	8
47.23650	-13.72530	-88.68374	LAX_LV_EPICARDIAL	7	1.0	8
48.41477	-12.12401	-86.24751	LAX_LV_EPICARDIAL	7	1.0	8
49.59304	-10.52271	-83.81127	LAX_LV_EPICARDIAL	7	1.0	8
50.77131	-8.92142	-81.37504	LAX_LV_EPICARDIAL	7	1.0	8
50.54979	-7.32013	-79.07353	LAX_LV_EPICARDIAL	7	1.0	8
51.72806	-5.71884	-76.63729	LAX_LV_EPICARDIAL	7	1.0	8
51.50655	-4.11755	-74.33578	LAX_LV_EPICARDIAL	7	1.0	8
51.28504	-2.51626	-72.03427	LAX_LV_EPICARDIAL	7	1.0	8
52.46330	-0.91497	-69.59803	LAX_LV_EPICARDIAL	7	1.0	8
52.24179	0.68632	-67.29652	LAX_LV_EPICARDIAL	7	1.0	8
52.02028	2.28761	-64.99501	LAX_LV_EPICARDIAL	7	1.0	8
53.19855	3.88891	-62.55877	LAX_LV_EPICARDIAL	7	1.0	8
52.97703	5.49020	-60.25726	LAX_LV_EPICARDIAL	7	1.0	8
51.35574	7.09149	-58.09048	LAX_LV_EPICARDIAL	7	1.0	8
51.13423	8.69278	-55.78897	LAX_LV_EPICARDIAL	7	1.0	8
49.51293	10.29407	-53.62218	LAX_LV_EPICARDIAL	7	1.0	8
49.29142	11.89536	-51.32067	LAX_LV_EPICARDIAL	7	1.0	8
49.06991	13.49665	-49.01916	LAX_LV_EPICARDIAL	7	1.0	8
47.44861	15.09795	-46.85237	LAX_LV_EPICARDIAL	7	1.0	8
45.82732	16.69924	-44.68559	LAX_LV_EPICARDIAL	7	1.0	8
45.60580	18.30053	-42.38407	LAX_LV_EPICARDIAL	7	1.0	8
43.98451	19.90182	-40.21729	LAX_LV_EPICARDIAL	7	1.0	8
42.36321	21.50311	-38.05050	LAX_LV_EPICARDIAL	7	1.0	8
40.74192	23.10440	-35.88372	LAX_LV_EPICARDIAL	7	1.0	8
39.12063	24.70569	-33.71693	LAX_LV_EPICARDIAL	7	1.0	8
37.49933	26.30699	-31.55014	LAX_LV_EPICARDIAL	7	1.0	8
34.47826	27.90828	-29.51808	LAX_LV_EPICARDIAL	7	1.0	8
31.56794	28.70892	-28.63678	LAX_LV_EPICARDIAL	7	1.0	8
28.65762	29.50957	-27.75547	LAX_LV_EPICARDIAL	7	1.0	8
25.74730	30.31022	-26.87416	LAX_LV_EPICARDIAL	7	1.0	8
22.94774	30.31022	-27.14361	LAX_LV_EPICARDIAL	7	1.0	8
20.03742	31.11086	-26.26231	LAX_LV_EPICARDIAL	7	1.0	8
-17.49511	19.10119	-47.29593	LAX_LV_ENDOCARDIAL	7	1.0	8
-15.87382	17.49990	-49.46272	LAX_LV_ENDOCARDIAL	7	1.0	8
-14.25252	15.89861	-51.62950	LAX_LV_ENDOCARDIAL	7	1.0	8
-11.23145	14.29732	-53.66156	LAX_LV_ENDOCARDIAL	7	1.0	8
-9.61015	12.69602	-55.82835	LAX_LV_ENDOCARDIAL	7	1.0	8
-6.58908	11.09473	-57.86041	LAX_LV_ENDOCARDIAL	7	1.0	8
-3.56800	9.49344	-59.89247	LAX_LV_ENDOCARDIAL	7	1.0	8
-1.94671	7.89215	-62.05926	LAX_LV_ENDOCARDIAL	7	1.0	8
1.07437	6.29086	-64.09132	LAX_LV_ENDOCARDIAL	7	1.0	8
4.09545	4.68956	-66.12338	LAX_LV_ENDOCARDIAL	7	1.0	8
5.71674	3.08827	-68.29017	LAX_LV_ENDOCARDIAL	7	1.0	8
8.73782	1.48698	-70.32223	LAX_LV_ENDOCARDIAL	7	1.0	8
10.35911	-0.11431	-72.48902	LAX_LV_ENDOCARDIAL	7	1.0	8
11.98040	-1.71560	-74.65580	LAX_LV_ENDOCARDIAL	7	1.0	8
15.00148	-3.31689	-76.68786	LAX_LV_ENDOCARDIAL	7	1.0	8
16.62277	-4.91819	-78.85465	LAX_LV_ENDOCARDIAL	7	1.0	8
19.64385	-6.51948	-80.88671	LAX_LV_ENDOCARDIAL	7	1.0	8
22.66493	-8.12077	-82.91877	LAX_LV_ENDOCARDIAL	7	1.0	8
25.68600	-9.72206	-84.95084	LAX_LV_ENDOCARDIAL	7	1.0	8
28.70708	-11.32335	-86.98290	LAX_LV_ENDOCARDIAL	7	1.0	8
31.72815	-12.92465	-89.01496	LAX_LV_ENDOCARDIAL	7	1.0	8
34.63847	-13.72529	-89.89626	LAX_LV_ENDOCARDIAL	7	1.0	8
37.54879	-14.52594	-90.77757	LAX_LV_ENDOCARDIAL	7	1.0	8
40.23760	-13.72529	-89.35737	LAX_LV_ENDOCARDIAL	7	1.0	8
41.41586	-12.12400	-86.92113	LAX_LV_ENDOCARDIAL	7	1.0	8
41.19435	-10.52271	-84.61962	LAX_LV_ENDOCARDIAL	7	1.0	8
42.37262	-8.92142	-82.18338	LAX_LV_ENDOCARDIAL	7	1.0	8
42.15111	-7.32013	-79.88187	LAX_LV_ENDOCARDIAL	7	1.0	8
41.92959	-5.71884	-77.58036	LAX_LV_ENDOCARDIAL	7	1.0	8
41.70808	-4.11755	-75.27885	LAX_LV_ENDOCARDIAL	7	1.0	8
41.48657	-2.51626	-72.97734	LAX_LV_ENDOCARDIAL	7	1.0	8
41.26505	-0.91496	-70.67583	LAX_LV_ENDOCARDIAL	7	1.0	8
41.04354	0.68633	-68.37432	LAX_LV_ENDOCARDIAL	7	1.0	8
40.82203	2.28762	-66.07281	LAX_LV_ENDOCARDIAL	7	1.0	8
40.60051	3.88891	-63.77130	LAX_LV_ENDOCARDIAL	7	1.0	8
40.37900	5.49020	-61.46979	LAX_LV_ENDOCARDIAL	7	1.0	8
38.75771	7.09149	-59.30300	LAX_LV_ENDOCARDIAL	7	1.0	8
38.53619	8.69278	-57.00149	LAX_LV_ENDOCARDIAL	7	1.0	8
36.91490	10.29407	-54.83470	LAX_LV_ENDOCARDIAL	7	1.0	8
35.29361	11.89537	-52.66792	LAX_LV_ENDOCARDIAL	7	1.0	8
35.07209	13.49666	-50.36640	LAX_LV_ENDOCARDIAL	7	1.0	8
33.45080	15.09795	-48.19962	LAX_LV_ENDOCARDIAL	7	1.0	8
31.82950	16.69924	-46.03283	LAX_LV_ENDOCARDIAL	7	1.0	8
31.60799	18.30053	-43.73132	LAX_LV_ENDOCARDIAL	7	1.0	8
29.98670	19.90182	-41.56454	LAX_LV_ENDOCARDIAL	7	1.0	8
26.96562	21.50312	-39.53247	LAX_LV_ENDOCARDIAL	7	1.0	8
25.34433	23.10441	-37.36569	LAX_LV_ENDOCARDIAL	7	1.0	8
23.72303	24.70570	-35.19890	LAX_LV_ENDOCARDIAL	7	1.0	8
20.70196	26.30699	-33.16684	LAX_LV_ENDOCARDIAL	7	1.0	8
19.08066	27.90828	-31.00005	LAX_LV_ENDOCARDIAL	7	1.0	8
17.45937	29.50957	-28.83327	LAX_LV_ENDOCARDIAL	7	1.0	8
-43.16485	2.28764	-74.15629	LAX_RV_EPICARDIAL	7	1.0	8
-45.96441	2.28764	-74.42574	LAX_RV_EPICARDIAL	7	1.0	8
-48.54246	0.68635	-76.99670	LAX_RV_EPICARDIAL	7	1.0	8
-49.72073	-0.91494	-79.43293	LAX_RV_EPICARDIAL	7	1.0	8
-50.89900	-2.51623	-81.86917	LAX_RV_EPICARDIAL	7	1.0	8
-50.67748	-4.11752	-84.17068	LAX_RV_EPICARDIAL	7	1.0	8
-50.45597	-5.71881	-86.47219	LAX_RV_EPICARDIAL	7	1.0	8
-47.54565	-6.51946	-87.35350	LAX_RV_EPICARDIAL	7	1.0	8
-44.63533	-7.32011	-88.23480	LAX_RV_EPICARDIAL	7	1.0	8
-41.61426	-8.92140	-90.26686	LAX_RV_EPICARDIAL	7	1.0	8
-39.99296	-10.52269	-92.43365	LAX_RV_EPICARDIAL	7	1.0	8
-37.08264	-11.32334	-93.31496	LAX_RV_EPICARDIAL	7	1.0	8
-34.17232	-12.12398	-94.19626	LAX_RV_EPICARDIAL	7	1.0	8
-31.26200	-12.92463	-95.07757	LAX_RV_EPICARDIAL	7	1.0	8
-28.35169	-13.72527	-95.95887	LAX_RV_EPICARDIAL	7	1.0	8
-25.44137	-14.52592	-96.84018	LAX_RV_EPICARDIAL	7	1.0	8
-22.53105	-15.32657	-97.72149	LAX_RV_EPICARDIAL	7	1.0	8
-19.62073	-16.12721	-98.60279	LAX_RV_EPICARDIAL	7	1.0	8
-16.59965	-17.72851	-100.63485	LAX_RV_EPICARDIAL	7	1.0	8
-13.68933	-18.52915	-101.51616	LAX_RV_EPICARDIAL	7	1.0	8
-10.88977	-18.52915	-101.24671	LAX_RV_EPICARDIAL	7	1.0	8
-7.97945	-19.32980	-102.12802	LAX_RV_EPICARDIAL	7	1.0	8
-5.06913	-20.13045	-103.00932	LAX_RV_EPICARDIAL	7	1.0	8
-2.15881	-20.93109	-103.89063	LAX_RV_EPICARDIAL	7	1.0	8
0.75150	-21.73174	-104.77194	LAX_RV_EPICARDIAL	7	1.0	8
3.55107	-21.73174	-104.50249	LAX_RV_EPICARDIAL	7	1.0	8
6.23987	-20.93109	-103.08228	LAX_RV_EPICARDIAL	7	1.0	8
9.03944	-20.93110	-102.81283	LAX_RV_EPICARDIAL	7	1.0	8
11.83900	-20.93110	-102.54338	LAX_RV_EPICARDIAL	7	1.0	8
14.74932	-21.73174	-103.42469	LAX_RV_EPICARDIAL	7	1.0	8
17.54888	-21.73174	-103.15524	LAX_RV_EPICARDIAL	7	1.0	8
20.34844	-21.73174	-102.88579	LAX_RV_EPICARDIAL	7	1.0	8
23.14800	-21.73175	-102.61634	LAX_RV_EPICARDIAL	7	1.0	8
25.83681	-20.93110	-101.19614	LAX_RV_EPICARDIAL	7	1.0	8
28.41486	-19.32981	-98.62518	LAX_RV_EPICARDIAL	7	1.0	8
25.39378	-17.72852	-96.59311	LAX_RV_EPICARDIAL	7	1.0	8
17.23786	31.11087	-26.53176	MITRAL_VALVE	7	1.0	8
-17.82738	21.50313	-43.84366	MITRAL_VALVE	7	1.0	8
-43.27560	3.08829	-73.00553	TRICUSPID_VALVE	7	1.0	8
-22.31894	13.49667	-55.89012	TRICUSPID_VALVE	7	1.0	8
40.79138	-17.72852	-95.11114	APEX_POINT	7	1.0	8
-10.79989	-18.59481	-2.55473	LAX_RV_FREEWALL	11	1.0	8
-10.42158	-18.58493	-5.34165	LAX_RV_FREEWALL	11	1.0	8
-10.04327	-18.57505	-8.12858	LAX_RV_FREEWALL	11	1.0	8
-9.66495	-18.56517	-10.91550	LAX_RV_FREEWALL	11	1.0	8
-9.20123	-19.95893	-13.69580	LAX_RV_FREEWALL	11	1.0	8
-8.82291	-19.94905	-16.48273	LAX_RV_FREEWALL	11	1.0	8
-8.44460	-19.93917	-19.26965	LAX_RV_FREEWALL	11	1.0	8
-8.06629	-19.92929	-22.05657	LAX_RV_FREEWALL	11	1.0	8
-7.60256	-21.32305	-24.83688	LAX_RV_FREEWALL	11	1.0	8
-7.22425	-21.31318	-27.62380	LAX_RV_FREEWALL	11	1.0	8
-6.76052	-22.70694	-30.40410	LAX_RV_FREEWALL	11	1.0	8
-6.38221	-22.69706	-33.19103	LAX_RV_FREEWALL	11	1.0	8
-5.91848	-24.09082	-35.97133	LAX_RV_FREEWALL	11	1.0	8
-5.54017	-24.08094	-38.75825	LAX_RV_FREEWALL	11	1.0	8
-5.16186	-24.07106	-41.54518	LAX_RV_FREEWALL	11	1.0	8
-4.78354	-24.06118	-44.33210	LAX_RV_FREEWALL	11	1.0	8
-4.40523	-24.05130	-47.11902	LAX_RV_FREEWALL	11	1.0	8
-3.94150	-25.44506	-49.89933	LAX_RV_FREEWALL	11	1.0	8
-3.56319	-25.43518	-52.68625	LAX_RV_FREEWALL	11	1.0	8
-3.27030	-24.02167	-55.47979	LAX_RV_FREEWALL	11	1.0	8
-2.89198	-24.01179	-58.26672	LAX_RV_FREEWALL	11	1.0	8
-2.42825	-25.40555	-61.04702	LAX_RV_FREEWALL	11	1.0	8
-2.04994	-25.39567	-63.83394	LAX_RV_FREEWALL	11	1.0	8
-1.58621	-26.78943	-66.61425	LAX_RV_FREEWALL	11	1.0	8
-1.20790	-26.77955	-69.40117	LAX_RV_FREEWALL	11	1.0	8
-0.82959	-26.76967	-72.18809	LAX_RV_FREEWALL	11	1.0	8
-0.45128	-26.75979	-74.97502	LAX_RV_FREEWALL	11	1.0	8
-0.07297	-26.74991	-77.76194	LAX_RV_FREEWALL	11	1.0	8
0.30535	-26.74003	-80.54886	LAX_RV_FREEWALL	11	1.0	8
0.68366	-26.73015	-83.33579	LAX_RV_FREEWALL	11	1.0	8
1.06197	-26.72028	-86.12271	LAX_RV_FREEWALL	11	1.0	8
1.44028	-26.71040	-88.90963	LAX_RV_FREEWALL	11	1.0	8
1.81859	-26.70052	-91.69655	LAX_RV_FREEWALL	11	1.0	8
2.11149	-25.28700	-94.49010	LAX_RV_FREEWALL	11	1.0	8
2.48980	-25.27712	-97.27702	LAX_RV_FREEWALL	11	1.0	8
2.78270	-23.86360	-100.07056	LAX_RV_FREEWALL	11	1.0	8
2.99018	-21.04645	-102.87072	LAX_RV_FREEWALL	11	1.0	8
2.81935	-18.23917	-102.88396	LAX_RV_FREEWALL	11	1.0	8
2.64852	-15.43189	-102.89720	LAX_RV_FREEWALL	11	1.0	8
2.47768	-12.62462	-102.91044	LAX_RV_FREEWALL	11	1.0	8
2.11770	-9.82228	-101.53022	LAX_RV_FREEWALL	11	1.0	8
1.75771	-7.01994	-100.15000	LAX_RV_FREEWALL	11	1.0	8
1.39772	-4.21760	-98.76977	LAX_RV_FREEWALL	11	1.0	8
0.84858	-1.42021	-95.99609	LAX_RV_FREEWALL	11	1.0	8
0.29943	1.37719	-93.22240	LAX_RV_FREEWALL	11	1.0	8
-0.06055	4.17953	-91.84218	LAX_RV_FREEWALL	11	1.0	8
-0.60970	6.97693	-89.06850	LAX_RV_FREEWALL	11	1.0	8
-1.07343	8.37069	-86.28819	LAX_RV_FREEWALL	11	1.0	8
-1.09175	5.55847	-84.88149	LAX_RV_SEPTUM	11	1.0	8
-1.11008	2.74626	-83.47479	LAX_RV_SEPTUM	11	1.0	8
-1.12840	-0.06596	-82.06809	LAX_RV_SEPTUM	11	1.0	8
-1.33588	-2.88312	-79.26793	LAX_RV_SEPTUM	11	1.0	8
-1.54336	-5.70027	-76.46777	LAX_RV_SEPTUM	11	1.0	8
-1.75084	-8.51743	-73.66761	LAX_RV_SEPTUM	11	1.0	8
-2.04374	-9.93095	-70.87406	LAX_RV_SEPTUM	11	1.0	8
-2.33663	-11.34446	-68.08052	LAX_RV_SEPTUM	11	1.0	8
-2.71495	-11.35434	-65.29360	LAX_RV_SEPTUM	11	1.0	8
-3.00784	-12.76786	-62.50006	LAX_RV_SEPTUM	11	1.0	8
-3.38615	-12.77774	-59.71313	LAX_RV_SEPTUM	11	1.0	8
-3.67905	-14.19126	-56.91959	LAX_RV_SEPTUM	11	1.0	8
-4.05736	-14.20113	-54.13267	LAX_RV_SEPTUM	11	1.0	8
-4.52109	-12.80737	-51.35236	LAX_RV_SEPTUM	11	1.0	8
-4.98482	-11.41361	-48.57206	LAX_RV_SEPTUM	11	1.0	8
-5.36313	-11.42349	-45.78514	LAX_RV_SEPTUM	11	1.0	8
-5.82686	-10.02973	-43.00483	LAX_RV_SEPTUM	11	1.0	8
-6.20517	-10.03961	-40.21791	LAX_RV_SEPTUM	11	1.0	8
-6.58348	-10.04949	-37.43099	LAX_RV_SEPTUM	11	1.0	8
-7.04721	-8.65573	-34.65068	LAX_RV_SEPTUM	11	1.0	8
-7.42552	-8.66561	-31.86376	LAX_RV_SEPTUM	11	1.0	8
-7.80384	-8.67549	-29.07684	LAX_RV_SEPTUM	11	1.0	8
-8.26756	-7.28173	-26.29653	LAX_RV_SEPTUM	11	1.0	8
-8.73129	-5.88797	-23.51623	LAX_RV_SEPTUM	11	1.0	8
-9.19502	-4.49421	-20.73593	LAX_RV_SEPTUM	11	1.0	8
-9.74416	-1.69681	-17.96224	LAX_RV_SEPTUM	11	1.0	8
-10.20789	-0.30305	-15.18194	LAX_RV_SEPTUM	11	1.0	8
-10.90363	-20.00339	-1.15465	LAX_RV_EPICARDIAL	11	1.0	8
-10.43990	-21.39715	-3.93495	LAX_RV_EPICARDIAL	11	1.0	8
-10.06159	-21.38727	-6.72188	LAX_RV_EPICARDIAL	11	1.0	8
-9.68328	-21.37739	-9.50880	LAX_RV_EPICARDIAL	11	1.0	8
-9.21955	-22.77115	-12.28910	LAX_RV_EPICARDIAL	11	1.0	8
-8.84124	-22.76127	-15.07603	LAX_RV_EPICARDIAL	11	1.0	8
-8.37751	-24.15503	-17.85633	LAX_RV_EPICARDIAL	11	1.0	8
-7.99920	-24.14515	-20.64325	LAX_RV_EPICARDIAL	11	1.0	8
-7.62089	-24.13527	-23.43018	LAX_RV_EPICARDIAL	11	1.0	8
-7.15716	-25.52903	-26.21048	LAX_RV_EPICARDIAL	11	1.0	8
-6.69343	-26.92279	-28.99078	LAX_RV_EPICARDIAL	11	1.0	8
-6.31512	-26.91291	-31.77771	LAX_RV_EPICARDIAL	11	1.0	8
-5.85139	-28.30667	-34.55801	LAX_RV_EPICARDIAL	11	1.0	8
-5.47308	-28.29679	-37.34493	LAX_RV_EPICARDIAL	11	1.0	8
-5.09476	-28.28691	-40.13186	LAX_RV_EPICARDIAL	11	1.0	8
-4.71645	-28.27704	-42.91878	LAX_RV_EPICARDIAL	11	1.0	8
-4.25272	-29.67080	-45.69908	LAX_RV_EPICARDIAL	11	1.0	8
-3.95983	-28.25728	-48.49263	LAX_RV_EPICARDIAL	11	1.0	8
-3.58152	-28.24740	-51.27955	LAX_RV_EPICARDIAL	11	1.0	8
-3.28862	-26.83388	-54.07309	LAX_RV_EPICARDIAL	11	1.0	8
-2.91031	-26.82400	-56.86002	LAX_RV_EPICARDIAL	11	1.0	8
-2.53200	-26.81412	-59.64694	LAX_RV_EPICARDIAL	11	1.0	8
-2.06827	-28.20788	-62.42724	LAX_RV_EPICARDIAL	11	1.0	8
-1.60454	-29.60164	-65.20755	LAX_RV_EPICARDIAL	11	1.0	8
-1.22623	-29.59176	-67.99447	LAX_RV_EPICARDIAL	11	1.0	8
-0.76250	-30.98552	-70.77477	LAX_RV_EPICARDIAL	11	1.0	8
-0.46960	-29.57201	-73.56832	LAX_RV_EPICARDIAL	11	1.0	8
-0.09129	-29.56213	-76.35524	LAX_RV_EPICARDIAL	11	1.0	8
0.28702	-29.55225	-79.14216	LAX_RV_EPICARDIAL	11	1.0	8
0.75075	-30.94601	-81.92247	LAX_RV_EPICARDIAL	11	1.0	8
1.12906	-30.93613	-84.70939	LAX_RV_EPICARDIAL	11	1.0	8
1.50737	-30.92625	-87.49631	LAX_RV_EPICARDIAL	11	1.0	8
1.88569	-30.91637	-90.28324	LAX_RV_EPICARDIAL	11	1.0	8
2.17858	-29.50286	-93.07678	LAX_RV_EPICARDIAL	11	1.0	8
2.55690	-29.49298	-95.86370	LAX_RV_EPICARDIAL	11	1.0	8
2.84979	-28.07946	-98.65724	LAX_RV_EPICARDIAL	11	1.0	8
3.14269	-26.66594	-101.45079	LAX_RV_EPICARDIAL	11	1.0	8
3.43558	-25.25242	-104.24433	LAX_RV_EPICARDIAL	11	1.0	8
3.64306	-22.43527	-107.04449	LAX_RV_EPICARDIAL	11	1.0	8
3.47223	-19.62799	-107.05773	LAX_RV_EPICARDIAL	11	1.0	8
3.30140	-16.82071	-107.07097	LAX_RV_EPICARDIAL	11	1.0	8
3.31972	-14.00850	-108.47767	LAX_RV_EPICARDIAL	11	1.0	8
2.95974	-11.20616	-107.09745	LAX_RV_EPICARDIAL	11	1.0	8
2.59975	-8.40382	-105.71722	LAX_RV_EPICARDIAL	11	1.0	8
2.42892	-5.59655	-105.73046	LAX_RV_EPICARDIAL	11	1.0	8
2.06893	-2.79421	-104.35024	LAX_RV_EPICARDIAL	11	1.0	8
1.51979	0.00319	-101.57655	LAX_RV_EPICARDIAL	11	1.0	8
0.97064	2.80059	-98.80287	LAX_RV_EPICARDIAL	11	1.0	8
0.42150	5.59799	-96.02919	LAX_RV_EPICARDIAL	11	1.0	8
0.06151	8.40033	-94.64896	LAX_RV_EPICARDIAL	11	1.0	8
-0.48763	11.19772	-91.87528	LAX_RV_EPICARDIAL	11	1.0	8
-0.95136	12.59148	-89.09497	LAX_RV_EPICARDIAL	11	1.0	8
-1.32967	12.58161	-86.30805	LAX_RV_EPICARDIAL	11	1.0	8
-1.15884	9.77433	-86.29481	LAX_RV_EPICARDIAL	11	1.0	8
-11.45277	-17.20599	1.61903	PULMONARY_VALVE	11	1.0	8
-10.94619	2.48941	-11.01479	PULMONARY_VALVE	11	1.0	8
