x	y	z	contour type	frameID	weight	time frame
-36.52547	-25.37305	-25.17697	SAX_RV_FREEWALL	2	1.0	1
-38.22204	-24.26828	-27.58297	SAX_RV_FREEWALL	2	1.0	1
-40.44972	-24.26828	-29.29982	SAX_RV_FREEWALL	2	1.0	1
-42.67741	-24.26828	-31.01666	SAX_RV_FREEWALL	2	1.0	1
-44.90510	-24.26829	-32.73351	SAX_RV_FREEWALL	2	1.0	1
-47.13279	-24.26829	-34.45035	SAX_RV_FREEWALL	2	1.0	1
-49.36048	-24.26829	-36.16720	SAX_RV_FREEWALL	2	1.0	1
-51.58817	-24.26829	-37.88404	SAX_RV_FREEWALL	2	1.0	1
-53.81585	-24.26830	-39.60089	SAX_RV_FREEWALL	2	1.0	1
-56.04354	-24.26830	-41.31774	SAX_RV_FREEWALL	2	1.0	1
-57.74011	-23.16353	-43.72374	SAX_RV_FREEWALL	2	1.0	1
-59.96780	-23.16353	-45.44058	SAX_RV_FREEWALL	2	1.0	1
-61.66437	-22.05877	-47.84659	SAX_RV_FREEWALL	2	1.0	1
-63.36093	-20.95400	-50.25259	SAX_RV_FREEWALL	2	1.0	1
-65.05750	-19.84924	-52.65859	SAX_RV_FREEWALL	2	1.0	1
-66.75407	-18.74447	-55.06459	SAX_RV_FREEWALL	2	1.0	1
-66.80567	-16.53493	-57.30133	SAX_RV_FREEWALL	2	1.0	1
-67.97112	-14.32540	-60.39649	SAX_RV_FREEWALL	2	1.0	1
-69.13656	-12.11587	-63.49165	SAX_RV_FREEWALL	2	1.0	1
-70.30201	-9.90633	-66.58681	SAX_RV_FREEWALL	2	1.0	1
-69.23977	-7.69679	-67.96512	SAX_RV_FREEWALL	2	1.0	1
-69.29137	-5.48726	-70.20186	SAX_RV_FREEWALL	2	1.0	1
-68.22913	-3.27772	-71.58017	SAX_RV_FREEWALL	2	1.0	1
-68.28073	-1.06819	-73.81691	SAX_RV_FREEWALL	2	1.0	1
-67.21849	1.14135	-75.19522	SAX_RV_FREEWALL	2	1.0	1
-65.04240	3.35089	-75.71511	SAX_RV_FREEWALL	2	1.0	1
-62.86632	5.56042	-76.23500	SAX_RV_FREEWALL	2	1.0	1
-60.69023	7.76996	-76.75489	SAX_RV_FREEWALL	2	1.0	1
-58.51415	9.97950	-77.27478	SAX_RV_FREEWALL	2	1.0	1
-56.33806	12.18904	-77.79467	SAX_RV_FREEWALL	2	1.0	1
-54.16197	14.39858	-78.31456	SAX_RV_FREEWALL	2	1.0	1
-50.87204	16.60811	-77.97603	SAX_RV_FREEWALL	2	1.0	1
-47.58211	18.81765	-77.63750	SAX_RV_FREEWALL	2	1.0	1
-44.82330	19.92242	-76.60981	SAX_RV_FREEWALL	2	1.0	1
-41.53337	22.13196	-76.27128	SAX_RV_FREEWALL	2	1.0	1
-38.77456	23.23673	-75.24359	SAX_RV_FREEWALL	2	1.0	1
-36.01575	24.34150	-74.21590	SAX_RV_FREEWALL	2	1.0	1
-33.25694	25.44627	-73.18821	SAX_RV_FREEWALL	2	1.0	1
-31.02926	25.44628	-71.47137	SAX_RV_FREEWALL	2	1.0	1
-28.80157	25.44628	-69.75452	SAX_RV_FREEWALL	2	1.0	1
-27.10500	24.34151	-67.34852	SAX_RV_FREEWALL	2	1.0	1
8.09500	-4.38241	-11.65984	SAX_RV_FREEWALL	2	1.0	1
9.26045	-6.59195	-8.56468	SAX_RV_FREEWALL	2	1.0	1
9.31205	-8.80148	-6.32794	SAX_RV_FREEWALL	2	1.0	1
7.13596	-11.01102	-5.80805	SAX_RV_FREEWALL	2	1.0	1
3.84603	-13.22056	-6.14659	SAX_RV_FREEWALL	2	1.0	1
0.55610	-15.43010	-6.48512	SAX_RV_FREEWALL	2	1.0	1
-2.20271	-16.53487	-7.51281	SAX_RV_FREEWALL	2	1.0	1
-4.96152	-17.63964	-8.54050	SAX_RV_FREEWALL	2	1.0	1
-7.72033	-18.74441	-9.56818	SAX_RV_FREEWALL	2	1.0	1
-10.47913	-19.84918	-10.59587	SAX_RV_FREEWALL	2	1.0	1
-13.23794	-20.95395	-11.62356	SAX_RV_FREEWALL	2	1.0	1
-15.46563	-20.95395	-13.34041	SAX_RV_FREEWALL	2	1.0	1
-18.22444	-22.05872	-14.36810	SAX_RV_FREEWALL	2	1.0	1
-20.45213	-22.05873	-16.08494	SAX_RV_FREEWALL	2	1.0	1
-23.21094	-23.16350	-17.11263	SAX_RV_FREEWALL	2	1.0	1
-25.96975	-24.26827	-18.14032	SAX_RV_FREEWALL	2	1.0	1
-28.19744	-24.26827	-19.85717	SAX_RV_FREEWALL	2	1.0	1
-30.42513	-24.26827	-21.57401	SAX_RV_FREEWALL	2	1.0	1
-33.18394	-25.37304	-22.60170	SAX_RV_FREEWALL	2	1.0	1
-35.41162	-25.37305	-24.31855	SAX_RV_FREEWALL	2	1.0	1
-43.15693	-27.58259	-28.09077	SAX_RV_EPICARDIAL	2	1.0	1
-44.85350	-26.47782	-30.49677	SAX_RV_EPICARDIAL	2	1.0	1
-47.08119	-26.47782	-32.21362	SAX_RV_EPICARDIAL	2	1.0	1
-49.30888	-26.47783	-33.93046	SAX_RV_EPICARDIAL	2	1.0	1
-51.53656	-26.47783	-35.64731	SAX_RV_EPICARDIAL	2	1.0	1
-53.76425	-26.47783	-37.36415	SAX_RV_EPICARDIAL	2	1.0	1
-55.99194	-26.47783	-39.08100	SAX_RV_EPICARDIAL	2	1.0	1
-57.68851	-25.37307	-41.48700	SAX_RV_EPICARDIAL	2	1.0	1
-59.91620	-25.37307	-43.20385	SAX_RV_EPICARDIAL	2	1.0	1
-61.61276	-24.26830	-45.60985	SAX_RV_EPICARDIAL	2	1.0	1
-63.30933	-23.16354	-48.01585	SAX_RV_EPICARDIAL	2	1.0	1
-65.53702	-23.16354	-49.73270	SAX_RV_EPICARDIAL	2	1.0	1
-67.23359	-22.05877	-52.13870	SAX_RV_EPICARDIAL	2	1.0	1
-68.39903	-19.84924	-55.23386	SAX_RV_EPICARDIAL	2	1.0	1
-69.56448	-17.63970	-58.32902	SAX_RV_EPICARDIAL	2	1.0	1
-70.72993	-15.43017	-61.42418	SAX_RV_EPICARDIAL	2	1.0	1
-71.89537	-13.22064	-64.51934	SAX_RV_EPICARDIAL	2	1.0	1
-71.94698	-11.01110	-66.75607	SAX_RV_EPICARDIAL	2	1.0	1
-71.99858	-8.80157	-68.99281	SAX_RV_EPICARDIAL	2	1.0	1
-70.93634	-6.59203	-70.37112	SAX_RV_EPICARDIAL	2	1.0	1
-70.98794	-4.38249	-72.60786	SAX_RV_EPICARDIAL	2	1.0	1
-69.92570	-2.17296	-73.98617	SAX_RV_EPICARDIAL	2	1.0	1
-68.86346	0.03658	-75.36449	SAX_RV_EPICARDIAL	2	1.0	1
-67.80121	2.24612	-76.74280	SAX_RV_EPICARDIAL	2	1.0	1
-66.73897	4.45565	-78.12111	SAX_RV_EPICARDIAL	2	1.0	1
-64.56289	6.66519	-78.64100	SAX_RV_EPICARDIAL	2	1.0	1
-62.38680	8.87473	-79.16089	SAX_RV_EPICARDIAL	2	1.0	1
-60.21071	11.08427	-79.68078	SAX_RV_EPICARDIAL	2	1.0	1
-58.03463	13.29380	-80.20067	SAX_RV_EPICARDIAL	2	1.0	1
-55.85854	15.50334	-80.72057	SAX_RV_EPICARDIAL	2	1.0	1
-52.56861	17.71288	-80.38203	SAX_RV_EPICARDIAL	2	1.0	1
-49.27868	19.92242	-80.04350	SAX_RV_EPICARDIAL	2	1.0	1
-45.98875	22.13196	-79.70497	SAX_RV_EPICARDIAL	2	1.0	1
-43.22994	23.23673	-78.67728	SAX_RV_EPICARDIAL	2	1.0	1
-40.47113	24.34150	-77.64959	SAX_RV_EPICARDIAL	2	1.0	1
-37.18120	26.55104	-77.31106	SAX_RV_EPICARDIAL	2	1.0	1
-34.42239	27.65581	-76.28337	SAX_RV_EPICARDIAL	2	1.0	1
-32.19470	27.65581	-74.56652	SAX_RV_EPICARDIAL	2	1.0	1
-29.96701	27.65581	-72.84968	SAX_RV_EPICARDIAL	2	1.0	1
-27.73933	27.65581	-71.13283	SAX_RV_EPICARDIAL	2	1.0	1
-25.51164	27.65582	-69.41599	SAX_RV_EPICARDIAL	2	1.0	1
-23.81507	26.55105	-67.00999	SAX_RV_EPICARDIAL	2	1.0	1
-24.29459	23.23675	-64.08409	SAX_RV_EPICARDIAL	2	1.0	1
10.85381	-3.27764	-10.63215	SAX_RV_EPICARDIAL	2	1.0	1
13.08150	-3.27764	-8.91530	SAX_RV_EPICARDIAL	2	1.0	1
14.77807	-4.38241	-6.50930	SAX_RV_EPICARDIAL	2	1.0	1
14.82967	-6.59194	-4.27257	SAX_RV_EPICARDIAL	2	1.0	1
12.65358	-8.80148	-3.75268	SAX_RV_EPICARDIAL	2	1.0	1
10.47750	-11.01102	-3.23278	SAX_RV_EPICARDIAL	2	1.0	1
8.30141	-13.22056	-2.71289	SAX_RV_EPICARDIAL	2	1.0	1
5.01148	-15.43010	-3.05143	SAX_RV_EPICARDIAL	2	1.0	1
1.72155	-17.63963	-3.38996	SAX_RV_EPICARDIAL	2	1.0	1
-1.03726	-18.74440	-4.41765	SAX_RV_EPICARDIAL	2	1.0	1
-3.79607	-19.84918	-5.44534	SAX_RV_EPICARDIAL	2	1.0	1
-6.55488	-20.95395	-6.47303	SAX_RV_EPICARDIAL	2	1.0	1
-9.31369	-22.05872	-7.50071	SAX_RV_EPICARDIAL	2	1.0	1
-11.54138	-22.05872	-9.21756	SAX_RV_EPICARDIAL	2	1.0	1
-14.30019	-23.16349	-10.24525	SAX_RV_EPICARDIAL	2	1.0	1
-17.05900	-24.26826	-11.27294	SAX_RV_EPICARDIAL	2	1.0	1
-19.28668	-24.26826	-12.98978	SAX_RV_EPICARDIAL	2	1.0	1
-22.04549	-25.37303	-14.01747	SAX_RV_EPICARDIAL	2	1.0	1
-24.27318	-25.37303	-15.73432	SAX_RV_EPICARDIAL	2	1.0	1
-27.03199	-26.47780	-16.76201	SAX_RV_EPICARDIAL	2	1.0	1
-29.25968	-26.47781	-18.47885	SAX_RV_EPICARDIAL	2	1.0	1
-32.01849	-27.58258	-19.50654	SAX_RV_EPICARDIAL	2	1.0	1
-34.24618	-27.58258	-21.22339	SAX_RV_EPICARDIAL	2	1.0	1
-36.47387	-27.58258	-22.94023	SAX_RV_EPICARDIAL	2	1.0	1
-38.70155	-27.58258	-24.65708	SAX_RV_EPICARDIAL	2	1.0	1
-40.92924	-27.58259	-26.37392	SAX_RV_EPICARDIAL	2	1.0	1
-25.40843	23.23675	-64.94252	SAX_RV_SEPTUM	2	1.0	1
-25.35683	21.02721	-62.70578	SAX_RV_SEPTUM	2	1.0	1
-25.30523	18.81767	-60.46904	SAX_RV_SEPTUM	2	1.0	1
-25.25363	16.60814	-58.23231	SAX_RV_SEPTUM	2	1.0	1
-25.20202	14.39860	-55.99557	SAX_RV_SEPTUM	2	1.0	1
-26.26427	12.18907	-54.61726	SAX_RV_SEPTUM	2	1.0	1
-26.21266	9.97953	-52.38052	SAX_RV_SEPTUM	2	1.0	1
-26.16106	7.77000	-50.14378	SAX_RV_SEPTUM	2	1.0	1
-24.99561	5.56046	-47.04863	SAX_RV_SEPTUM	2	1.0	1
-23.83017	3.35093	-43.95347	SAX_RV_SEPTUM	2	1.0	1
-23.77857	1.14139	-41.71673	SAX_RV_SEPTUM	2	1.0	1
-22.61312	-1.06814	-38.62157	SAX_RV_SEPTUM	2	1.0	1
-20.91655	-2.17291	-36.21557	SAX_RV_SEPTUM	2	1.0	1
-19.75110	-4.38244	-33.12041	SAX_RV_SEPTUM	2	1.0	1
-18.05454	-5.48721	-30.71441	SAX_RV_SEPTUM	2	1.0	1
-15.82685	-5.48721	-28.99756	SAX_RV_SEPTUM	2	1.0	1
-14.13028	-6.59197	-26.59156	SAX_RV_SEPTUM	2	1.0	1
-11.90259	-6.59197	-24.87471	SAX_RV_SEPTUM	2	1.0	1
-9.67490	-6.59197	-23.15787	SAX_RV_SEPTUM	2	1.0	1
-6.91610	-5.48720	-22.13018	SAX_RV_SEPTUM	2	1.0	1
-4.68841	-5.48720	-20.41333	SAX_RV_SEPTUM	2	1.0	1
-2.46072	-5.48719	-18.69649	SAX_RV_SEPTUM	2	1.0	1
0.29809	-4.38242	-17.66880	SAX_RV_SEPTUM	2	1.0	1
3.05690	-3.27765	-16.64111	SAX_RV_SEPTUM	2	1.0	1
5.28459	-3.27765	-14.92426	SAX_RV_SEPTUM	2	1.0	1
8.04340	-2.17288	-13.89658	SAX_RV_SEPTUM	2	1.0	1
10.80221	-1.06811	-12.86889	SAX_RV_SEPTUM	2	1.0	1
10.85381	-3.27764	-10.63215	SAX_RV_SEPTUM	2	1.0	1
10.85381	-3.27764	-10.63215	SAX_RV_SEPTUM	2	1.0	1
-21.58738	26.55105	-65.29314	SAX_LV_EPICARDIAL	2	1.0	1
-20.52514	28.76059	-66.67145	SAX_LV_EPICARDIAL	2	1.0	1
-19.46290	30.97013	-68.04977	SAX_LV_EPICARDIAL	2	1.0	1
-17.28681	33.17966	-68.56966	SAX_LV_EPICARDIAL	2	1.0	1
-15.11073	35.38920	-69.08955	SAX_LV_EPICARDIAL	2	1.0	1
-12.93464	37.59874	-69.60944	SAX_LV_EPICARDIAL	2	1.0	1
-10.75855	39.80828	-70.12933	SAX_LV_EPICARDIAL	2	1.0	1
-8.58247	42.01781	-70.64922	SAX_LV_EPICARDIAL	2	1.0	1
-5.29254	44.22735	-70.31069	SAX_LV_EPICARDIAL	2	1.0	1
-2.53373	45.33212	-69.28300	SAX_LV_EPICARDIAL	2	1.0	1
0.22508	46.43689	-68.25531	SAX_LV_EPICARDIAL	2	1.0	1
3.51501	48.64643	-67.91678	SAX_LV_EPICARDIAL	2	1.0	1
6.27382	49.75120	-66.88909	SAX_LV_EPICARDIAL	2	1.0	1
9.03263	50.85597	-65.86140	SAX_LV_EPICARDIAL	2	1.0	1
11.26032	50.85598	-64.14455	SAX_LV_EPICARDIAL	2	1.0	1
13.48801	50.85598	-62.42771	SAX_LV_EPICARDIAL	2	1.0	1
16.24682	51.96075	-61.40002	SAX_LV_EPICARDIAL	2	1.0	1
18.47451	51.96075	-59.68317	SAX_LV_EPICARDIAL	2	1.0	1
20.70219	51.96075	-57.96633	SAX_LV_EPICARDIAL	2	1.0	1
22.92988	51.96076	-56.24948	SAX_LV_EPICARDIAL	2	1.0	1
25.15757	51.96076	-54.53264	SAX_LV_EPICARDIAL	2	1.0	1
27.38526	51.96076	-52.81579	SAX_LV_EPICARDIAL	2	1.0	1
29.08183	50.85599	-50.40979	SAX_LV_EPICARDIAL	2	1.0	1
30.77839	49.75123	-48.00379	SAX_LV_EPICARDIAL	2	1.0	1
33.00608	49.75123	-46.28694	SAX_LV_EPICARDIAL	2	1.0	1
34.70265	48.64646	-43.88094	SAX_LV_EPICARDIAL	2	1.0	1
35.86810	46.43693	-40.78578	SAX_LV_EPICARDIAL	2	1.0	1
37.03354	44.22740	-37.69062	SAX_LV_EPICARDIAL	2	1.0	1
38.73011	43.12263	-35.28462	SAX_LV_EPICARDIAL	2	1.0	1
38.78171	40.91309	-33.04788	SAX_LV_EPICARDIAL	2	1.0	1
39.94716	38.70356	-29.95272	SAX_LV_EPICARDIAL	2	1.0	1
39.99876	36.49402	-27.71599	SAX_LV_EPICARDIAL	2	1.0	1
40.05036	34.28449	-25.47925	SAX_LV_EPICARDIAL	2	1.0	1
40.10197	32.07495	-23.24251	SAX_LV_EPICARDIAL	2	1.0	1
39.03972	29.86542	-21.86420	SAX_LV_EPICARDIAL	2	1.0	1
37.97748	27.65588	-20.48589	SAX_LV_EPICARDIAL	2	1.0	1
38.02908	25.44634	-18.24915	SAX_LV_EPICARDIAL	2	1.0	1
36.96684	23.23681	-16.87084	SAX_LV_EPICARDIAL	2	1.0	1
35.90460	21.02727	-15.49252	SAX_LV_EPICARDIAL	2	1.0	1
33.72852	18.81773	-14.97263	SAX_LV_EPICARDIAL	2	1.0	1
32.66627	16.60820	-13.59432	SAX_LV_EPICARDIAL	2	1.0	1
31.60403	14.39866	-12.21601	SAX_LV_EPICARDIAL	2	1.0	1
29.42795	12.18912	-11.69612	SAX_LV_EPICARDIAL	2	1.0	1
27.25186	9.97959	-11.17623	SAX_LV_EPICARDIAL	2	1.0	1
25.07577	7.77005	-10.65633	SAX_LV_EPICARDIAL	2	1.0	1
21.78584	5.56051	-10.99487	SAX_LV_EPICARDIAL	2	1.0	1
18.49591	3.35097	-11.33340	SAX_LV_EPICARDIAL	2	1.0	1
15.73710	2.24620	-12.36109	SAX_LV_EPICARDIAL	2	1.0	1
-10.99516	2.24617	-32.96324	SAX_LV_ENDOCARDIAL	2	1.0	1
-12.69173	3.35094	-35.36924	SAX_LV_ENDOCARDIAL	2	1.0	1
-14.38829	4.45571	-37.77524	SAX_LV_ENDOCARDIAL	2	1.0	1
-16.08486	5.56047	-40.18124	SAX_LV_ENDOCARDIAL	2	1.0	1
-17.25031	7.77001	-43.27640	SAX_LV_ENDOCARDIAL	2	1.0	1
-18.41575	9.97954	-46.37156	SAX_LV_ENDOCARDIAL	2	1.0	1
-18.46736	12.18908	-48.60830	SAX_LV_ENDOCARDIAL	2	1.0	1
-19.63280	14.39861	-51.70346	SAX_LV_ENDOCARDIAL	2	1.0	1
-19.68440	16.60815	-53.94019	SAX_LV_ENDOCARDIAL	2	1.0	1
-18.62216	18.81768	-55.31851	SAX_LV_ENDOCARDIAL	2	1.0	1
-18.67377	21.02722	-57.55524	SAX_LV_ENDOCARDIAL	2	1.0	1
-17.61152	23.23675	-58.93356	SAX_LV_ENDOCARDIAL	2	1.0	1
-16.54928	25.44629	-60.31187	SAX_LV_ENDOCARDIAL	2	1.0	1
-15.48704	27.65583	-61.69018	SAX_LV_ENDOCARDIAL	2	1.0	1
-14.42480	29.86536	-63.06850	SAX_LV_ENDOCARDIAL	2	1.0	1
-13.36256	32.07490	-64.44681	SAX_LV_ENDOCARDIAL	2	1.0	1
-11.18647	34.28444	-64.96670	SAX_LV_ENDOCARDIAL	2	1.0	1
-9.01038	36.49398	-65.48659	SAX_LV_ENDOCARDIAL	2	1.0	1
-5.72045	38.70351	-65.14806	SAX_LV_ENDOCARDIAL	2	1.0	1
-2.96164	39.80828	-64.12037	SAX_LV_ENDOCARDIAL	2	1.0	1
-0.20283	40.91305	-63.09268	SAX_LV_ENDOCARDIAL	2	1.0	1
2.55597	42.01783	-62.06499	SAX_LV_ENDOCARDIAL	2	1.0	1
5.31478	43.12260	-61.03730	SAX_LV_ENDOCARDIAL	2	1.0	1
8.07359	44.22737	-60.00961	SAX_LV_ENDOCARDIAL	2	1.0	1
10.83240	45.33214	-58.98192	SAX_LV_ENDOCARDIAL	2	1.0	1
13.06009	45.33214	-57.26508	SAX_LV_ENDOCARDIAL	2	1.0	1
15.81890	46.43691	-56.23739	SAX_LV_ENDOCARDIAL	2	1.0	1
18.04659	46.43691	-54.52054	SAX_LV_ENDOCARDIAL	2	1.0	1
20.27428	46.43691	-52.80370	SAX_LV_ENDOCARDIAL	2	1.0	1
22.50197	46.43692	-51.08685	SAX_LV_ENDOCARDIAL	2	1.0	1
24.19853	45.33215	-48.68085	SAX_LV_ENDOCARDIAL	2	1.0	1
26.42622	45.33215	-46.96401	SAX_LV_ENDOCARDIAL	2	1.0	1
28.12279	44.22739	-44.55800	SAX_LV_ENDOCARDIAL	2	1.0	1
29.81936	43.12262	-42.15200	SAX_LV_ENDOCARDIAL	2	1.0	1
30.98480	40.91309	-39.05684	SAX_LV_ENDOCARDIAL	2	1.0	1
32.15025	38.70355	-35.96168	SAX_LV_ENDOCARDIAL	2	1.0	1
32.20185	36.49402	-33.72495	SAX_LV_ENDOCARDIAL	2	1.0	1
32.25345	34.28448	-31.48821	SAX_LV_ENDOCARDIAL	2	1.0	1
32.30506	32.07495	-29.25147	SAX_LV_ENDOCARDIAL	2	1.0	1
32.35666	29.86541	-27.01474	SAX_LV_ENDOCARDIAL	2	1.0	1
32.40826	27.65587	-24.77800	SAX_LV_ENDOCARDIAL	2	1.0	1
31.34602	25.44634	-23.39969	SAX_LV_ENDOCARDIAL	2	1.0	1
31.39762	23.23680	-21.16295	SAX_LV_ENDOCARDIAL	2	1.0	1
30.33538	21.02727	-19.78464	SAX_LV_ENDOCARDIAL	2	1.0	1
28.15929	18.81773	-19.26475	SAX_LV_ENDOCARDIAL	2	1.0	1
25.98321	16.60819	-18.74486	SAX_LV_ENDOCARDIAL	2	1.0	1
23.80712	14.39865	-18.22497	SAX_LV_ENDOCARDIAL	2	1.0	1
21.63104	12.18912	-17.70508	SAX_LV_ENDOCARDIAL	2	1.0	1
18.87223	11.08434	-18.73276	SAX_LV_ENDOCARDIAL	2	1.0	1
15.58230	8.87481	-19.07130	SAX_LV_ENDOCARDIAL	2	1.0	1
12.82349	7.77004	-20.09899	SAX_LV_ENDOCARDIAL	2	1.0	1
10.06468	6.66526	-21.12667	SAX_LV_ENDOCARDIAL	2	1.0	1
7.30587	5.56049	-22.15436	SAX_LV_ENDOCARDIAL	2	1.0	1
5.07818	5.56049	-23.87121	SAX_LV_ENDOCARDIAL	2	1.0	1
2.31937	4.45572	-24.89890	SAX_LV_ENDOCARDIAL	2	1.0	1
-0.43944	3.35095	-25.92659	SAX_LV_ENDOCARDIAL	2	1.0	1
-2.66713	3.35095	-27.64343	SAX_LV_ENDOCARDIAL	2	1.0	1
-4.89482	3.35095	-29.36028	SAX_LV_ENDOCARDIAL	2	1.0	1
-7.65363	2.24618	-30.38797	SAX_LV_ENDOCARDIAL	2	1.0	1
-9.88131	2.24617	-32.10481	SAX_LV_ENDOCARDIAL	2	1.0	1
10.85381	-3.27764	-10.63215	RV_INSERT	2	1.0	1
-25.40843	23.23675	-64.94252	RV_INSERT	2	1.0	1
-44.89894	-29.69596	-55.77752	SAX_RV_FREEWALL	3	1.0	1
-46.59551	-28.59119	-58.18352	SAX_RV_FREEWALL	3	1.0	1
-48.82319	-28.59119	-59.90037	SAX_RV_FREEWALL	3	1.0	1
-51.05088	-28.59119	-61.61721	SAX_RV_FREEWALL	3	1.0	1
-52.74745	-27.48643	-64.02322	SAX_RV_FREEWALL	3	1.0	1
-54.44402	-26.38166	-66.42922	SAX_RV_FREEWALL	3	1.0	1
-56.14059	-25.27690	-68.83522	SAX_RV_FREEWALL	3	1.0	1
-57.30603	-23.06736	-71.93038	SAX_RV_FREEWALL	3	1.0	1
-58.47148	-20.85783	-75.02554	SAX_RV_FREEWALL	3	1.0	1
-58.52308	-18.64829	-77.26227	SAX_RV_FREEWALL	3	1.0	1
-58.57468	-16.43876	-79.49901	SAX_RV_FREEWALL	3	1.0	1
-58.62629	-14.22922	-81.73575	SAX_RV_FREEWALL	3	1.0	1
-57.56404	-12.01969	-83.11406	SAX_RV_FREEWALL	3	1.0	1
-55.38796	-9.81015	-83.63395	SAX_RV_FREEWALL	3	1.0	1
-53.21187	-7.60061	-84.15384	SAX_RV_FREEWALL	3	1.0	1
-51.03579	-5.39107	-84.67373	SAX_RV_FREEWALL	3	1.0	1
-48.85970	-3.18153	-85.19362	SAX_RV_FREEWALL	3	1.0	1
-46.68361	-0.97200	-85.71351	SAX_RV_FREEWALL	3	1.0	1
-43.39368	1.23754	-85.37498	SAX_RV_FREEWALL	3	1.0	1
-40.10375	3.44708	-85.03645	SAX_RV_FREEWALL	3	1.0	1
-36.81382	5.65662	-84.69792	SAX_RV_FREEWALL	3	1.0	1
-33.52389	7.86616	-84.35938	SAX_RV_FREEWALL	3	1.0	1
-30.23396	10.07570	-84.02085	SAX_RV_FREEWALL	3	1.0	1
-26.94403	12.28524	-83.68232	SAX_RV_FREEWALL	3	1.0	1
-24.18522	13.39001	-82.65463	SAX_RV_FREEWALL	3	1.0	1
-21.42641	14.49478	-81.62694	SAX_RV_FREEWALL	3	1.0	1
-19.19872	14.49478	-79.91010	SAX_RV_FREEWALL	3	1.0	1
-16.43991	15.59955	-78.88241	SAX_RV_FREEWALL	3	1.0	1
2.73835	-18.64823	-30.04902	SAX_RV_FREEWALL	3	1.0	1
-0.02046	-19.75300	-31.07671	SAX_RV_FREEWALL	3	1.0	1
-2.77927	-20.85777	-32.10440	SAX_RV_FREEWALL	3	1.0	1
-5.53808	-21.96254	-33.13209	SAX_RV_FREEWALL	3	1.0	1
-8.29689	-23.06731	-34.15978	SAX_RV_FREEWALL	3	1.0	1
-11.05570	-24.17208	-35.18746	SAX_RV_FREEWALL	3	1.0	1
-13.81450	-25.27685	-36.21515	SAX_RV_FREEWALL	3	1.0	1
-16.57331	-26.38163	-37.24284	SAX_RV_FREEWALL	3	1.0	1
-19.33212	-27.48640	-38.27053	SAX_RV_FREEWALL	3	1.0	1
-22.09093	-28.59117	-39.29822	SAX_RV_FREEWALL	3	1.0	1
-24.31862	-28.59117	-41.01507	SAX_RV_FREEWALL	3	1.0	1
-26.54631	-28.59117	-42.73191	SAX_RV_FREEWALL	3	1.0	1
-28.77400	-28.59117	-44.44876	SAX_RV_FREEWALL	3	1.0	1
-31.53281	-29.69594	-45.47645	SAX_RV_FREEWALL	3	1.0	1
-33.76050	-29.69595	-47.19329	SAX_RV_FREEWALL	3	1.0	1
-35.98818	-29.69595	-48.91014	SAX_RV_FREEWALL	3	1.0	1
-38.21587	-29.69595	-50.62698	SAX_RV_FREEWALL	3	1.0	1
-40.44356	-29.69595	-52.34383	SAX_RV_FREEWALL	3	1.0	1
-42.67125	-29.69595	-54.06067	SAX_RV_FREEWALL	3	1.0	1
-43.15077	-33.01026	-51.13478	SAX_RV_EPICARDIAL	3	1.0	1
-44.84734	-31.90549	-53.54078	SAX_RV_EPICARDIAL	3	1.0	1
-47.07502	-31.90549	-55.25763	SAX_RV_EPICARDIAL	3	1.0	1
-49.30271	-31.90550	-56.97447	SAX_RV_EPICARDIAL	3	1.0	1
-51.53040	-31.90550	-58.69132	SAX_RV_EPICARDIAL	3	1.0	1
-53.22697	-30.80073	-61.09732	SAX_RV_EPICARDIAL	3	1.0	1
-54.92354	-29.69597	-63.50332	SAX_RV_EPICARDIAL	3	1.0	1
-56.62010	-28.59120	-65.90933	SAX_RV_EPICARDIAL	3	1.0	1
-58.31667	-27.48643	-68.31533	SAX_RV_EPICARDIAL	3	1.0	1
-60.01324	-26.38167	-70.72133	SAX_RV_EPICARDIAL	3	1.0	1
-61.70981	-25.27690	-73.12733	SAX_RV_EPICARDIAL	3	1.0	1
-60.64756	-23.06737	-74.50565	SAX_RV_EPICARDIAL	3	1.0	1
-60.69917	-20.85783	-76.74238	SAX_RV_EPICARDIAL	3	1.0	1
-61.86461	-18.64830	-79.83754	SAX_RV_EPICARDIAL	3	1.0	1
-61.91622	-16.43876	-82.07428	SAX_RV_EPICARDIAL	3	1.0	1
-60.85397	-14.22922	-83.45259	SAX_RV_EPICARDIAL	3	1.0	1
-59.79173	-12.01969	-84.83091	SAX_RV_EPICARDIAL	3	1.0	1
-58.72949	-9.81015	-86.20922	SAX_RV_EPICARDIAL	3	1.0	1
-56.55340	-7.60061	-86.72911	SAX_RV_EPICARDIAL	3	1.0	1
-54.37732	-5.39108	-87.24900	SAX_RV_EPICARDIAL	3	1.0	1
-52.20123	-3.18154	-87.76889	SAX_RV_EPICARDIAL	3	1.0	1
-48.91130	-0.97200	-87.43036	SAX_RV_EPICARDIAL	3	1.0	1
-46.73522	1.23754	-87.95025	SAX_RV_EPICARDIAL	3	1.0	1
-44.55913	3.44708	-88.47014	SAX_RV_EPICARDIAL	3	1.0	1
-41.26920	5.65662	-88.13161	SAX_RV_EPICARDIAL	3	1.0	1
-37.97927	7.86615	-87.79308	SAX_RV_EPICARDIAL	3	1.0	1
-34.68934	10.07569	-87.45454	SAX_RV_EPICARDIAL	3	1.0	1
-31.39941	12.28523	-87.11601	SAX_RV_EPICARDIAL	3	1.0	1
-28.64060	13.39000	-86.08832	SAX_RV_EPICARDIAL	3	1.0	1
-25.88179	14.49477	-85.06063	SAX_RV_EPICARDIAL	3	1.0	1
-23.12298	15.59954	-84.03294	SAX_RV_EPICARDIAL	3	1.0	1
-20.36417	16.70431	-83.00526	SAX_RV_EPICARDIAL	3	1.0	1
-17.60536	17.80908	-81.97757	SAX_RV_EPICARDIAL	3	1.0	1
-14.84655	18.91385	-80.94988	SAX_RV_EPICARDIAL	3	1.0	1
-12.08774	20.01862	-79.92219	SAX_RV_EPICARDIAL	3	1.0	1
-13.09838	15.59955	-76.30714	SAX_RV_EPICARDIAL	3	1.0	1
6.02828	-16.43869	-29.71049	SAX_RV_EPICARDIAL	3	1.0	1
7.19373	-18.64823	-26.61533	SAX_RV_EPICARDIAL	3	1.0	1
3.90380	-20.85777	-26.95386	SAX_RV_EPICARDIAL	3	1.0	1
1.14499	-21.96254	-27.98155	SAX_RV_EPICARDIAL	3	1.0	1
-1.61382	-23.06731	-29.00924	SAX_RV_EPICARDIAL	3	1.0	1
-4.37263	-24.17208	-30.03693	SAX_RV_EPICARDIAL	3	1.0	1
-7.13144	-25.27685	-31.06462	SAX_RV_EPICARDIAL	3	1.0	1
-9.89025	-26.38162	-32.09231	SAX_RV_EPICARDIAL	3	1.0	1
-13.18018	-28.59116	-32.43084	SAX_RV_EPICARDIAL	3	1.0	1
-15.40787	-28.59116	-34.14768	SAX_RV_EPICARDIAL	3	1.0	1
-18.16668	-29.69593	-35.17537	SAX_RV_EPICARDIAL	3	1.0	1
-20.92549	-30.80070	-36.20306	SAX_RV_EPICARDIAL	3	1.0	1
-23.15317	-30.80070	-37.91991	SAX_RV_EPICARDIAL	3	1.0	1
-25.91198	-31.90547	-38.94760	SAX_RV_EPICARDIAL	3	1.0	1
-28.13967	-31.90548	-40.66444	SAX_RV_EPICARDIAL	3	1.0	1
-30.36736	-31.90548	-42.38129	SAX_RV_EPICARDIAL	3	1.0	1
-33.12617	-33.01025	-43.40898	SAX_RV_EPICARDIAL	3	1.0	1
-35.35386	-33.01025	-45.12582	SAX_RV_EPICARDIAL	3	1.0	1
-37.58155	-33.01025	-46.84267	SAX_RV_EPICARDIAL	3	1.0	1
-39.80924	-33.01025	-48.55951	SAX_RV_EPICARDIAL	3	1.0	1
-42.03692	-33.01026	-50.27636	SAX_RV_EPICARDIAL	3	1.0	1
-14.21223	15.59955	-77.16556	SAX_RV_SEPTUM	3	1.0	1
-12.51566	14.49479	-74.75956	SAX_RV_SEPTUM	3	1.0	1
-13.57790	12.28525	-73.38125	SAX_RV_SEPTUM	3	1.0	1
-14.64014	10.07571	-72.00293	SAX_RV_SEPTUM	3	1.0	1
-14.58854	7.86618	-69.76620	SAX_RV_SEPTUM	3	1.0	1
-14.53694	5.65664	-67.52946	SAX_RV_SEPTUM	3	1.0	1
-14.48534	3.44711	-65.29272	SAX_RV_SEPTUM	3	1.0	1
-15.54758	1.23757	-63.91441	SAX_RV_SEPTUM	3	1.0	1
-15.49597	-0.97197	-61.67767	SAX_RV_SEPTUM	3	1.0	1
-14.33053	-3.18150	-58.58252	SAX_RV_SEPTUM	3	1.0	1
-14.27893	-5.39104	-56.34578	SAX_RV_SEPTUM	3	1.0	1
-13.11348	-7.60057	-53.25062	SAX_RV_SEPTUM	3	1.0	1
-11.94803	-9.81010	-50.15546	SAX_RV_SEPTUM	3	1.0	1
-10.25147	-10.91487	-47.74946	SAX_RV_SEPTUM	3	1.0	1
-8.55490	-12.01964	-45.34346	SAX_RV_SEPTUM	3	1.0	1
-6.85833	-13.12440	-42.93745	SAX_RV_SEPTUM	3	1.0	1
-5.16176	-14.22917	-40.53145	SAX_RV_SEPTUM	3	1.0	1
-3.46520	-15.33393	-38.12545	SAX_RV_SEPTUM	3	1.0	1
-1.76863	-16.43870	-35.71945	SAX_RV_SEPTUM	3	1.0	1
0.45906	-16.43870	-34.00260	SAX_RV_SEPTUM	3	1.0	1
2.68675	-16.43870	-32.28576	SAX_RV_SEPTUM	3	1.0	1
4.91444	-16.43869	-30.56891	SAX_RV_SEPTUM	3	1.0	1
5.49716	-17.54346	-29.02133	SAX_RV_SEPTUM	3	1.0	1
-9.80845	17.80909	-75.96861	SAX_LV_EPICARDIAL	3	1.0	1
-8.74621	20.01863	-77.34692	SAX_LV_EPICARDIAL	3	1.0	1
-6.57012	22.22817	-77.86681	SAX_LV_EPICARDIAL	3	1.0	1
-4.39404	24.43770	-78.38670	SAX_LV_EPICARDIAL	3	1.0	1
-2.21795	26.64724	-78.90659	SAX_LV_EPICARDIAL	3	1.0	1
-0.04187	28.85678	-79.42648	SAX_LV_EPICARDIAL	3	1.0	1
3.24806	31.06632	-79.08795	SAX_LV_EPICARDIAL	3	1.0	1
6.53800	33.27586	-78.74942	SAX_LV_EPICARDIAL	3	1.0	1
9.82793	35.48540	-78.41089	SAX_LV_EPICARDIAL	3	1.0	1
12.58673	36.59017	-77.38320	SAX_LV_EPICARDIAL	3	1.0	1
15.34554	37.69494	-76.35551	SAX_LV_EPICARDIAL	3	1.0	1
18.10435	38.79971	-75.32782	SAX_LV_EPICARDIAL	3	1.0	1
20.86316	39.90448	-74.30013	SAX_LV_EPICARDIAL	3	1.0	1
23.62197	41.00925	-73.27244	SAX_LV_EPICARDIAL	3	1.0	1
25.84966	41.00925	-71.55560	SAX_LV_EPICARDIAL	3	1.0	1
28.60847	42.11402	-70.52791	SAX_LV_EPICARDIAL	3	1.0	1
30.83616	42.11402	-68.81106	SAX_LV_EPICARDIAL	3	1.0	1
33.06385	42.11402	-67.09422	SAX_LV_EPICARDIAL	3	1.0	1
35.29154	42.11403	-65.37737	SAX_LV_EPICARDIAL	3	1.0	1
37.51922	42.11403	-63.66053	SAX_LV_EPICARDIAL	3	1.0	1
39.21579	41.00926	-61.25452	SAX_LV_EPICARDIAL	3	1.0	1
41.44348	41.00927	-59.53768	SAX_LV_EPICARDIAL	3	1.0	1
43.14005	39.90450	-57.13167	SAX_LV_EPICARDIAL	3	1.0	1
44.83661	38.79973	-54.72567	SAX_LV_EPICARDIAL	3	1.0	1
46.53318	37.69497	-52.31967	SAX_LV_EPICARDIAL	3	1.0	1
47.69863	35.48543	-49.22451	SAX_LV_EPICARDIAL	3	1.0	1
48.86408	33.27590	-46.12935	SAX_LV_EPICARDIAL	3	1.0	1
50.02952	31.06636	-43.03419	SAX_LV_EPICARDIAL	3	1.0	1
50.08112	28.85683	-40.79746	SAX_LV_EPICARDIAL	3	1.0	1
50.13273	26.64729	-38.56072	SAX_LV_EPICARDIAL	3	1.0	1
50.18433	24.43776	-36.32398	SAX_LV_EPICARDIAL	3	1.0	1
50.23593	22.22822	-34.08725	SAX_LV_EPICARDIAL	3	1.0	1
49.17369	20.01869	-32.70893	SAX_LV_EPICARDIAL	3	1.0	1
49.22529	17.80915	-30.47220	SAX_LV_EPICARDIAL	3	1.0	1
48.16305	15.59961	-29.09388	SAX_LV_EPICARDIAL	3	1.0	1
47.10081	13.39008	-27.71557	SAX_LV_EPICARDIAL	3	1.0	1
46.03857	11.18054	-26.33726	SAX_LV_EPICARDIAL	3	1.0	1
44.97632	8.97100	-24.95894	SAX_LV_EPICARDIAL	3	1.0	1
43.91408	6.76147	-23.58063	SAX_LV_EPICARDIAL	3	1.0	1
41.73800	4.55193	-23.06074	SAX_LV_EPICARDIAL	3	1.0	1
40.67575	2.34239	-21.68243	SAX_LV_EPICARDIAL	3	1.0	1
38.49967	0.13286	-21.16254	SAX_LV_EPICARDIAL	3	1.0	1
36.32358	-2.07668	-20.64265	SAX_LV_EPICARDIAL	3	1.0	1
34.14750	-4.28622	-20.12276	SAX_LV_EPICARDIAL	3	1.0	1
31.97141	-6.49576	-19.60286	SAX_LV_EPICARDIAL	3	1.0	1
28.68148	-8.70530	-19.94140	SAX_LV_EPICARDIAL	3	1.0	1
25.39155	-10.91483	-20.27993	SAX_LV_EPICARDIAL	3	1.0	1
22.63274	-12.01961	-21.30762	SAX_LV_EPICARDIAL	3	1.0	1
19.87393	-13.12438	-22.33531	SAX_LV_EPICARDIAL	3	1.0	1
17.11512	-14.22915	-23.36300	SAX_LV_EPICARDIAL	3	1.0	1
14.35631	-15.33392	-24.39068	SAX_LV_EPICARDIAL	3	1.0	1
12.12862	-15.33392	-26.10753	SAX_LV_EPICARDIAL	3	1.0	1
9.36981	-16.43869	-27.13522	SAX_LV_EPICARDIAL	3	1.0	1
7.51844	-8.70532	-36.25143	SAX_LV_ENDOCARDIAL	3	1.0	1
5.82187	-7.60055	-38.65743	SAX_LV_ENDOCARDIAL	3	1.0	1
3.59418	-7.60055	-40.37428	SAX_LV_ENDOCARDIAL	3	1.0	1
1.89762	-6.49579	-42.78028	SAX_LV_ENDOCARDIAL	3	1.0	1
-0.33007	-6.49579	-44.49713	SAX_LV_ENDOCARDIAL	3	1.0	1
-1.49552	-4.28626	-47.59229	SAX_LV_ENDOCARDIAL	3	1.0	1
-3.19209	-3.18149	-49.99829	SAX_LV_ENDOCARDIAL	3	1.0	1
-4.35753	-0.97195	-53.09345	SAX_LV_ENDOCARDIAL	3	1.0	1
-4.40914	1.23758	-55.33018	SAX_LV_ENDOCARDIAL	3	1.0	1
-5.57458	3.44712	-58.42534	SAX_LV_ENDOCARDIAL	3	1.0	1
-5.62618	5.65665	-60.66208	SAX_LV_ENDOCARDIAL	3	1.0	1
-5.67779	7.86619	-62.89881	SAX_LV_ENDOCARDIAL	3	1.0	1
-5.72939	10.07572	-65.13555	SAX_LV_ENDOCARDIAL	3	1.0	1
-4.66715	12.28526	-66.51386	SAX_LV_ENDOCARDIAL	3	1.0	1
-3.60490	14.49479	-67.89218	SAX_LV_ENDOCARDIAL	3	1.0	1
-2.54266	16.70433	-69.27049	SAX_LV_ENDOCARDIAL	3	1.0	1
-1.48042	18.91387	-70.64880	SAX_LV_ENDOCARDIAL	3	1.0	1
0.69567	21.12341	-71.16870	SAX_LV_ENDOCARDIAL	3	1.0	1
1.75791	23.33294	-72.54701	SAX_LV_ENDOCARDIAL	3	1.0	1
3.93399	25.54248	-73.06690	SAX_LV_ENDOCARDIAL	3	1.0	1
7.22392	27.75202	-72.72837	SAX_LV_ENDOCARDIAL	3	1.0	1
10.51385	29.96156	-72.38983	SAX_LV_ENDOCARDIAL	3	1.0	1
12.15882	31.06633	-72.22057	SAX_LV_ENDOCARDIAL	3	1.0	1
15.44875	33.27587	-71.88204	SAX_LV_ENDOCARDIAL	3	1.0	1
18.20756	34.38064	-70.85435	SAX_LV_ENDOCARDIAL	3	1.0	1
20.96637	35.48541	-69.82666	SAX_LV_ENDOCARDIAL	3	1.0	1
23.19406	35.48541	-68.10981	SAX_LV_ENDOCARDIAL	3	1.0	1
25.95287	36.59018	-67.08212	SAX_LV_ENDOCARDIAL	3	1.0	1
28.18055	36.59018	-65.36528	SAX_LV_ENDOCARDIAL	3	1.0	1
30.40824	36.59018	-63.64843	SAX_LV_ENDOCARDIAL	3	1.0	1
32.63593	36.59019	-61.93159	SAX_LV_ENDOCARDIAL	3	1.0	1
34.86362	36.59019	-60.21474	SAX_LV_ENDOCARDIAL	3	1.0	1
36.56019	35.48542	-57.80874	SAX_LV_ENDOCARDIAL	3	1.0	1
38.78788	35.48542	-56.09189	SAX_LV_ENDOCARDIAL	3	1.0	1
40.48444	34.38066	-53.68589	SAX_LV_ENDOCARDIAL	3	1.0	1
42.18101	33.27589	-51.27989	SAX_LV_ENDOCARDIAL	3	1.0	1
43.34646	31.06636	-48.18473	SAX_LV_ENDOCARDIAL	3	1.0	1
44.51190	28.85682	-45.08957	SAX_LV_ENDOCARDIAL	3	1.0	1
44.56351	26.64729	-42.85283	SAX_LV_ENDOCARDIAL	3	1.0	1
44.61511	24.43775	-40.61610	SAX_LV_ENDOCARDIAL	3	1.0	1
44.66671	22.22822	-38.37936	SAX_LV_ENDOCARDIAL	3	1.0	1
44.71831	20.01868	-36.14263	SAX_LV_ENDOCARDIAL	3	1.0	1
43.65607	17.80914	-34.76431	SAX_LV_ENDOCARDIAL	3	1.0	1
42.59383	15.59961	-33.38600	SAX_LV_ENDOCARDIAL	3	1.0	1
41.53159	13.39007	-32.00769	SAX_LV_ENDOCARDIAL	3	1.0	1
40.46935	11.18054	-30.62937	SAX_LV_ENDOCARDIAL	3	1.0	1
39.40710	8.97100	-29.25106	SAX_LV_ENDOCARDIAL	3	1.0	1
38.34486	6.76146	-27.87275	SAX_LV_ENDOCARDIAL	3	1.0	1
36.16878	4.55192	-27.35285	SAX_LV_ENDOCARDIAL	3	1.0	1
35.10653	2.34239	-25.97454	SAX_LV_ENDOCARDIAL	3	1.0	1
32.93045	0.13285	-25.45465	SAX_LV_ENDOCARDIAL	3	1.0	1
30.75436	-2.07669	-24.93476	SAX_LV_ENDOCARDIAL	3	1.0	1
27.46443	-4.28623	-25.27329	SAX_LV_ENDOCARDIAL	3	1.0	1
24.17450	-6.49577	-25.61182	SAX_LV_ENDOCARDIAL	3	1.0	1
21.41569	-7.60054	-26.63951	SAX_LV_ENDOCARDIAL	3	1.0	1
19.18800	-7.60054	-28.35636	SAX_LV_ENDOCARDIAL	3	1.0	1
16.42919	-8.70531	-29.38405	SAX_LV_ENDOCARDIAL	3	1.0	1
14.20151	-8.70531	-31.10089	SAX_LV_ENDOCARDIAL	3	1.0	1
11.97382	-8.70531	-32.81774	SAX_LV_ENDOCARDIAL	3	1.0	1
9.74613	-8.70531	-34.53458	SAX_LV_ENDOCARDIAL	3	1.0	1
5.49716	-17.54346	-29.02133	RV_INSERT	3	1.0	1
-14.21223	15.59955	-77.16556	RV_INSERT	3	1.0	1
-37.14847	-32.91358	-75.04881	SAX_RV_FREEWALL	4	1.0	1
-38.84504	-31.80882	-77.45481	SAX_RV_FREEWALL	4	1.0	1
-41.07272	-31.80882	-79.17166	SAX_RV_FREEWALL	4	1.0	1
-42.76929	-30.70405	-81.57766	SAX_RV_FREEWALL	4	1.0	1
-43.93474	-28.49452	-84.67282	SAX_RV_FREEWALL	4	1.0	1
-45.10019	-26.28498	-87.76798	SAX_RV_FREEWALL	4	1.0	1
-45.15179	-24.07545	-90.00471	SAX_RV_FREEWALL	4	1.0	1
-45.20339	-21.86591	-92.24145	SAX_RV_FREEWALL	4	1.0	1
-43.02730	-19.65638	-92.76134	SAX_RV_FREEWALL	4	1.0	1
-41.96506	-17.44684	-94.13965	SAX_RV_FREEWALL	4	1.0	1
-39.78898	-15.23730	-94.65954	SAX_RV_FREEWALL	4	1.0	1
-36.49905	-13.02776	-94.32101	SAX_RV_FREEWALL	4	1.0	1
-33.20912	-10.81822	-93.98248	SAX_RV_FREEWALL	4	1.0	1
-29.91918	-8.60869	-93.64395	SAX_RV_FREEWALL	4	1.0	1
-26.62925	-6.39915	-93.30541	SAX_RV_FREEWALL	4	1.0	1
-23.33932	-4.18961	-92.96688	SAX_RV_FREEWALL	4	1.0	1
-20.04939	-1.98007	-92.62835	SAX_RV_FREEWALL	4	1.0	1
-17.29058	-0.87530	-91.60066	SAX_RV_FREEWALL	4	1.0	1
-14.00065	1.33424	-91.26213	SAX_RV_FREEWALL	4	1.0	1
-11.24184	2.43901	-90.23444	SAX_RV_FREEWALL	4	1.0	1
-8.48304	3.54378	-89.20675	SAX_RV_FREEWALL	4	1.0	1
-5.72423	4.64855	-88.17906	SAX_RV_FREEWALL	4	1.0	1
-2.96542	5.75332	-87.15137	SAX_RV_FREEWALL	4	1.0	1
1.09855	-25.18017	-53.26180	SAX_RV_FREEWALL	4	1.0	1
-1.66026	-26.28494	-54.28949	SAX_RV_FREEWALL	4	1.0	1
-4.41907	-27.38971	-55.31718	SAX_RV_FREEWALL	4	1.0	1
-7.17788	-28.49448	-56.34486	SAX_RV_FREEWALL	4	1.0	1
-9.93669	-29.59925	-57.37255	SAX_RV_FREEWALL	4	1.0	1
-12.16438	-29.59925	-59.08940	SAX_RV_FREEWALL	4	1.0	1
-14.92319	-30.70403	-60.11709	SAX_RV_FREEWALL	4	1.0	1
-17.68200	-31.80880	-61.14478	SAX_RV_FREEWALL	4	1.0	1
-19.90968	-31.80880	-62.86162	SAX_RV_FREEWALL	4	1.0	1
-22.66849	-32.91357	-63.88931	SAX_RV_FREEWALL	4	1.0	1
-24.89618	-32.91357	-65.60616	SAX_RV_FREEWALL	4	1.0	1
-27.12387	-32.91357	-67.32300	SAX_RV_FREEWALL	4	1.0	1
-29.35156	-32.91358	-69.03985	SAX_RV_FREEWALL	4	1.0	1
-31.57925	-32.91358	-70.75669	SAX_RV_FREEWALL	4	1.0	1
-33.80694	-32.91358	-72.47354	SAX_RV_FREEWALL	4	1.0	1
-36.03462	-32.91358	-74.19039	SAX_RV_FREEWALL	4	1.0	1
-41.55224	-35.12312	-76.24576	SAX_RV_EPICARDIAL	4	1.0	1
-43.24881	-34.01836	-78.65177	SAX_RV_EPICARDIAL	4	1.0	1
-44.94538	-32.91359	-81.05777	SAX_RV_EPICARDIAL	4	1.0	1
-46.64195	-31.80882	-83.46377	SAX_RV_EPICARDIAL	4	1.0	1
-47.80739	-29.59929	-86.55893	SAX_RV_EPICARDIAL	4	1.0	1
-47.85899	-27.38975	-88.79567	SAX_RV_EPICARDIAL	4	1.0	1
-47.91060	-25.18022	-91.03240	SAX_RV_EPICARDIAL	4	1.0	1
-47.96220	-22.97068	-93.26914	SAX_RV_EPICARDIAL	4	1.0	1
-46.89996	-20.76115	-94.64745	SAX_RV_EPICARDIAL	4	1.0	1
-45.83772	-18.55161	-96.02576	SAX_RV_EPICARDIAL	4	1.0	1
-44.77547	-16.34207	-97.40408	SAX_RV_EPICARDIAL	4	1.0	1
-41.48554	-14.13254	-97.06555	SAX_RV_EPICARDIAL	4	1.0	1
-38.19561	-11.92300	-96.72701	SAX_RV_EPICARDIAL	4	1.0	1
-36.01953	-9.71346	-97.24690	SAX_RV_EPICARDIAL	4	1.0	1
-32.72960	-7.50392	-96.90837	SAX_RV_EPICARDIAL	4	1.0	1
-29.43967	-5.29438	-96.56984	SAX_RV_EPICARDIAL	4	1.0	1
-26.14974	-3.08484	-96.23131	SAX_RV_EPICARDIAL	4	1.0	1
-22.85981	-0.87530	-95.89278	SAX_RV_EPICARDIAL	4	1.0	1
-19.56988	1.33423	-95.55424	SAX_RV_EPICARDIAL	4	1.0	1
-16.81107	2.43901	-94.52655	SAX_RV_EPICARDIAL	4	1.0	1
-14.05226	3.54378	-93.49887	SAX_RV_EPICARDIAL	4	1.0	1
-11.29345	4.64855	-92.47118	SAX_RV_EPICARDIAL	4	1.0	1
-8.53464	5.75332	-91.44349	SAX_RV_EPICARDIAL	4	1.0	1
-5.77583	6.85809	-90.41580	SAX_RV_EPICARDIAL	4	1.0	1
-2.48590	9.06763	-90.07727	SAX_RV_EPICARDIAL	4	1.0	1
-0.25821	9.06763	-88.36042	SAX_RV_EPICARDIAL	4	1.0	1
-0.20661	6.85809	-86.12368	SAX_RV_EPICARDIAL	4	1.0	1
4.38848	-22.97063	-52.92327	SAX_RV_EPICARDIAL	4	1.0	1
5.55393	-25.18017	-49.82811	SAX_RV_EPICARDIAL	4	1.0	1
2.79512	-26.28494	-50.85580	SAX_RV_EPICARDIAL	4	1.0	1
0.03631	-27.38971	-51.88348	SAX_RV_EPICARDIAL	4	1.0	1
-3.25362	-29.59925	-52.22202	SAX_RV_EPICARDIAL	4	1.0	1
-6.01243	-30.70402	-53.24971	SAX_RV_EPICARDIAL	4	1.0	1
-8.24012	-30.70402	-54.96655	SAX_RV_EPICARDIAL	4	1.0	1
-10.99893	-31.80879	-55.99424	SAX_RV_EPICARDIAL	4	1.0	1
-13.75774	-32.91356	-57.02193	SAX_RV_EPICARDIAL	4	1.0	1
-16.51655	-34.01833	-58.04962	SAX_RV_EPICARDIAL	4	1.0	1
-18.74424	-34.01833	-59.76646	SAX_RV_EPICARDIAL	4	1.0	1
-21.50305	-35.12310	-60.79415	SAX_RV_EPICARDIAL	4	1.0	1
-23.73074	-35.12311	-62.51100	SAX_RV_EPICARDIAL	4	1.0	1
-25.95842	-35.12311	-64.22784	SAX_RV_EPICARDIAL	4	1.0	1
-28.18611	-35.12311	-65.94469	SAX_RV_EPICARDIAL	4	1.0	1
-30.41380	-35.12311	-67.66153	SAX_RV_EPICARDIAL	4	1.0	1
-32.64149	-35.12311	-69.37838	SAX_RV_EPICARDIAL	4	1.0	1
-34.86918	-35.12312	-71.09523	SAX_RV_EPICARDIAL	4	1.0	1
-37.09687	-35.12312	-72.81207	SAX_RV_EPICARDIAL	4	1.0	1
-39.32455	-35.12312	-74.52892	SAX_RV_EPICARDIAL	4	1.0	1
-0.73773	5.75332	-85.43453	SAX_RV_SEPTUM	4	1.0	1
-1.79997	3.54379	-84.05621	SAX_RV_SEPTUM	4	1.0	1
-2.86221	1.33425	-82.67790	SAX_RV_SEPTUM	4	1.0	1
-3.92445	-0.87529	-81.29959	SAX_RV_SEPTUM	4	1.0	1
-3.87285	-3.08482	-79.06285	SAX_RV_SEPTUM	4	1.0	1
-4.93509	-5.29436	-77.68454	SAX_RV_SEPTUM	4	1.0	1
-4.88349	-7.50389	-75.44780	SAX_RV_SEPTUM	4	1.0	1
-4.83189	-9.71343	-73.21107	SAX_RV_SEPTUM	4	1.0	1
-4.78029	-11.92296	-70.97433	SAX_RV_SEPTUM	4	1.0	1
-3.61484	-14.13250	-67.87917	SAX_RV_SEPTUM	4	1.0	1
-2.44939	-16.34203	-64.78401	SAX_RV_SEPTUM	4	1.0	1
-1.28395	-18.55157	-61.68885	SAX_RV_SEPTUM	4	1.0	1
0.41262	-19.65633	-59.28285	SAX_RV_SEPTUM	4	1.0	1
1.57807	-21.86587	-56.18769	SAX_RV_SEPTUM	4	1.0	1
3.27463	-22.97063	-53.78169	SAX_RV_SEPTUM	4	1.0	1
3.85736	-24.07540	-52.23411	SAX_RV_SEPTUM	4	1.0	1
3.08332	9.06763	-85.78515	SAX_LV_EPICARDIAL	4	1.0	1
5.25941	11.27717	-86.30504	SAX_LV_EPICARDIAL	4	1.0	1
7.43550	13.48671	-86.82493	SAX_LV_EPICARDIAL	4	1.0	1
9.61158	15.69624	-87.34482	SAX_LV_EPICARDIAL	4	1.0	1
11.78767	17.90578	-87.86471	SAX_LV_EPICARDIAL	4	1.0	1
15.07760	20.11532	-87.52618	SAX_LV_EPICARDIAL	4	1.0	1
18.36753	22.32486	-87.18765	SAX_LV_EPICARDIAL	4	1.0	1
21.65746	24.53440	-86.84912	SAX_LV_EPICARDIAL	4	1.0	1
24.41627	25.63917	-85.82143	SAX_LV_EPICARDIAL	4	1.0	1
27.70620	27.84871	-85.48290	SAX_LV_EPICARDIAL	4	1.0	1
29.93389	27.84871	-83.76605	SAX_LV_EPICARDIAL	4	1.0	1
32.69270	28.95348	-82.73836	SAX_LV_EPICARDIAL	4	1.0	1
34.92038	28.95348	-81.02152	SAX_LV_EPICARDIAL	4	1.0	1
37.14807	28.95349	-79.30467	SAX_LV_EPICARDIAL	4	1.0	1
39.37576	28.95349	-77.58783	SAX_LV_EPICARDIAL	4	1.0	1
41.60345	28.95349	-75.87098	SAX_LV_EPICARDIAL	4	1.0	1
43.30002	27.84872	-73.46498	SAX_LV_EPICARDIAL	4	1.0	1
45.52771	27.84873	-71.74813	SAX_LV_EPICARDIAL	4	1.0	1
47.22427	26.74396	-69.34213	SAX_LV_EPICARDIAL	4	1.0	1
48.92084	25.63919	-66.93613	SAX_LV_EPICARDIAL	4	1.0	1
50.61741	24.53443	-64.53013	SAX_LV_EPICARDIAL	4	1.0	1
51.78285	22.32489	-61.43497	SAX_LV_EPICARDIAL	4	1.0	1
53.47942	21.22013	-59.02896	SAX_LV_EPICARDIAL	4	1.0	1
53.53102	19.01059	-56.79223	SAX_LV_EPICARDIAL	4	1.0	1
53.58263	16.80106	-54.55549	SAX_LV_EPICARDIAL	4	1.0	1
53.63423	14.59152	-52.31876	SAX_LV_EPICARDIAL	4	1.0	1
53.68583	12.38199	-50.08202	SAX_LV_EPICARDIAL	4	1.0	1
53.73743	10.17245	-47.84528	SAX_LV_EPICARDIAL	4	1.0	1
52.67519	7.96291	-46.46697	SAX_LV_EPICARDIAL	4	1.0	1
52.72679	5.75338	-44.23023	SAX_LV_EPICARDIAL	4	1.0	1
51.66455	3.54384	-42.85192	SAX_LV_EPICARDIAL	4	1.0	1
50.60231	1.33430	-41.47361	SAX_LV_EPICARDIAL	4	1.0	1
48.42622	-0.87523	-40.95372	SAX_LV_EPICARDIAL	4	1.0	1
47.36398	-3.08477	-39.57540	SAX_LV_EPICARDIAL	4	1.0	1
45.18790	-5.29431	-39.05551	SAX_LV_EPICARDIAL	4	1.0	1
44.12565	-7.50384	-37.67720	SAX_LV_EPICARDIAL	4	1.0	1
41.94957	-9.71338	-37.15731	SAX_LV_EPICARDIAL	4	1.0	1
39.77348	-11.92292	-36.63742	SAX_LV_EPICARDIAL	4	1.0	1
36.48355	-14.13246	-36.97595	SAX_LV_EPICARDIAL	4	1.0	1
33.19362	-16.34200	-37.31448	SAX_LV_EPICARDIAL	4	1.0	1
29.90369	-18.55154	-37.65301	SAX_LV_EPICARDIAL	4	1.0	1
27.14488	-19.65631	-38.68070	SAX_LV_EPICARDIAL	4	1.0	1
24.38607	-20.76108	-39.70839	SAX_LV_EPICARDIAL	4	1.0	1
21.62726	-21.86585	-40.73608	SAX_LV_EPICARDIAL	4	1.0	1
18.86845	-22.97062	-41.76377	SAX_LV_EPICARDIAL	4	1.0	1
16.64077	-22.97062	-43.48061	SAX_LV_EPICARDIAL	4	1.0	1
14.41308	-22.97062	-45.19746	SAX_LV_EPICARDIAL	4	1.0	1
12.18539	-22.97062	-46.91431	SAX_LV_EPICARDIAL	4	1.0	1
9.95770	-22.97063	-48.63115	SAX_LV_EPICARDIAL	4	1.0	1
7.73001	-22.97063	-50.34800	SAX_LV_EPICARDIAL	4	1.0	1
13.14443	-16.34202	-52.76609	SAX_LV_ENDOCARDIAL	4	1.0	1
11.44786	-15.23725	-55.17209	SAX_LV_ENDOCARDIAL	4	1.0	1
9.22017	-15.23725	-56.88894	SAX_LV_ENDOCARDIAL	4	1.0	1
7.52360	-14.13249	-59.29494	SAX_LV_ENDOCARDIAL	4	1.0	1
5.82703	-13.02772	-61.70094	SAX_LV_ENDOCARDIAL	4	1.0	1
4.66159	-10.81819	-64.79610	SAX_LV_ENDOCARDIAL	4	1.0	1
3.49614	-8.60865	-67.89126	SAX_LV_ENDOCARDIAL	4	1.0	1
3.44454	-6.39912	-70.12800	SAX_LV_ENDOCARDIAL	4	1.0	1
3.39294	-4.18958	-72.36474	SAX_LV_ENDOCARDIAL	4	1.0	1
3.34133	-1.98005	-74.60147	SAX_LV_ENDOCARDIAL	4	1.0	1
4.40358	0.22949	-75.97978	SAX_LV_ENDOCARDIAL	4	1.0	1
4.35197	2.43903	-78.21652	SAX_LV_ENDOCARDIAL	4	1.0	1
5.41422	4.64856	-79.59483	SAX_LV_ENDOCARDIAL	4	1.0	1
7.59030	6.85810	-80.11472	SAX_LV_ENDOCARDIAL	4	1.0	1
8.65254	9.06764	-81.49304	SAX_LV_ENDOCARDIAL	4	1.0	1
10.82863	11.27717	-82.01293	SAX_LV_ENDOCARDIAL	4	1.0	1
13.00472	13.48671	-82.53282	SAX_LV_ENDOCARDIAL	4	1.0	1
15.18080	15.69625	-83.05271	SAX_LV_ENDOCARDIAL	4	1.0	1
18.47073	17.90579	-82.71418	SAX_LV_ENDOCARDIAL	4	1.0	1
21.76066	20.11533	-82.37565	SAX_LV_ENDOCARDIAL	4	1.0	1
24.51947	21.22010	-81.34796	SAX_LV_ENDOCARDIAL	4	1.0	1
27.27828	22.32487	-80.32027	SAX_LV_ENDOCARDIAL	4	1.0	1
30.03709	23.42964	-79.29258	SAX_LV_ENDOCARDIAL	4	1.0	1
32.26478	23.42964	-77.57573	SAX_LV_ENDOCARDIAL	4	1.0	1
34.49247	23.42964	-75.85889	SAX_LV_ENDOCARDIAL	4	1.0	1
36.72016	23.42965	-74.14204	SAX_LV_ENDOCARDIAL	4	1.0	1
38.94784	23.42965	-72.42520	SAX_LV_ENDOCARDIAL	4	1.0	1
41.17553	23.42965	-70.70835	SAX_LV_ENDOCARDIAL	4	1.0	1
42.87210	22.32488	-68.30235	SAX_LV_ENDOCARDIAL	4	1.0	1
44.56867	21.22012	-65.89635	SAX_LV_ENDOCARDIAL	4	1.0	1
46.26524	20.11535	-63.49034	SAX_LV_ENDOCARDIAL	4	1.0	1
47.43068	17.90582	-60.39518	SAX_LV_ENDOCARDIAL	4	1.0	1
47.48228	15.69628	-58.15845	SAX_LV_ENDOCARDIAL	4	1.0	1
48.64773	13.48675	-55.06329	SAX_LV_ENDOCARDIAL	4	1.0	1
48.69933	11.27721	-52.82655	SAX_LV_ENDOCARDIAL	4	1.0	1
47.63709	9.06768	-51.44824	SAX_LV_ENDOCARDIAL	4	1.0	1
47.68869	6.85814	-49.21150	SAX_LV_ENDOCARDIAL	4	1.0	1
46.62645	4.64860	-47.83319	SAX_LV_ENDOCARDIAL	4	1.0	1
45.56421	2.43907	-46.45488	SAX_LV_ENDOCARDIAL	4	1.0	1
43.38812	0.22953	-45.93499	SAX_LV_ENDOCARDIAL	4	1.0	1
42.32588	-1.98001	-44.55667	SAX_LV_ENDOCARDIAL	4	1.0	1
40.14980	-4.18954	-44.03678	SAX_LV_ENDOCARDIAL	4	1.0	1
37.97371	-6.39908	-43.51689	SAX_LV_ENDOCARDIAL	4	1.0	1
35.79762	-8.60862	-42.99700	SAX_LV_ENDOCARDIAL	4	1.0	1
32.50769	-10.81816	-43.33553	SAX_LV_ENDOCARDIAL	4	1.0	1
29.21776	-13.02770	-43.67407	SAX_LV_ENDOCARDIAL	4	1.0	1
26.45895	-14.13247	-44.70175	SAX_LV_ENDOCARDIAL	4	1.0	1
23.70014	-15.23724	-45.72944	SAX_LV_ENDOCARDIAL	4	1.0	1
20.94134	-16.34201	-46.75713	SAX_LV_ENDOCARDIAL	4	1.0	1
18.71365	-16.34201	-48.47398	SAX_LV_ENDOCARDIAL	4	1.0	1
16.48596	-16.34201	-50.19082	SAX_LV_ENDOCARDIAL	4	1.0	1
14.25827	-16.34202	-51.90767	SAX_LV_ENDOCARDIAL	4	1.0	1
-2.96542	5.75332	-87.15137	RV_INSERT	4	1.0	1
3.85736	-24.07540	-52.23411	RV_INSERT	4	1.0	1
-16.18668	-29.50259	-90.72973	SAX_RV_FREEWALL	5	1.0	1
-17.88324	-28.39782	-93.13573	SAX_RV_FREEWALL	5	1.0	1
-19.57981	-27.29306	-95.54174	SAX_RV_FREEWALL	5	1.0	1
-19.63141	-25.08352	-97.77847	SAX_RV_FREEWALL	5	1.0	1
-17.45533	-22.87398	-98.29836	SAX_RV_FREEWALL	5	1.0	1
-15.27924	-20.66445	-98.81825	SAX_RV_FREEWALL	5	1.0	1
-13.10315	-18.45491	-99.33814	SAX_RV_FREEWALL	5	1.0	1
-9.81322	-16.24537	-98.99961	SAX_RV_FREEWALL	5	1.0	1
-7.63714	-14.03583	-99.51950	SAX_RV_FREEWALL	5	1.0	1
-4.87833	-12.93106	-98.49181	SAX_RV_FREEWALL	5	1.0	1
-1.58840	-10.72152	-98.15328	SAX_RV_FREEWALL	5	1.0	1
1.70153	-8.51198	-97.81475	SAX_RV_FREEWALL	5	1.0	1
4.99146	-6.30245	-97.47622	SAX_RV_FREEWALL	5	1.0	1
7.21915	-6.30244	-95.75937	SAX_RV_FREEWALL	5	1.0	1
9.97796	-5.19767	-94.73168	SAX_RV_FREEWALL	5	1.0	1
9.32854	-25.08349	-75.45948	SAX_RV_FREEWALL	5	1.0	1
7.10085	-25.08350	-77.17632	SAX_RV_FREEWALL	5	1.0	1
4.87316	-25.08350	-78.89317	SAX_RV_FREEWALL	5	1.0	1
2.11435	-26.18827	-79.92086	SAX_RV_FREEWALL	5	1.0	1
-0.11334	-26.18827	-81.63770	SAX_RV_FREEWALL	5	1.0	1
-2.34103	-26.18827	-83.35455	SAX_RV_FREEWALL	5	1.0	1
-5.09984	-27.29304	-84.38224	SAX_RV_FREEWALL	5	1.0	1
-7.85864	-28.39781	-85.40993	SAX_RV_FREEWALL	5	1.0	1
-10.61745	-29.50258	-86.43762	SAX_RV_FREEWALL	5	1.0	1
-12.84514	-29.50259	-88.15446	SAX_RV_FREEWALL	5	1.0	1
-15.07283	-29.50259	-89.87131	SAX_RV_FREEWALL	5	1.0	1
-17.78004	-32.81689	-88.66226	SAX_RV_EPICARDIAL	5	1.0	1
-19.47661	-31.71213	-91.06826	SAX_RV_EPICARDIAL	5	1.0	1
-21.70429	-31.71213	-92.78511	SAX_RV_EPICARDIAL	5	1.0	1
-23.40086	-30.60736	-95.19111	SAX_RV_EPICARDIAL	5	1.0	1
-23.45246	-28.39783	-97.42785	SAX_RV_EPICARDIAL	5	1.0	1
-21.27638	-26.18829	-97.94774	SAX_RV_EPICARDIAL	5	1.0	1
-21.32798	-23.97876	-100.18447	SAX_RV_EPICARDIAL	5	1.0	1
-19.15189	-21.76922	-100.70436	SAX_RV_EPICARDIAL	5	1.0	1
-16.97581	-19.55968	-101.22426	SAX_RV_EPICARDIAL	5	1.0	1
-14.79972	-17.35014	-101.74415	SAX_RV_EPICARDIAL	5	1.0	1
-11.50979	-15.14060	-101.40561	SAX_RV_EPICARDIAL	5	1.0	1
-9.33371	-12.93107	-101.92550	SAX_RV_EPICARDIAL	5	1.0	1
-6.04378	-10.72153	-101.58697	SAX_RV_EPICARDIAL	5	1.0	1
-2.75384	-8.51199	-101.24844	SAX_RV_EPICARDIAL	5	1.0	1
0.53609	-6.30245	-100.90991	SAX_RV_EPICARDIAL	5	1.0	1
3.29489	-5.19768	-99.88222	SAX_RV_EPICARDIAL	5	1.0	1
6.05370	-4.09291	-98.85453	SAX_RV_EPICARDIAL	5	1.0	1
8.81251	-2.98814	-97.82684	SAX_RV_EPICARDIAL	5	1.0	1
11.04020	-2.98814	-96.11000	SAX_RV_EPICARDIAL	5	1.0	1
13.79901	-1.88337	-95.08231	SAX_RV_EPICARDIAL	5	1.0	1
12.20565	-5.19767	-93.01484	SAX_RV_EPICARDIAL	5	1.0	1
13.78391	-25.08349	-72.02579	SAX_RV_EPICARDIAL	5	1.0	1
13.25279	-26.18826	-71.33663	SAX_RV_EPICARDIAL	5	1.0	1
10.49398	-27.29303	-72.36432	SAX_RV_EPICARDIAL	5	1.0	1
8.26630	-27.29303	-74.08117	SAX_RV_EPICARDIAL	5	1.0	1
6.03861	-27.29303	-75.79801	SAX_RV_EPICARDIAL	5	1.0	1
3.81092	-27.29303	-77.51486	SAX_RV_EPICARDIAL	5	1.0	1
1.05211	-28.39780	-78.54255	SAX_RV_EPICARDIAL	5	1.0	1
-1.17558	-28.39781	-80.25939	SAX_RV_EPICARDIAL	5	1.0	1
-3.93439	-29.50258	-81.28708	SAX_RV_EPICARDIAL	5	1.0	1
-6.69320	-30.60735	-82.31477	SAX_RV_EPICARDIAL	5	1.0	1
-8.92089	-30.60735	-84.03161	SAX_RV_EPICARDIAL	5	1.0	1
-11.67970	-31.71212	-85.05930	SAX_RV_EPICARDIAL	5	1.0	1
-14.43851	-32.81689	-86.08699	SAX_RV_EPICARDIAL	5	1.0	1
-16.66619	-32.81689	-87.80384	SAX_RV_EPICARDIAL	5	1.0	1
12.20565	-5.19767	-93.01484	SAX_RV_SEPTUM	5	1.0	1
12.25725	-7.40721	-90.77810	SAX_RV_SEPTUM	5	1.0	1
11.19501	-9.61674	-89.39979	SAX_RV_SEPTUM	5	1.0	1
10.13277	-11.82628	-88.02147	SAX_RV_SEPTUM	5	1.0	1
10.18437	-14.03582	-85.78474	SAX_RV_SEPTUM	5	1.0	1
10.23597	-16.24535	-83.54800	SAX_RV_SEPTUM	5	1.0	1
10.28757	-18.45489	-81.31126	SAX_RV_SEPTUM	5	1.0	1
11.45302	-20.66442	-78.21611	SAX_RV_SEPTUM	5	1.0	1
12.61847	-22.87395	-75.12095	SAX_RV_SEPTUM	5	1.0	1
12.08735	-23.97872	-74.43179	SAX_RV_SEPTUM	5	1.0	1
17.70817	-26.18825	-67.90294	SAX_LV_EPICARDIAL	5	1.0	1
16.01160	-25.08349	-70.30894	SAX_LV_EPICARDIAL	5	1.0	1
16.02670	-1.88336	-93.36546	SAX_LV_EPICARDIAL	5	1.0	1
18.20279	0.32617	-93.88535	SAX_LV_EPICARDIAL	5	1.0	1
20.37887	2.53571	-94.40524	SAX_LV_EPICARDIAL	5	1.0	1
23.66880	4.74525	-94.06671	SAX_LV_EPICARDIAL	5	1.0	1
25.31377	5.85002	-93.89744	SAX_LV_EPICARDIAL	5	1.0	1
28.60370	8.05956	-93.55891	SAX_LV_EPICARDIAL	5	1.0	1
31.36251	9.16433	-92.53122	SAX_LV_EPICARDIAL	5	1.0	1
34.12132	10.26910	-91.50353	SAX_LV_EPICARDIAL	5	1.0	1
36.34900	10.26910	-89.78669	SAX_LV_EPICARDIAL	5	1.0	1
39.10781	11.37387	-88.75900	SAX_LV_EPICARDIAL	5	1.0	1
41.33550	11.37387	-87.04215	SAX_LV_EPICARDIAL	5	1.0	1
43.56319	11.37388	-85.32531	SAX_LV_EPICARDIAL	5	1.0	1
45.25976	10.26911	-82.91931	SAX_LV_EPICARDIAL	5	1.0	1
47.48745	10.26911	-81.20246	SAX_LV_EPICARDIAL	5	1.0	1
49.18401	9.16435	-78.79646	SAX_LV_EPICARDIAL	5	1.0	1
50.88058	8.05958	-76.39046	SAX_LV_EPICARDIAL	5	1.0	1
52.57715	6.95481	-73.98445	SAX_LV_EPICARDIAL	5	1.0	1
54.27372	5.85005	-71.57845	SAX_LV_EPICARDIAL	5	1.0	1
54.32532	3.64051	-69.34171	SAX_LV_EPICARDIAL	5	1.0	1
54.37692	1.43098	-67.10498	SAX_LV_EPICARDIAL	5	1.0	1
54.42852	-0.77856	-64.86824	SAX_LV_EPICARDIAL	5	1.0	1
54.48013	-2.98809	-62.63151	SAX_LV_EPICARDIAL	5	1.0	1
53.41788	-5.19763	-61.25319	SAX_LV_EPICARDIAL	5	1.0	1
52.35564	-7.40717	-59.87488	SAX_LV_EPICARDIAL	5	1.0	1
51.29340	-9.61670	-58.49657	SAX_LV_EPICARDIAL	5	1.0	1
50.23116	-11.82624	-57.11825	SAX_LV_EPICARDIAL	5	1.0	1
48.05507	-14.03578	-56.59836	SAX_LV_EPICARDIAL	5	1.0	1
45.87899	-16.24532	-56.07847	SAX_LV_EPICARDIAL	5	1.0	1
43.70290	-18.45485	-55.55858	SAX_LV_EPICARDIAL	5	1.0	1
40.41297	-20.66439	-55.89711	SAX_LV_EPICARDIAL	5	1.0	1
37.12304	-22.87393	-56.23564	SAX_LV_EPICARDIAL	5	1.0	1
34.36423	-23.97870	-57.26333	SAX_LV_EPICARDIAL	5	1.0	1
31.60542	-25.08347	-58.29102	SAX_LV_EPICARDIAL	5	1.0	1
28.84661	-26.18824	-59.31871	SAX_LV_EPICARDIAL	5	1.0	1
26.61892	-26.18824	-61.03556	SAX_LV_EPICARDIAL	5	1.0	1
24.39124	-26.18825	-62.75240	SAX_LV_EPICARDIAL	5	1.0	1
22.16355	-26.18825	-64.46925	SAX_LV_EPICARDIAL	5	1.0	1
19.93586	-26.18825	-66.18609	SAX_LV_EPICARDIAL	5	1.0	1
22.59146	-20.66441	-69.63188	SAX_LV_ENDOCARDIAL	5	1.0	1
20.89490	-19.55964	-72.03788	SAX_LV_ENDOCARDIAL	5	1.0	1
19.19833	-18.45488	-74.44388	SAX_LV_ENDOCARDIAL	5	1.0	1
18.03288	-16.24534	-77.53904	SAX_LV_ENDOCARDIAL	5	1.0	1
16.86743	-14.03581	-80.63420	SAX_LV_ENDOCARDIAL	5	1.0	1
16.81583	-11.82627	-82.87094	SAX_LV_ENDOCARDIAL	5	1.0	1
16.76423	-9.61674	-85.10767	SAX_LV_ENDOCARDIAL	5	1.0	1
17.82647	-7.40720	-86.48599	SAX_LV_ENDOCARDIAL	5	1.0	1
18.88871	-5.19766	-87.86430	SAX_LV_ENDOCARDIAL	5	1.0	1
19.95096	-2.98813	-89.24261	SAX_LV_ENDOCARDIAL	5	1.0	1
22.12704	-0.77859	-89.76250	SAX_LV_ENDOCARDIAL	5	1.0	1
25.41697	1.43095	-89.42397	SAX_LV_ENDOCARDIAL	5	1.0	1
28.70690	3.64049	-89.08544	SAX_LV_ENDOCARDIAL	5	1.0	1
31.46571	4.74526	-88.05775	SAX_LV_ENDOCARDIAL	5	1.0	1
34.22452	5.85003	-87.03006	SAX_LV_ENDOCARDIAL	5	1.0	1
36.45221	5.85003	-85.31322	SAX_LV_ENDOCARDIAL	5	1.0	1
38.67990	5.85003	-83.59637	SAX_LV_ENDOCARDIAL	5	1.0	1
40.90759	5.85004	-81.87952	SAX_LV_ENDOCARDIAL	5	1.0	1
43.13527	5.85004	-80.16268	SAX_LV_ENDOCARDIAL	5	1.0	1
44.83184	4.74527	-77.75668	SAX_LV_ENDOCARDIAL	5	1.0	1
46.52841	3.64051	-75.35067	SAX_LV_ENDOCARDIAL	5	1.0	1
47.69386	1.43097	-72.25552	SAX_LV_ENDOCARDIAL	5	1.0	1
48.85930	-0.77856	-69.16036	SAX_LV_ENDOCARDIAL	5	1.0	1
47.79706	-2.98810	-67.78204	SAX_LV_ENDOCARDIAL	5	1.0	1
47.84866	-5.19764	-65.54531	SAX_LV_ENDOCARDIAL	5	1.0	1
46.78642	-7.40717	-64.16699	SAX_LV_ENDOCARDIAL	5	1.0	1
45.72418	-9.61671	-62.78868	SAX_LV_ENDOCARDIAL	5	1.0	1
43.54809	-11.82625	-62.26879	SAX_LV_ENDOCARDIAL	5	1.0	1
41.37201	-14.03578	-61.74890	SAX_LV_ENDOCARDIAL	5	1.0	1
38.08208	-16.24532	-62.08743	SAX_LV_ENDOCARDIAL	5	1.0	1
36.43711	-17.35009	-62.25670	SAX_LV_ENDOCARDIAL	5	1.0	1
33.14718	-19.55963	-62.59523	SAX_LV_ENDOCARDIAL	5	1.0	1
30.91949	-19.55963	-64.31207	SAX_LV_ENDOCARDIAL	5	1.0	1
28.16068	-20.66440	-65.33976	SAX_LV_ENDOCARDIAL	5	1.0	1
25.93300	-20.66441	-67.05661	SAX_LV_ENDOCARDIAL	5	1.0	1
23.70531	-20.66441	-68.77345	SAX_LV_ENDOCARDIAL	5	1.0	1
9.97796	-5.19767	-94.73168	RV_INSERT	5	1.0	1
12.08735	-23.97872	-74.43179	RV_INSERT	5	1.0	1
8.16925	-28.30213	-101.59865	SAX_RV_FREEWALL	6	1.0	1
7.00381	-26.09259	-104.69381	SAX_RV_FREEWALL	6	1.0	1
8.06605	-23.88306	-106.07212	SAX_RV_FREEWALL	6	1.0	1
8.01445	-21.67352	-108.30886	SAX_RV_FREEWALL	6	1.0	1
10.19053	-19.46398	-108.82875	SAX_RV_FREEWALL	6	1.0	1
12.94934	-18.35921	-107.80106	SAX_RV_FREEWALL	6	1.0	1
15.17703	-18.35921	-106.08421	SAX_RV_FREEWALL	6	1.0	1
17.93584	-17.25444	-105.05653	SAX_RV_FREEWALL	6	1.0	1
16.49728	-27.19735	-96.27885	SAX_RV_FREEWALL	6	1.0	1
13.73847	-28.30212	-97.30654	SAX_RV_FREEWALL	6	1.0	1
11.51079	-28.30213	-99.02338	SAX_RV_FREEWALL	6	1.0	1
9.28310	-28.30213	-100.74023	SAX_RV_FREEWALL	6	1.0	1
5.99317	-30.51167	-101.07876	SAX_RV_EPICARDIAL	6	1.0	1
4.29660	-29.40690	-103.48476	SAX_RV_EPICARDIAL	6	1.0	1
4.24500	-27.19736	-105.72150	SAX_RV_EPICARDIAL	6	1.0	1
4.19339	-24.98783	-107.95823	SAX_RV_EPICARDIAL	6	1.0	1
5.25564	-22.77829	-109.33655	SAX_RV_EPICARDIAL	6	1.0	1
6.31788	-20.56876	-110.71486	SAX_RV_EPICARDIAL	6	1.0	1
8.49396	-18.35922	-111.23475	SAX_RV_EPICARDIAL	6	1.0	1
11.25277	-17.25445	-110.20706	SAX_RV_EPICARDIAL	6	1.0	1
14.01158	-16.14968	-109.17937	SAX_RV_EPICARDIAL	6	1.0	1
16.23927	-16.14968	-107.46253	SAX_RV_EPICARDIAL	6	1.0	1
18.46696	-16.14967	-105.74568	SAX_RV_EPICARDIAL	6	1.0	1
21.75689	-13.94013	-105.40715	SAX_RV_EPICARDIAL	6	1.0	1
23.98458	-13.94013	-103.69030	SAX_RV_EPICARDIAL	6	1.0	1
23.98458	-13.94013	-103.69030	SAX_RV_EPICARDIAL	6	1.0	1
20.90106	-24.98781	-95.08189	SAX_RV_EPICARDIAL	6	1.0	1
19.30770	-28.30212	-93.01442	SAX_RV_EPICARDIAL	6	1.0	1
16.54889	-29.40689	-94.04211	SAX_RV_EPICARDIAL	6	1.0	1
14.32120	-29.40689	-95.75896	SAX_RV_EPICARDIAL	6	1.0	1
11.56239	-30.51166	-96.78664	SAX_RV_EPICARDIAL	6	1.0	1
9.33470	-30.51166	-98.50349	SAX_RV_EPICARDIAL	6	1.0	1
7.10701	-30.51167	-100.22034	SAX_RV_EPICARDIAL	6	1.0	1
20.69465	-16.14967	-104.02884	SAX_RV_SEPTUM	6	1.0	1
23.45346	-15.04490	-103.00115	SAX_RV_SEPTUM	6	1.0	1
22.39122	-17.25444	-101.62283	SAX_RV_SEPTUM	6	1.0	1
20.21513	-19.46397	-101.10294	SAX_RV_SEPTUM	6	1.0	1
20.26673	-21.67351	-98.86621	SAX_RV_SEPTUM	6	1.0	1
20.31833	-23.88305	-96.62947	SAX_RV_SEPTUM	6	1.0	1
19.25609	-26.09258	-95.25116	SAX_RV_SEPTUM	6	1.0	1
28.27005	-30.51164	-83.91030	SAX_LV_EPICARDIAL	6	1.0	1
26.57348	-29.40688	-86.31631	SAX_LV_EPICARDIAL	6	1.0	1
24.34580	-29.40688	-88.03315	SAX_LV_EPICARDIAL	6	1.0	1
23.18035	-27.19735	-91.12831	SAX_LV_EPICARDIAL	6	1.0	1
27.27451	-11.73059	-103.35177	SAX_LV_EPICARDIAL	6	1.0	1
30.56444	-9.52105	-103.01324	SAX_LV_EPICARDIAL	6	1.0	1
33.85437	-7.31152	-102.67471	SAX_LV_EPICARDIAL	6	1.0	1
36.61318	-6.20675	-101.64702	SAX_LV_EPICARDIAL	6	1.0	1
38.84087	-6.20674	-99.93017	SAX_LV_EPICARDIAL	6	1.0	1
41.06856	-6.20674	-98.21333	SAX_LV_EPICARDIAL	6	1.0	1
43.29624	-6.20674	-96.49648	SAX_LV_EPICARDIAL	6	1.0	1
45.52393	-6.20674	-94.77964	SAX_LV_EPICARDIAL	6	1.0	1
47.22050	-7.31150	-92.37363	SAX_LV_EPICARDIAL	6	1.0	1
48.91707	-8.41627	-89.96763	SAX_LV_EPICARDIAL	6	1.0	1
50.08251	-10.62580	-86.87247	SAX_LV_EPICARDIAL	6	1.0	1
50.13412	-12.83534	-84.63574	SAX_LV_EPICARDIAL	6	1.0	1
50.18572	-15.04487	-82.39900	SAX_LV_EPICARDIAL	6	1.0	1
49.12348	-17.25441	-81.02069	SAX_LV_EPICARDIAL	6	1.0	1
48.06124	-19.46395	-79.64237	SAX_LV_EPICARDIAL	6	1.0	1
45.88515	-21.67348	-79.12248	SAX_LV_EPICARDIAL	6	1.0	1
44.82291	-23.88302	-77.74417	SAX_LV_EPICARDIAL	6	1.0	1
42.64682	-26.09256	-77.22428	SAX_LV_EPICARDIAL	6	1.0	1
39.35689	-28.30210	-77.56281	SAX_LV_EPICARDIAL	6	1.0	1
36.59808	-29.40687	-78.59050	SAX_LV_EPICARDIAL	6	1.0	1
34.37039	-29.40687	-80.30735	SAX_LV_EPICARDIAL	6	1.0	1
32.14270	-29.40687	-82.02419	SAX_LV_EPICARDIAL	6	1.0	1
29.38390	-30.51164	-83.05188	SAX_LV_EPICARDIAL	6	1.0	1
30.39453	-26.09257	-86.66693	SAX_LV_ENDOCARDIAL	6	1.0	1
28.69797	-24.98781	-89.07293	SAX_LV_ENDOCARDIAL	6	1.0	1
27.53252	-22.77827	-92.16809	SAX_LV_ENDOCARDIAL	6	1.0	1
26.36707	-20.56874	-95.26325	SAX_LV_ENDOCARDIAL	6	1.0	1
27.42932	-18.35920	-96.64156	SAX_LV_ENDOCARDIAL	6	1.0	1
27.37771	-16.14966	-98.87830	SAX_LV_ENDOCARDIAL	6	1.0	1
28.43996	-13.94013	-100.25661	SAX_LV_ENDOCARDIAL	6	1.0	1
30.61604	-11.73059	-100.77650	SAX_LV_ENDOCARDIAL	6	1.0	1
33.37485	-10.62582	-99.74881	SAX_LV_ENDOCARDIAL	6	1.0	1
36.13366	-9.52105	-98.72113	SAX_LV_ENDOCARDIAL	6	1.0	1
38.36135	-9.52105	-97.00428	SAX_LV_ENDOCARDIAL	6	1.0	1
40.58904	-9.52104	-95.28743	SAX_LV_ENDOCARDIAL	6	1.0	1
42.28560	-10.62581	-92.88143	SAX_LV_ENDOCARDIAL	6	1.0	1
42.86833	-11.73058	-91.33385	SAX_LV_ENDOCARDIAL	6	1.0	1
44.03377	-13.94011	-88.23869	SAX_LV_ENDOCARDIAL	6	1.0	1
44.08538	-16.14965	-86.00196	SAX_LV_ENDOCARDIAL	6	1.0	1
43.02314	-18.35918	-84.62364	SAX_LV_ENDOCARDIAL	6	1.0	1
41.96089	-20.56872	-83.24533	SAX_LV_ENDOCARDIAL	6	1.0	1
39.78481	-22.77826	-82.72544	SAX_LV_ENDOCARDIAL	6	1.0	1
37.60872	-24.98780	-82.20555	SAX_LV_ENDOCARDIAL	6	1.0	1
35.38103	-24.98780	-83.92240	SAX_LV_ENDOCARDIAL	6	1.0	1
32.62222	-26.09257	-84.95008	SAX_LV_ENDOCARDIAL	6	1.0	1
23.45346	-15.04490	-103.00115	RV_INSERT	6	1.0	1
19.25609	-26.09258	-95.25116	RV_INSERT	6	1.0	1
6.58724	21.38548	-17.12027	LAX_LV_ENDOCARDIAL	9	1.0	1
8.39003	19.21714	-18.51165	LAX_LV_ENDOCARDIAL	9	1.0	1
10.13777	17.01366	-18.49831	LAX_LV_ENDOCARDIAL	9	1.0	1
11.94057	14.84532	-19.88970	LAX_LV_ENDOCARDIAL	9	1.0	1
13.68831	12.64184	-19.87635	LAX_LV_ENDOCARDIAL	9	1.0	1
15.49110	10.47350	-21.26774	LAX_LV_ENDOCARDIAL	9	1.0	1
17.23885	8.27001	-21.25439	LAX_LV_ENDOCARDIAL	9	1.0	1
19.04164	6.10168	-22.64578	LAX_LV_ENDOCARDIAL	9	1.0	1
20.78939	3.89819	-22.63243	LAX_LV_ENDOCARDIAL	9	1.0	1
22.53713	1.69470	-22.61909	LAX_LV_ENDOCARDIAL	9	1.0	1
24.33993	-0.47363	-24.01047	LAX_LV_ENDOCARDIAL	9	1.0	1
26.14272	-2.64197	-25.40186	LAX_LV_ENDOCARDIAL	9	1.0	1
28.00055	-4.77515	-28.19798	LAX_LV_ENDOCARDIAL	9	1.0	1
29.85839	-6.90833	-30.99410	LAX_LV_ENDOCARDIAL	9	1.0	1
30.84235	-7.93977	-33.79689	LAX_LV_ENDOCARDIAL	9	1.0	1
30.95244	-7.86947	-36.60636	LAX_LV_ENDOCARDIAL	9	1.0	1
31.93640	-8.90091	-39.40915	LAX_LV_ENDOCARDIAL	9	1.0	1
32.92036	-9.93235	-42.21194	LAX_LV_ENDOCARDIAL	9	1.0	1
33.90433	-10.96379	-45.01473	LAX_LV_ENDOCARDIAL	9	1.0	1
34.88829	-11.99523	-47.81753	LAX_LV_ENDOCARDIAL	9	1.0	1
35.87225	-13.02667	-50.62032	LAX_LV_ENDOCARDIAL	9	1.0	1
35.98234	-12.95636	-53.42978	LAX_LV_ENDOCARDIAL	9	1.0	1
36.96630	-13.98780	-56.23258	LAX_LV_ENDOCARDIAL	9	1.0	1
37.95027	-15.01924	-59.03537	LAX_LV_ENDOCARDIAL	9	1.0	1
38.93423	-16.05068	-61.83816	LAX_LV_ENDOCARDIAL	9	1.0	1
39.91819	-17.08212	-64.64095	LAX_LV_ENDOCARDIAL	9	1.0	1
40.02828	-17.01182	-67.45042	LAX_LV_ENDOCARDIAL	9	1.0	1
41.01224	-18.04326	-70.25321	LAX_LV_ENDOCARDIAL	9	1.0	1
41.99620	-19.07470	-73.05600	LAX_LV_ENDOCARDIAL	9	1.0	1
42.10629	-19.00439	-75.86547	LAX_LV_ENDOCARDIAL	9	1.0	1
42.21638	-18.93409	-78.67493	LAX_LV_ENDOCARDIAL	9	1.0	1
43.20035	-19.96553	-81.47773	LAX_LV_ENDOCARDIAL	9	1.0	1
43.31043	-19.89522	-84.28719	LAX_LV_ENDOCARDIAL	9	1.0	1
42.54665	-18.72318	-87.10333	LAX_LV_ENDOCARDIAL	9	1.0	1
42.65674	-18.65287	-89.91280	LAX_LV_ENDOCARDIAL	9	1.0	1
41.89295	-17.48083	-92.72893	LAX_LV_ENDOCARDIAL	9	1.0	1
41.12917	-16.30878	-95.54507	LAX_LV_ENDOCARDIAL	9	1.0	1
40.36539	-15.13673	-98.36121	LAX_LV_ENDOCARDIAL	9	1.0	1
38.67268	-12.89809	-99.77929	LAX_LV_ENDOCARDIAL	9	1.0	1
36.92494	-10.69461	-99.79264	LAX_LV_ENDOCARDIAL	9	1.0	1
35.12215	-8.52627	-98.40125	LAX_LV_ENDOCARDIAL	9	1.0	1
33.37440	-6.32278	-98.41459	LAX_LV_ENDOCARDIAL	9	1.0	1
31.57161	-4.15445	-97.02321	LAX_LV_ENDOCARDIAL	9	1.0	1
29.76882	-1.98611	-95.63182	LAX_LV_ENDOCARDIAL	9	1.0	1
27.91098	0.14707	-92.83570	LAX_LV_ENDOCARDIAL	9	1.0	1
26.10819	2.31540	-91.44431	LAX_LV_ENDOCARDIAL	9	1.0	1
24.30540	4.48374	-90.05293	LAX_LV_ENDOCARDIAL	9	1.0	1
22.55765	6.68723	-90.06627	LAX_LV_ENDOCARDIAL	9	1.0	1
20.75486	8.85556	-88.67489	LAX_LV_ENDOCARDIAL	9	1.0	1
18.95207	11.02390	-87.28350	LAX_LV_ENDOCARDIAL	9	1.0	1
17.09424	13.15708	-84.48738	LAX_LV_ENDOCARDIAL	9	1.0	1
15.34649	15.36057	-84.50073	LAX_LV_ENDOCARDIAL	9	1.0	1
13.54370	17.52890	-83.10934	LAX_LV_ENDOCARDIAL	9	1.0	1
11.79595	19.73239	-83.12268	LAX_LV_ENDOCARDIAL	9	1.0	1
9.93812	21.86557	-80.32656	LAX_LV_ENDOCARDIAL	9	1.0	1
8.13532	24.03391	-78.93518	LAX_LV_ENDOCARDIAL	9	1.0	1
6.27749	26.16709	-76.13906	LAX_LV_ENDOCARDIAL	9	1.0	1
4.52974	28.37058	-76.15240	LAX_LV_ENDOCARDIAL	9	1.0	1
2.67191	30.50376	-73.35628	LAX_LV_ENDOCARDIAL	9	1.0	1
0.86912	32.67209	-71.96490	LAX_LV_ENDOCARDIAL	9	1.0	1
-0.98872	34.80528	-69.16878	LAX_LV_ENDOCARDIAL	9	1.0	1
-2.84656	36.93846	-66.37266	LAX_LV_ENDOCARDIAL	9	1.0	1
-3.83052	37.96990	-63.56987	LAX_LV_ENDOCARDIAL	9	1.0	1
-4.81448	39.00134	-60.76707	LAX_LV_ENDOCARDIAL	9	1.0	1
-5.79844	40.03278	-57.96428	LAX_LV_ENDOCARDIAL	9	1.0	1
-6.78241	41.06422	-55.16149	LAX_LV_ENDOCARDIAL	9	1.0	1
13.35805	12.43092	-11.44795	LAX_LV_EPICARDIAL	9	1.0	1
15.16084	10.26259	-12.83934	LAX_LV_EPICARDIAL	9	1.0	1
16.90858	8.05910	-12.82600	LAX_LV_EPICARDIAL	9	1.0	1
18.71137	5.89077	-14.21738	LAX_LV_EPICARDIAL	9	1.0	1
20.45912	3.68728	-14.20404	LAX_LV_EPICARDIAL	9	1.0	1
22.26191	1.51895	-15.59542	LAX_LV_EPICARDIAL	9	1.0	1
24.06470	-0.64939	-16.98681	LAX_LV_EPICARDIAL	9	1.0	1
25.86749	-2.81772	-18.37820	LAX_LV_EPICARDIAL	9	1.0	1
27.67029	-4.98606	-19.76958	LAX_LV_EPICARDIAL	9	1.0	1
29.52812	-7.11924	-22.56570	LAX_LV_EPICARDIAL	9	1.0	1
30.51208	-8.15068	-25.36850	LAX_LV_EPICARDIAL	9	1.0	1
32.36992	-10.28387	-28.16462	LAX_LV_EPICARDIAL	9	1.0	1
34.22775	-12.41705	-30.96073	LAX_LV_EPICARDIAL	9	1.0	1
35.21172	-13.44849	-33.76353	LAX_LV_EPICARDIAL	9	1.0	1
36.19568	-14.47993	-36.56632	LAX_LV_EPICARDIAL	9	1.0	1
37.17964	-15.51137	-39.36911	LAX_LV_EPICARDIAL	9	1.0	1
38.16360	-16.54281	-42.17190	LAX_LV_EPICARDIAL	9	1.0	1
39.14757	-17.57425	-44.97470	LAX_LV_EPICARDIAL	9	1.0	1
39.25766	-17.50394	-47.78416	LAX_LV_EPICARDIAL	9	1.0	1
40.24162	-18.53538	-50.58695	LAX_LV_EPICARDIAL	9	1.0	1
41.22558	-19.56682	-53.38975	LAX_LV_EPICARDIAL	9	1.0	1
42.20954	-20.59826	-56.19254	LAX_LV_EPICARDIAL	9	1.0	1
43.19351	-21.62970	-58.99533	LAX_LV_EPICARDIAL	9	1.0	1
43.30359	-21.55940	-61.80480	LAX_LV_EPICARDIAL	9	1.0	1
44.28756	-22.59084	-64.60759	LAX_LV_EPICARDIAL	9	1.0	1
44.39765	-22.52053	-67.41705	LAX_LV_EPICARDIAL	9	1.0	1
45.38161	-23.55197	-70.21985	LAX_LV_EPICARDIAL	9	1.0	1
45.49170	-23.48167	-73.02931	LAX_LV_EPICARDIAL	9	1.0	1
45.60179	-23.41137	-75.83878	LAX_LV_EPICARDIAL	9	1.0	1
45.71188	-23.34106	-78.64824	LAX_LV_EPICARDIAL	9	1.0	1
45.82196	-23.27076	-81.45771	LAX_LV_EPICARDIAL	9	1.0	1
45.93205	-23.20045	-84.26717	LAX_LV_EPICARDIAL	9	1.0	1
46.04214	-23.13015	-87.07664	LAX_LV_EPICARDIAL	9	1.0	1
45.27836	-21.95810	-89.89278	LAX_LV_EPICARDIAL	9	1.0	1
45.38845	-21.88780	-92.70224	LAX_LV_EPICARDIAL	9	1.0	1
44.62466	-20.71575	-95.51838	LAX_LV_EPICARDIAL	9	1.0	1
43.86088	-19.54371	-98.33452	LAX_LV_EPICARDIAL	9	1.0	1
43.09710	-18.37166	-101.15066	LAX_LV_EPICARDIAL	9	1.0	1
41.45944	-16.09787	-103.97347	LAX_LV_EPICARDIAL	9	1.0	1
39.71169	-13.89438	-103.98681	LAX_LV_EPICARDIAL	9	1.0	1
37.96395	-11.69089	-104.00016	LAX_LV_EPICARDIAL	9	1.0	1
36.21620	-9.48741	-104.01351	LAX_LV_EPICARDIAL	9	1.0	1
34.46845	-7.28392	-104.02685	LAX_LV_EPICARDIAL	9	1.0	1
32.66566	-5.11558	-102.63546	LAX_LV_EPICARDIAL	9	1.0	1
30.86287	-2.94725	-101.24408	LAX_LV_EPICARDIAL	9	1.0	1
29.06008	-0.77892	-99.85269	LAX_LV_EPICARDIAL	9	1.0	1
27.31233	1.42457	-99.86604	LAX_LV_EPICARDIAL	9	1.0	1
25.50954	3.59291	-98.47465	LAX_LV_EPICARDIAL	9	1.0	1
23.70675	5.76124	-97.08326	LAX_LV_EPICARDIAL	9	1.0	1
21.90396	7.92958	-95.69188	LAX_LV_EPICARDIAL	9	1.0	1
20.15621	10.13306	-95.70522	LAX_LV_EPICARDIAL	9	1.0	1
18.35342	12.30140	-94.31384	LAX_LV_EPICARDIAL	9	1.0	1
16.55063	14.46973	-92.92245	LAX_LV_EPICARDIAL	9	1.0	1
14.74784	16.63807	-91.53106	LAX_LV_EPICARDIAL	9	1.0	1
12.94505	18.80640	-90.13967	LAX_LV_EPICARDIAL	9	1.0	1
11.14226	20.97474	-88.74829	LAX_LV_EPICARDIAL	9	1.0	1
9.33947	23.14307	-87.35690	LAX_LV_EPICARDIAL	9	1.0	1
7.59172	25.34656	-87.37025	LAX_LV_EPICARDIAL	9	1.0	1
5.78893	27.51490	-85.97886	LAX_LV_EPICARDIAL	9	1.0	1
3.98614	29.68323	-84.58747	LAX_LV_EPICARDIAL	9	1.0	1
2.12830	31.81641	-81.79135	LAX_LV_EPICARDIAL	9	1.0	1
0.32551	33.98475	-80.39997	LAX_LV_EPICARDIAL	9	1.0	1
-1.47728	36.15308	-79.00858	LAX_LV_EPICARDIAL	9	1.0	1
-3.28007	38.32142	-77.61719	LAX_LV_EPICARDIAL	9	1.0	1
-5.13791	40.45460	-74.82107	LAX_LV_EPICARDIAL	9	1.0	1
-6.99574	42.58778	-72.02495	LAX_LV_EPICARDIAL	9	1.0	1
-7.97971	43.61922	-69.22216	LAX_LV_EPICARDIAL	9	1.0	1
-8.96367	44.65066	-66.41937	LAX_LV_EPICARDIAL	9	1.0	1
-9.94763	45.68210	-63.61658	LAX_LV_EPICARDIAL	9	1.0	1
-10.05772	45.61180	-60.80711	LAX_LV_EPICARDIAL	9	1.0	1
-10.16781	45.54150	-57.99765	LAX_LV_EPICARDIAL	9	1.0	1
-9.40403	44.36945	-55.18151	LAX_LV_EPICARDIAL	9	1.0	1
5.71336	22.48722	-17.12694	LAX_LV_EPICARDIAL	9	1.0	1
5.60327	22.41692	-14.31748	LAX_LV_EPICARDIAL	9	1.0	1
7.29598	20.17828	-12.89940	LAX_LV_EPICARDIAL	9	1.0	1
9.04372	17.97479	-12.88605	LAX_LV_EPICARDIAL	9	1.0	1
10.73643	15.73615	-11.46797	LAX_LV_EPICARDIAL	9	1.0	1
12.48417	13.53267	-11.45463	LAX_LV_EPICARDIAL	9	1.0	1
4.02066	24.72586	-18.54502	MITRAL_VALVE	9	1.0	1
-6.89249	40.99391	-52.35202	MITRAL_VALVE	9	1.0	1
-34.08976	-7.80505	2.72717	LAX_RV_FREEWALL	8	1.0	1.0
-33.74565	-10.52195	1.18194	LAX_RV_FREEWALL	8	1.0	1.0
-32.49959	-13.23885	-1.44220	LAX_RV_FREEWALL	8	1.0	1.0
-30.97462	-14.59730	-3.83318	LAX_RV_FREEWALL	8	1.0	1.0
-29.44965	-15.95575	-6.22416	LAX_RV_FREEWALL	8	1.0	1.0
-27.92468	-17.31420	-8.61514	LAX_RV_FREEWALL	8	1.0	1.0
-26.39972	-18.67265	-11.00612	LAX_RV_FREEWALL	8	1.0	1.0
-24.87475	-20.03110	-13.39710	LAX_RV_FREEWALL	8	1.0	1.0
-23.34978	-21.38955	-15.78808	LAX_RV_FREEWALL	8	1.0	1.0
-21.82481	-22.74800	-18.17906	LAX_RV_FREEWALL	8	1.0	1.0
-20.02093	-22.74800	-20.33687	LAX_RV_FREEWALL	8	1.0	1.0
-18.49596	-24.10645	-22.72785	LAX_RV_FREEWALL	8	1.0	1.0
-16.69208	-24.10645	-24.88567	LAX_RV_FREEWALL	8	1.0	1.0
-14.88820	-24.10646	-27.04349	LAX_RV_FREEWALL	8	1.0	1.0
-13.08432	-24.10646	-29.20131	LAX_RV_FREEWALL	8	1.0	1.0
-11.28044	-24.10646	-31.35912	LAX_RV_FREEWALL	8	1.0	1.0
-9.19764	-22.74801	-33.28378	LAX_RV_FREEWALL	8	1.0	1.0
-7.39376	-22.74801	-35.44160	LAX_RV_FREEWALL	8	1.0	1.0
-5.86879	-24.10646	-37.83258	LAX_RV_FREEWALL	8	1.0	1.0
-4.06491	-24.10647	-39.99039	LAX_RV_FREEWALL	8	1.0	1.0
-2.26103	-24.10647	-42.14821	LAX_RV_FREEWALL	8	1.0	1.0
-0.45715	-24.10647	-44.30603	LAX_RV_FREEWALL	8	1.0	1.0
1.34673	-24.10647	-46.46385	LAX_RV_FREEWALL	8	1.0	1.0
3.15061	-24.10647	-48.62166	LAX_RV_FREEWALL	8	1.0	1.0
-14.31227	-3.72972	-19.23043	LAX_RV_FREEWALL	8	1.0	1.0
-15.83724	-2.37127	-16.83945	LAX_RV_FREEWALL	8	1.0	1.0
-17.64112	-2.37127	-14.68163	LAX_RV_FREEWALL	8	1.0	1.0
-19.44500	-2.37127	-12.52381	LAX_RV_FREEWALL	8	1.0	1.0
-20.96997	-1.01282	-10.13283	LAX_RV_FREEWALL	8	1.0	1.0
-22.77385	-1.01282	-7.97501	LAX_RV_FREEWALL	8	1.0	1.0
-24.57773	-1.01281	-5.81720	LAX_RV_FREEWALL	8	1.0	1.0
-26.10270	0.34564	-3.42622	LAX_RV_FREEWALL	8	1.0	1.0
-28.18549	-1.01281	-1.50156	LAX_RV_FREEWALL	8	1.0	1.0
-29.98937	-1.01281	0.65626	LAX_RV_FREEWALL	8	1.0	1.0
-32.35108	-3.72970	2.34775	LAX_RV_FREEWALL	8	1.0	1.0
-33.81085	-6.44660	2.96033	LAX_RV_FREEWALL	8	1.0	1.0
-36.45147	-10.52194	4.41867	LAX_RV_EPICARDIAL	8	1.0	1.0
-35.20541	-13.23884	1.79453	LAX_RV_EPICARDIAL	8	1.0	1.0
-33.95936	-15.95574	-0.82962	LAX_RV_EPICARDIAL	8	1.0	1.0
-32.43439	-17.31419	-3.22060	LAX_RV_EPICARDIAL	8	1.0	1.0
-30.90942	-18.67264	-5.61157	LAX_RV_EPICARDIAL	8	1.0	1.0
-29.38445	-20.03109	-8.00255	LAX_RV_EPICARDIAL	8	1.0	1.0
-27.85948	-21.38955	-10.39353	LAX_RV_EPICARDIAL	8	1.0	1.0
-26.61343	-24.10644	-13.01767	LAX_RV_EPICARDIAL	8	1.0	1.0
-25.08846	-25.46490	-15.40865	LAX_RV_EPICARDIAL	8	1.0	1.0
-23.28458	-25.46490	-17.56647	LAX_RV_EPICARDIAL	8	1.0	1.0
-21.75961	-26.82335	-19.95745	LAX_RV_EPICARDIAL	8	1.0	1.0
-19.95573	-26.82335	-22.11527	LAX_RV_EPICARDIAL	8	1.0	1.0
-18.43076	-28.18180	-24.50625	LAX_RV_EPICARDIAL	8	1.0	1.0
-16.62688	-28.18180	-26.66407	LAX_RV_EPICARDIAL	8	1.0	1.0
-14.82300	-28.18180	-28.82188	LAX_RV_EPICARDIAL	8	1.0	1.0
-12.74020	-26.82336	-30.74654	LAX_RV_EPICARDIAL	8	1.0	1.0
-10.93632	-26.82336	-32.90436	LAX_RV_EPICARDIAL	8	1.0	1.0
-9.13244	-26.82336	-35.06217	LAX_RV_EPICARDIAL	8	1.0	1.0
-7.32856	-26.82336	-37.21999	LAX_RV_EPICARDIAL	8	1.0	1.0
-5.52468	-26.82336	-39.37781	LAX_RV_EPICARDIAL	8	1.0	1.0
-3.72080	-26.82336	-41.53563	LAX_RV_EPICARDIAL	8	1.0	1.0
-1.91691	-26.82337	-43.69344	LAX_RV_EPICARDIAL	8	1.0	1.0
-0.11303	-26.82337	-45.85126	LAX_RV_EPICARDIAL	8	1.0	1.0
1.69085	-26.82337	-48.00908	LAX_RV_EPICARDIAL	8	1.0	1.0
3.77364	-25.46492	-49.93373	LAX_RV_EPICARDIAL	8	1.0	1.0
5.57752	-25.46492	-52.09155	LAX_RV_EPICARDIAL	8	1.0	1.0
5.85644	-24.10648	-51.85839	LAX_RV_EPICARDIAL	8	1.0	1.0
-15.00050	1.70408	-16.13996	LAX_RV_EPICARDIAL	8	1.0	1.0
-16.80438	1.70408	-13.98214	LAX_RV_EPICARDIAL	8	1.0	1.0
-18.60826	1.70408	-11.82432	LAX_RV_EPICARDIAL	8	1.0	1.0
-20.41214	1.70408	-9.66651	LAX_RV_EPICARDIAL	8	1.0	1.0
-22.21602	1.70408	-7.50869	LAX_RV_EPICARDIAL	8	1.0	1.0
-23.74099	3.06253	-5.11771	LAX_RV_EPICARDIAL	8	1.0	1.0
-25.54487	3.06253	-2.95989	LAX_RV_EPICARDIAL	8	1.0	1.0
-27.62767	1.70409	-1.03524	LAX_RV_EPICARDIAL	8	1.0	1.0
-29.71046	0.34564	0.88942	LAX_RV_EPICARDIAL	8	1.0	1.0
-31.79326	-1.01281	2.81407	LAX_RV_EPICARDIAL	8	1.0	1.0
-33.87605	-2.37125	4.73873	LAX_RV_EPICARDIAL	8	1.0	1.0
-35.33582	-5.08815	5.35131	LAX_RV_EPICARDIAL	8	1.0	1.0
-35.89364	-7.80505	4.88499	LAX_RV_EPICARDIAL	8	1.0	1.0
4.95450	-24.10648	-50.77948	LAX_RV_SEPTUM	8	1.0	1.0
5.23341	-22.74803	-50.54632	LAX_RV_SEPTUM	8	1.0	1.0
3.70844	-21.38958	-48.15534	LAX_RV_SEPTUM	8	1.0	1.0
2.18347	-20.03113	-45.76436	LAX_RV_SEPTUM	8	1.0	1.0
0.65850	-18.67267	-43.37338	LAX_RV_SEPTUM	8	1.0	1.0
-0.86647	-17.31422	-40.98240	LAX_RV_SEPTUM	8	1.0	1.0
-2.39143	-15.95577	-38.59142	LAX_RV_SEPTUM	8	1.0	1.0
-3.63749	-13.23887	-35.96728	LAX_RV_SEPTUM	8	1.0	1.0
-5.16246	-11.88042	-33.57630	LAX_RV_SEPTUM	8	1.0	1.0
-6.68743	-10.52197	-31.18532	LAX_RV_SEPTUM	8	1.0	1.0
-7.93348	-7.80507	-28.56118	LAX_RV_SEPTUM	8	1.0	1.0
-9.45845	-6.44662	-26.17020	LAX_RV_SEPTUM	8	1.0	1.0
-10.98342	-5.08817	-23.77922	LAX_RV_SEPTUM	8	1.0	1.0
-12.50839	-3.72972	-21.38824	LAX_RV_SEPTUM	8	1.0	1.0
-12.85250	-1.01282	-19.84301	LAX_LV_EPICARDIAL	8	1.0	1.0
7.66032	-24.10648	-54.01621	LAX_LV_EPICARDIAL	8	1.0	1.0
9.46420	-24.10648	-56.17402	LAX_LV_EPICARDIAL	8	1.0	1.0
10.98917	-25.46493	-58.56500	LAX_LV_EPICARDIAL	8	1.0	1.0
12.79305	-25.46493	-60.72282	LAX_LV_EPICARDIAL	8	1.0	1.0
14.59693	-25.46493	-62.88064	LAX_LV_EPICARDIAL	8	1.0	1.0
16.12190	-26.82338	-65.27162	LAX_LV_EPICARDIAL	8	1.0	1.0
17.92578	-26.82339	-67.42944	LAX_LV_EPICARDIAL	8	1.0	1.0
19.45075	-28.18184	-69.82042	LAX_LV_EPICARDIAL	8	1.0	1.0
21.25463	-28.18184	-71.97823	LAX_LV_EPICARDIAL	8	1.0	1.0
23.05851	-28.18184	-74.13605	LAX_LV_EPICARDIAL	8	1.0	1.0
24.58348	-29.54029	-76.52703	LAX_LV_EPICARDIAL	8	1.0	1.0
26.38736	-29.54029	-78.68485	LAX_LV_EPICARDIAL	8	1.0	1.0
28.19124	-29.54029	-80.84266	LAX_LV_EPICARDIAL	8	1.0	1.0
30.27403	-28.18185	-82.76732	LAX_LV_EPICARDIAL	8	1.0	1.0
32.07792	-28.18185	-84.92514	LAX_LV_EPICARDIAL	8	1.0	1.0
33.88180	-28.18185	-87.08296	LAX_LV_EPICARDIAL	8	1.0	1.0
35.96459	-26.82340	-89.00761	LAX_LV_EPICARDIAL	8	1.0	1.0
38.04739	-25.46496	-90.93227	LAX_LV_EPICARDIAL	8	1.0	1.0
40.13018	-24.10651	-92.85692	LAX_LV_EPICARDIAL	8	1.0	1.0
41.31103	-22.74806	-93.70267	LAX_LV_EPICARDIAL	8	1.0	1.0
42.77080	-20.03116	-94.31525	LAX_LV_EPICARDIAL	8	1.0	1.0
44.23057	-17.31427	-94.92784	LAX_LV_EPICARDIAL	8	1.0	1.0
45.69033	-14.59737	-95.54042	LAX_LV_EPICARDIAL	8	1.0	1.0
46.24816	-11.88047	-95.07410	LAX_LV_EPICARDIAL	8	1.0	1.0
46.80598	-9.16358	-94.60778	LAX_LV_EPICARDIAL	8	1.0	1.0
47.36381	-6.44668	-94.14145	LAX_LV_EPICARDIAL	8	1.0	1.0
47.01969	-3.72978	-92.59622	LAX_LV_EPICARDIAL	8	1.0	1.0
46.67558	-1.01288	-91.05099	LAX_LV_EPICARDIAL	8	1.0	1.0
46.33146	1.70402	-89.50576	LAX_LV_EPICARDIAL	8	1.0	1.0
45.98735	4.42091	-87.96052	LAX_LV_EPICARDIAL	8	1.0	1.0
45.64323	7.13781	-86.41529	LAX_LV_EPICARDIAL	8	1.0	1.0
46.20106	9.85471	-85.94897	LAX_LV_EPICARDIAL	8	1.0	1.0
45.85694	12.57161	-84.40373	LAX_LV_EPICARDIAL	8	1.0	1.0
45.51283	15.28851	-82.85850	LAX_LV_EPICARDIAL	8	1.0	1.0
44.26677	18.00541	-80.23436	LAX_LV_EPICARDIAL	8	1.0	1.0
43.92266	20.72230	-78.68913	LAX_LV_EPICARDIAL	8	1.0	1.0
43.57854	23.43920	-77.14390	LAX_LV_EPICARDIAL	8	1.0	1.0
43.23443	26.15610	-75.59866	LAX_LV_EPICARDIAL	8	1.0	1.0
42.89031	28.87300	-74.05343	LAX_LV_EPICARDIAL	8	1.0	1.0
41.64426	31.58990	-71.42929	LAX_LV_EPICARDIAL	8	1.0	1.0
41.30014	34.30680	-69.88406	LAX_LV_EPICARDIAL	8	1.0	1.0
40.05409	37.02370	-67.25992	LAX_LV_EPICARDIAL	8	1.0	1.0
39.70997	39.74060	-65.71468	LAX_LV_EPICARDIAL	8	1.0	1.0
38.46392	42.45749	-63.09054	LAX_LV_EPICARDIAL	8	1.0	1.0
37.21786	45.17439	-60.46640	LAX_LV_EPICARDIAL	8	1.0	1.0
35.69289	46.53284	-58.07542	LAX_LV_EPICARDIAL	8	1.0	1.0
34.16792	47.89129	-55.68444	LAX_LV_EPICARDIAL	8	1.0	1.0
32.64296	49.24975	-53.29346	LAX_LV_EPICARDIAL	8	1.0	1.0
31.11799	50.60820	-50.90248	LAX_LV_EPICARDIAL	8	1.0	1.0
29.59302	51.96665	-48.51150	LAX_LV_EPICARDIAL	8	1.0	1.0
28.06805	53.32510	-46.12052	LAX_LV_EPICARDIAL	8	1.0	1.0
26.54308	54.68355	-43.72954	LAX_LV_EPICARDIAL	8	1.0	1.0
24.73920	54.68355	-41.57173	LAX_LV_EPICARDIAL	8	1.0	1.0
22.93532	54.68355	-39.41391	LAX_LV_EPICARDIAL	8	1.0	1.0
21.13144	54.68355	-37.25609	LAX_LV_EPICARDIAL	8	1.0	1.0
19.32756	54.68355	-35.09827	LAX_LV_EPICARDIAL	8	1.0	1.0
17.24476	53.32511	-33.17362	LAX_LV_EPICARDIAL	8	1.0	1.0
15.16197	51.96666	-31.24896	LAX_LV_EPICARDIAL	8	1.0	1.0
13.70220	49.24976	-30.63638	LAX_LV_EPICARDIAL	8	1.0	1.0
-4.84734	24.79770	-18.64966	LAX_LV_EPICARDIAL	8	1.0	1.0
-6.65122	24.79770	-16.49184	LAX_LV_EPICARDIAL	8	1.0	1.0
-10.83491	4.42097	-19.98927	LAX_LV_ENDOCARDIAL	8	1.0	1.0
-9.03103	4.42097	-22.14709	LAX_LV_ENDOCARDIAL	8	1.0	1.0
-7.22715	4.42097	-24.30491	LAX_LV_ENDOCARDIAL	8	1.0	1.0
-5.42327	4.42096	-26.46272	LAX_LV_ENDOCARDIAL	8	1.0	1.0
-3.61939	4.42096	-28.62054	LAX_LV_ENDOCARDIAL	8	1.0	1.0
-2.09442	3.06251	-31.01152	LAX_LV_ENDOCARDIAL	8	1.0	1.0
-0.56945	1.70406	-33.40250	LAX_LV_ENDOCARDIAL	8	1.0	1.0
0.67661	-1.01284	-36.02664	LAX_LV_ENDOCARDIAL	8	1.0	1.0
1.92266	-3.72974	-38.65078	LAX_LV_ENDOCARDIAL	8	1.0	1.0
3.16872	-6.44664	-41.27492	LAX_LV_ENDOCARDIAL	8	1.0	1.0
4.69369	-7.80509	-43.66590	LAX_LV_ENDOCARDIAL	8	1.0	1.0
6.21865	-9.16354	-46.05688	LAX_LV_ENDOCARDIAL	8	1.0	1.0
7.46471	-11.88044	-48.68102	LAX_LV_ENDOCARDIAL	8	1.0	1.0
8.98968	-13.23889	-51.07200	LAX_LV_ENDOCARDIAL	8	1.0	1.0
10.51465	-14.59734	-53.46298	LAX_LV_ENDOCARDIAL	8	1.0	1.0
12.03962	-15.95579	-55.85396	LAX_LV_ENDOCARDIAL	8	1.0	1.0
13.84350	-15.95579	-58.01178	LAX_LV_ENDOCARDIAL	8	1.0	1.0
15.36847	-17.31424	-60.40276	LAX_LV_ENDOCARDIAL	8	1.0	1.0
17.17235	-17.31424	-62.56058	LAX_LV_ENDOCARDIAL	8	1.0	1.0
18.69732	-18.67269	-64.95156	LAX_LV_ENDOCARDIAL	8	1.0	1.0
20.22228	-20.03114	-67.34254	LAX_LV_ENDOCARDIAL	8	1.0	1.0
22.02616	-20.03114	-69.50035	LAX_LV_ENDOCARDIAL	8	1.0	1.0
23.55113	-21.38960	-71.89133	LAX_LV_ENDOCARDIAL	8	1.0	1.0
25.07610	-22.74805	-74.28231	LAX_LV_ENDOCARDIAL	8	1.0	1.0
26.87998	-22.74805	-76.44013	LAX_LV_ENDOCARDIAL	8	1.0	1.0
28.68386	-22.74805	-78.59795	LAX_LV_ENDOCARDIAL	8	1.0	1.0
30.48775	-22.74805	-80.75576	LAX_LV_ENDOCARDIAL	8	1.0	1.0
32.29163	-22.74805	-82.91358	LAX_LV_ENDOCARDIAL	8	1.0	1.0
34.09551	-22.74805	-85.07140	LAX_LV_ENDOCARDIAL	8	1.0	1.0
35.89939	-22.74806	-87.22922	LAX_LV_ENDOCARDIAL	8	1.0	1.0
37.70327	-22.74806	-89.38703	LAX_LV_ENDOCARDIAL	8	1.0	1.0
39.78606	-21.38961	-91.31169	LAX_LV_ENDOCARDIAL	8	1.0	1.0
41.24583	-18.67271	-91.92427	LAX_LV_ENDOCARDIAL	8	1.0	1.0
42.70560	-15.95582	-92.53686	LAX_LV_ENDOCARDIAL	8	1.0	1.0
43.26342	-13.23892	-92.07054	LAX_LV_ENDOCARDIAL	8	1.0	1.0
43.82125	-10.52202	-91.60421	LAX_LV_ENDOCARDIAL	8	1.0	1.0
43.47713	-7.80512	-90.05898	LAX_LV_ENDOCARDIAL	8	1.0	1.0
43.13302	-5.08823	-88.51375	LAX_LV_ENDOCARDIAL	8	1.0	1.0
42.78890	-2.37133	-86.96851	LAX_LV_ENDOCARDIAL	8	1.0	1.0
42.44479	0.34557	-85.42328	LAX_LV_ENDOCARDIAL	8	1.0	1.0
42.10067	3.06247	-83.87805	LAX_LV_ENDOCARDIAL	8	1.0	1.0
41.75656	5.77937	-82.33282	LAX_LV_ENDOCARDIAL	8	1.0	1.0
41.41244	8.49627	-80.78758	LAX_LV_ENDOCARDIAL	8	1.0	1.0
41.06833	11.21316	-79.24235	LAX_LV_ENDOCARDIAL	8	1.0	1.0
40.72421	13.93006	-77.69712	LAX_LV_ENDOCARDIAL	8	1.0	1.0
40.38010	16.64696	-76.15189	LAX_LV_ENDOCARDIAL	8	1.0	1.0
40.03598	19.36386	-74.60665	LAX_LV_ENDOCARDIAL	8	1.0	1.0
39.69187	22.08076	-73.06142	LAX_LV_ENDOCARDIAL	8	1.0	1.0
39.34775	24.79766	-71.51619	LAX_LV_ENDOCARDIAL	8	1.0	1.0
38.10170	27.51456	-68.89205	LAX_LV_ENDOCARDIAL	8	1.0	1.0
36.85564	30.23145	-66.26791	LAX_LV_ENDOCARDIAL	8	1.0	1.0
35.60959	32.94835	-63.64377	LAX_LV_ENDOCARDIAL	8	1.0	1.0
34.36353	35.66525	-61.01962	LAX_LV_ENDOCARDIAL	8	1.0	1.0
33.11748	38.38215	-58.39548	LAX_LV_ENDOCARDIAL	8	1.0	1.0
31.59251	39.74060	-56.00450	LAX_LV_ENDOCARDIAL	8	1.0	1.0
30.06754	41.09905	-53.61352	LAX_LV_ENDOCARDIAL	8	1.0	1.0
28.54257	42.45750	-51.22254	LAX_LV_ENDOCARDIAL	8	1.0	1.0
27.01760	43.81595	-48.83157	LAX_LV_ENDOCARDIAL	8	1.0	1.0
25.49263	45.17441	-46.44059	LAX_LV_ENDOCARDIAL	8	1.0	1.0
24.24658	47.89130	-43.81645	LAX_LV_ENDOCARDIAL	8	1.0	1.0
22.72161	49.24975	-41.42547	LAX_LV_ENDOCARDIAL	8	1.0	1.0
20.91773	49.24976	-39.26765	LAX_LV_ENDOCARDIAL	8	1.0	1.0
18.83493	47.89131	-37.34299	LAX_LV_ENDOCARDIAL	8	1.0	1.0
16.75214	46.53286	-35.41834	LAX_LV_ENDOCARDIAL	8	1.0	1.0
-3.94540	24.79770	-19.72857	LAX_LV_ENDOCARDIAL	8	1.0	1.0
-5.74928	24.79770	-17.57075	LAX_LV_ENDOCARDIAL	8	1.0	1.0
-36.45147	-10.52194	4.41867	LAX_RV_EPICARDIAL	8	1.0	1.0
-35.20541	-13.23884	1.79453	LAX_RV_EPICARDIAL	8	1.0	1.0
-33.95936	-15.95574	-0.82962	LAX_RV_EPICARDIAL	8	1.0	1.0
-32.43439	-17.31419	-3.22060	LAX_RV_EPICARDIAL	8	1.0	1.0
-30.90942	-18.67264	-5.61157	LAX_RV_EPICARDIAL	8	1.0	1.0
-29.38445	-20.03109	-8.00255	LAX_RV_EPICARDIAL	8	1.0	1.0
-27.85948	-21.38955	-10.39353	LAX_RV_EPICARDIAL	8	1.0	1.0
-26.61343	-24.10644	-13.01767	LAX_RV_EPICARDIAL	8	1.0	1.0
-25.08846	-25.46490	-15.40865	LAX_RV_EPICARDIAL	8	1.0	1.0
-23.28458	-25.46490	-17.56647	LAX_RV_EPICARDIAL	8	1.0	1.0
-21.75961	-26.82335	-19.95745	LAX_RV_EPICARDIAL	8	1.0	1.0
-19.95573	-26.82335	-22.11527	LAX_RV_EPICARDIAL	8	1.0	1.0
-18.43076	-28.18180	-24.50625	LAX_RV_EPICARDIAL	8	1.0	1.0
-16.62688	-28.18180	-26.66407	LAX_RV_EPICARDIAL	8	1.0	1.0
-14.82300	-28.18180	-28.82188	LAX_RV_EPICARDIAL	8	1.0	1.0
-12.74020	-26.82336	-30.74654	LAX_RV_EPICARDIAL	8	1.0	1.0
-10.93632	-26.82336	-32.90436	LAX_RV_EPICARDIAL	8	1.0	1.0
-9.13244	-26.82336	-35.06217	LAX_RV_EPICARDIAL	8	1.0	1.0
-7.32856	-26.82336	-37.21999	LAX_RV_EPICARDIAL	8	1.0	1.0
-5.52468	-26.82336	-39.37781	LAX_RV_EPICARDIAL	8	1.0	1.0
-3.72080	-26.82336	-41.53563	LAX_RV_EPICARDIAL	8	1.0	1.0
-1.91691	-26.82337	-43.69344	LAX_RV_EPICARDIAL	8	1.0	1.0
-0.11303	-26.82337	-45.85126	LAX_RV_EPICARDIAL	8	1.0	1.0
1.69085	-26.82337	-48.00908	LAX_RV_EPICARDIAL	8	1.0	1.0
3.77364	-25.46492	-49.93373	LAX_RV_EPICARDIAL	8	1.0	1.0
5.57752	-25.46492	-52.09155	LAX_RV_EPICARDIAL	8	1.0	1.0
5.85644	-24.10648	-51.85839	LAX_RV_EPICARDIAL	8	1.0	1.0
-15.00050	1.70408	-16.13996	LAX_RV_EPICARDIAL	8	1.0	1.0
-16.80438	1.70408	-13.98214	LAX_RV_EPICARDIAL	8	1.0	1.0
-18.60826	1.70408	-11.82432	LAX_RV_EPICARDIAL	8	1.0	1.0
-20.41214	1.70408	-9.66651	LAX_RV_EPICARDIAL	8	1.0	1.0
-22.21602	1.70408	-7.50869	LAX_RV_EPICARDIAL	8	1.0	1.0
-23.74099	3.06253	-5.11771	LAX_RV_EPICARDIAL	8	1.0	1.0
-25.54487	3.06253	-2.95989	LAX_RV_EPICARDIAL	8	1.0	1.0
-27.62767	1.70409	-1.03524	LAX_RV_EPICARDIAL	8	1.0	1.0
-29.71046	0.34564	0.88942	LAX_RV_EPICARDIAL	8	1.0	1.0
-31.79326	-1.01281	2.81407	LAX_RV_EPICARDIAL	8	1.0	1.0
-33.87605	-2.37125	4.73873	LAX_RV_EPICARDIAL	8	1.0	1.0
-35.33582	-5.08815	5.35131	LAX_RV_EPICARDIAL	8	1.0	1.0
-35.89364	-7.80505	4.88499	LAX_RV_EPICARDIAL	8	1.0	1.0
14.39043	43.81597	-33.72684	MITRAL_VALVE	8	1.0	1.0
-1.58369	27.51459	-21.42006	MITRAL_VALVE	8	1.0	1.0
-9.01293	22.08080	-14.80035	AORTA_VALVE	8	1.0	1.0
-12.35988	5.77942	-17.59829	AORTA_VALVE	8	1.0	1.0
-69.46848	10.29410	-65.07378	LAX_RV_FREEWALL	7	1.0	1
-70.64674	8.69281	-67.51001	LAX_RV_FREEWALL	7	1.0	1
-70.42523	7.09152	-69.81152	LAX_RV_FREEWALL	7	1.0	1
-68.80394	5.49023	-71.97831	LAX_RV_FREEWALL	7	1.0	1
-67.18264	3.88894	-74.14510	LAX_RV_FREEWALL	7	1.0	1
-65.56135	2.28765	-76.31188	LAX_RV_FREEWALL	7	1.0	1
-63.94005	0.68636	-78.47867	LAX_RV_FREEWALL	7	1.0	1
-62.31876	-0.91494	-80.64545	LAX_RV_FREEWALL	7	1.0	1
-60.69746	-2.51623	-82.81224	LAX_RV_FREEWALL	7	1.0	1
-59.07617	-4.11752	-84.97903	LAX_RV_FREEWALL	7	1.0	1
-57.45488	-5.71881	-87.14581	LAX_RV_FREEWALL	7	1.0	1
-54.43380	-7.32010	-89.17787	LAX_RV_FREEWALL	7	1.0	1
-52.81251	-8.92139	-91.34466	LAX_RV_FREEWALL	7	1.0	1
-49.79143	-10.52269	-93.37672	LAX_RV_FREEWALL	7	1.0	1
-46.77035	-12.12398	-95.40878	LAX_RV_FREEWALL	7	1.0	1
-43.86004	-12.92462	-96.29009	LAX_RV_FREEWALL	7	1.0	1
-40.94972	-13.72527	-97.17140	LAX_RV_FREEWALL	7	1.0	1
-37.92864	-15.32656	-99.20346	LAX_RV_FREEWALL	7	1.0	1
-35.12908	-15.32656	-98.93401	LAX_RV_FREEWALL	7	1.0	1
-32.21876	-16.12721	-99.81531	LAX_RV_FREEWALL	7	1.0	1
-29.30844	-16.92786	-100.69662	LAX_RV_FREEWALL	7	1.0	1
-26.39812	-17.72850	-101.57793	LAX_RV_FREEWALL	7	1.0	1
-23.48780	-18.52915	-102.45923	LAX_RV_FREEWALL	7	1.0	1
-20.68824	-18.52915	-102.18978	LAX_RV_FREEWALL	7	1.0	1
-17.77792	-19.32980	-103.07109	LAX_RV_FREEWALL	7	1.0	1
-14.86760	-20.13044	-103.95240	LAX_RV_FREEWALL	7	1.0	1
-11.95728	-20.93109	-104.83370	LAX_RV_FREEWALL	7	1.0	1
-9.15772	-20.93109	-104.56425	LAX_RV_FREEWALL	7	1.0	1
-6.24740	-21.73174	-105.44556	LAX_RV_FREEWALL	7	1.0	1
-3.44784	-21.73174	-105.17611	LAX_RV_FREEWALL	7	1.0	1
-0.64828	-21.73174	-104.90666	LAX_RV_FREEWALL	7	1.0	1
2.26204	-22.53239	-105.78797	LAX_RV_FREEWALL	7	1.0	1
5.17236	-23.33303	-106.66927	LAX_RV_FREEWALL	7	1.0	1
7.97192	-23.33303	-106.39982	LAX_RV_FREEWALL	7	1.0	1
10.88224	-24.13368	-107.28113	LAX_RV_FREEWALL	7	1.0	1
13.68181	-24.13368	-107.01168	LAX_RV_FREEWALL	7	1.0	1
16.48137	-24.13368	-106.74223	LAX_RV_FREEWALL	7	1.0	1
19.17017	-23.33304	-105.32203	LAX_RV_FREEWALL	7	1.0	1
21.85898	-22.53239	-103.90182	LAX_RV_FREEWALL	7	1.0	1
-65.82291	14.29733	-58.91582	LAX_RV_EPICARDIAL	7	1.0	1
-69.68999	11.89540	-62.77227	LAX_RV_EPICARDIAL	7	1.0	1
-72.37879	11.09475	-64.19247	LAX_RV_EPICARDIAL	7	1.0	1
-75.06760	10.29411	-65.61267	LAX_RV_EPICARDIAL	7	1.0	1
-74.84609	8.69281	-67.91419	LAX_RV_EPICARDIAL	7	1.0	1
-73.22479	7.09152	-70.08097	LAX_RV_EPICARDIAL	7	1.0	1
-73.00328	5.49023	-72.38248	LAX_RV_EPICARDIAL	7	1.0	1
-71.38199	3.88894	-74.54927	LAX_RV_EPICARDIAL	7	1.0	1
-69.76069	2.28765	-76.71606	LAX_RV_EPICARDIAL	7	1.0	1
-68.13940	0.68636	-78.88284	LAX_RV_EPICARDIAL	7	1.0	1
-67.91788	-0.91493	-81.18435	LAX_RV_EPICARDIAL	7	1.0	1
-66.29659	-2.51623	-83.35114	LAX_RV_EPICARDIAL	7	1.0	1
-64.67530	-4.11752	-85.51793	LAX_RV_EPICARDIAL	7	1.0	1
-63.05400	-5.71881	-87.68471	LAX_RV_EPICARDIAL	7	1.0	1
-61.43271	-7.32010	-89.85150	LAX_RV_EPICARDIAL	7	1.0	1
-59.81141	-8.92139	-92.01828	LAX_RV_EPICARDIAL	7	1.0	1
-56.79034	-10.52268	-94.05035	LAX_RV_EPICARDIAL	7	1.0	1
-53.76926	-12.12398	-96.08241	LAX_RV_EPICARDIAL	7	1.0	1
-50.74819	-13.72527	-98.11447	LAX_RV_EPICARDIAL	7	1.0	1
-47.72711	-15.32656	-100.14653	LAX_RV_EPICARDIAL	7	1.0	1
-44.81679	-16.12721	-101.02784	LAX_RV_EPICARDIAL	7	1.0	1
-41.90647	-16.92785	-101.90914	LAX_RV_EPICARDIAL	7	1.0	1
-38.99615	-17.72850	-102.79045	LAX_RV_EPICARDIAL	7	1.0	1
-36.19659	-17.72850	-102.52100	LAX_RV_EPICARDIAL	7	1.0	1
-33.28627	-18.52915	-103.40231	LAX_RV_EPICARDIAL	7	1.0	1
-30.37595	-19.32979	-104.28361	LAX_RV_EPICARDIAL	7	1.0	1
-27.46563	-20.13044	-105.16492	LAX_RV_EPICARDIAL	7	1.0	1
-24.55531	-20.93109	-106.04622	LAX_RV_EPICARDIAL	7	1.0	1
-21.75575	-20.93109	-105.77678	LAX_RV_EPICARDIAL	7	1.0	1
-18.84543	-21.73173	-106.65808	LAX_RV_EPICARDIAL	7	1.0	1
-15.93511	-22.53238	-107.53939	LAX_RV_EPICARDIAL	7	1.0	1
-13.02479	-23.33303	-108.42069	LAX_RV_EPICARDIAL	7	1.0	1
-10.22523	-23.33303	-108.15124	LAX_RV_EPICARDIAL	7	1.0	1
-7.31491	-24.13367	-109.03255	LAX_RV_EPICARDIAL	7	1.0	1
-4.51535	-24.13367	-108.76310	LAX_RV_EPICARDIAL	7	1.0	1
-1.71579	-24.13368	-108.49365	LAX_RV_EPICARDIAL	7	1.0	1
1.08377	-24.13368	-108.22420	LAX_RV_EPICARDIAL	7	1.0	1
3.99409	-24.93432	-109.10551	LAX_RV_EPICARDIAL	7	1.0	1
6.79366	-24.93432	-108.83606	LAX_RV_EPICARDIAL	7	1.0	1
9.59322	-24.93432	-108.56661	LAX_RV_EPICARDIAL	7	1.0	1
12.50354	-25.73497	-109.44792	LAX_RV_EPICARDIAL	7	1.0	1
15.30310	-25.73497	-109.17847	LAX_RV_EPICARDIAL	7	1.0	1
17.99191	-24.93433	-107.75826	LAX_RV_EPICARDIAL	7	1.0	1
20.79147	-24.93433	-107.48881	LAX_RV_EPICARDIAL	7	1.0	1
23.59103	-24.93433	-107.21936	LAX_RV_EPICARDIAL	7	1.0	1
24.76930	-23.33304	-104.78313	LAX_RV_EPICARDIAL	7	1.0	1
21.52671	-20.13045	-100.44956	LAX_RV_EPICARDIAL	7	1.0	1
-28.25033	15.89861	-52.97675	LAX_RV_SEPTUM	7	1.0	1
21.63747	-20.93110	-101.60031	LAX_RV_SEPTUM	7	1.0	1
20.12693	-20.13045	-100.58428	LAX_RV_SEPTUM	7	1.0	1
17.10585	-18.52916	-98.55222	LAX_RV_SEPTUM	7	1.0	1
14.08478	-16.92787	-96.52016	LAX_RV_SEPTUM	7	1.0	1
11.06370	-15.32658	-94.48809	LAX_RV_SEPTUM	7	1.0	1
8.04263	-13.72529	-92.45603	LAX_RV_SEPTUM	7	1.0	1
5.02155	-12.12399	-90.42397	LAX_RV_SEPTUM	7	1.0	1
2.00048	-10.52270	-88.39191	LAX_RV_SEPTUM	7	1.0	1
0.37918	-8.92141	-86.22512	LAX_RV_SEPTUM	7	1.0	1
-2.64189	-7.32012	-84.19306	LAX_RV_SEPTUM	7	1.0	1
-5.66297	-5.71883	-82.16100	LAX_RV_SEPTUM	7	1.0	1
-7.28426	-4.11753	-79.99421	LAX_RV_SEPTUM	7	1.0	1
-8.90556	-2.51624	-77.82743	LAX_RV_SEPTUM	7	1.0	1
-10.52685	-0.91495	-75.66064	LAX_RV_SEPTUM	7	1.0	1
-12.14815	0.68634	-73.49386	LAX_RV_SEPTUM	7	1.0	1
-13.76944	2.28763	-71.32707	LAX_RV_SEPTUM	7	1.0	1
-15.39074	3.88892	-69.16028	LAX_RV_SEPTUM	7	1.0	1
-17.01203	5.49022	-66.99350	LAX_RV_SEPTUM	7	1.0	1
-20.03311	7.09151	-64.96143	LAX_RV_SEPTUM	7	1.0	1
-21.65440	8.69280	-62.79465	LAX_RV_SEPTUM	7	1.0	1
-23.27569	10.29409	-60.62786	LAX_RV_SEPTUM	7	1.0	1
-24.89699	11.89538	-58.46108	LAX_RV_SEPTUM	7	1.0	1
-26.51828	13.49667	-56.29429	LAX_RV_SEPTUM	7	1.0	1
-28.13958	15.09797	-54.12750	LAX_RV_SEPTUM	7	1.0	1
16.01953	39.91797	-13.87345	LAX_LV_EPICARDIAL	7	1.0	1
13.33073	39.11732	-15.29365	LAX_LV_EPICARDIAL	7	1.0	1
-20.00246	27.10765	-35.92310	LAX_LV_EPICARDIAL	7	1.0	1
-22.80202	27.10765	-36.19255	LAX_LV_EPICARDIAL	7	1.0	1
-23.98029	25.50636	-38.62878	LAX_LV_EPICARDIAL	7	1.0	1
-25.15855	23.90507	-41.06502	LAX_LV_EPICARDIAL	7	1.0	1
-26.33682	22.30378	-43.50126	LAX_LV_EPICARDIAL	7	1.0	1
-27.51509	20.70249	-45.93749	LAX_LV_EPICARDIAL	7	1.0	1
-27.29358	19.10119	-48.23900	LAX_LV_EPICARDIAL	7	1.0	1
-27.07207	17.49990	-50.54051	LAX_LV_EPICARDIAL	7	1.0	1
25.94757	-21.73175	-102.34689	LAX_LV_EPICARDIAL	7	1.0	1
28.74713	-21.73175	-102.07744	LAX_LV_EPICARDIAL	7	1.0	1
31.54669	-21.73175	-101.80799	LAX_LV_EPICARDIAL	7	1.0	1
34.34625	-21.73175	-101.53854	LAX_LV_EPICARDIAL	7	1.0	1
37.14582	-21.73175	-101.26909	LAX_LV_EPICARDIAL	7	1.0	1
39.83462	-20.93110	-99.84889	LAX_LV_EPICARDIAL	7	1.0	1
42.41267	-19.32981	-97.27793	LAX_LV_EPICARDIAL	7	1.0	1
44.99072	-17.72852	-94.70697	LAX_LV_EPICARDIAL	7	1.0	1
47.56877	-16.12723	-92.13601	LAX_LV_EPICARDIAL	7	1.0	1
48.74704	-14.52594	-89.69977	LAX_LV_EPICARDIAL	7	1.0	1
49.92531	-12.92465	-87.26354	LAX_LV_EPICARDIAL	7	1.0	1
51.10358	-11.32336	-84.82730	LAX_LV_EPICARDIAL	7	1.0	1
52.28184	-9.72207	-82.39107	LAX_LV_EPICARDIAL	7	1.0	1
53.46011	-8.12078	-79.95483	LAX_LV_EPICARDIAL	7	1.0	1
54.63838	-6.51949	-77.51860	LAX_LV_EPICARDIAL	7	1.0	1
54.41687	-4.91820	-75.21708	LAX_LV_EPICARDIAL	7	1.0	1
55.59514	-3.31691	-72.78085	LAX_LV_EPICARDIAL	7	1.0	1
56.77340	-1.71561	-70.34461	LAX_LV_EPICARDIAL	7	1.0	1
56.55189	-0.11432	-68.04310	LAX_LV_EPICARDIAL	7	1.0	1
56.33038	1.48697	-65.74159	LAX_LV_EPICARDIAL	7	1.0	1
56.10886	3.08826	-63.44008	LAX_LV_EPICARDIAL	7	1.0	1
55.88735	4.68955	-61.13857	LAX_LV_EPICARDIAL	7	1.0	1
55.66584	6.29084	-58.83706	LAX_LV_EPICARDIAL	7	1.0	1
54.04454	7.89213	-56.67027	LAX_LV_EPICARDIAL	7	1.0	1
53.82303	9.49342	-54.36876	LAX_LV_EPICARDIAL	7	1.0	1
53.60152	11.09472	-52.06725	LAX_LV_EPICARDIAL	7	1.0	1
53.38001	12.69601	-49.76574	LAX_LV_EPICARDIAL	7	1.0	1
51.75871	14.29730	-47.59895	LAX_LV_EPICARDIAL	7	1.0	1
51.53720	15.89859	-45.29744	LAX_LV_EPICARDIAL	7	1.0	1
51.31568	17.49988	-42.99593	LAX_LV_EPICARDIAL	7	1.0	1
51.09417	19.10117	-40.69442	LAX_LV_EPICARDIAL	7	1.0	1
49.47288	20.70246	-38.52763	LAX_LV_EPICARDIAL	7	1.0	1
49.25136	22.30375	-36.22612	LAX_LV_EPICARDIAL	7	1.0	1
47.63007	23.90505	-34.05934	LAX_LV_EPICARDIAL	7	1.0	1
46.00878	25.50634	-31.89255	LAX_LV_EPICARDIAL	7	1.0	1
44.38748	27.10763	-29.72576	LAX_LV_EPICARDIAL	7	1.0	1
42.76619	28.70892	-27.55898	LAX_LV_EPICARDIAL	7	1.0	1
41.14489	30.31021	-25.39219	LAX_LV_EPICARDIAL	7	1.0	1
39.52360	31.91150	-23.22541	LAX_LV_EPICARDIAL	7	1.0	1
36.50252	33.51280	-21.19334	LAX_LV_EPICARDIAL	7	1.0	1
34.88123	35.11409	-19.02656	LAX_LV_EPICARDIAL	7	1.0	1
31.86015	36.71538	-16.99450	LAX_LV_EPICARDIAL	7	1.0	1
28.83908	38.31667	-14.96243	LAX_LV_EPICARDIAL	7	1.0	1
25.92876	39.11732	-14.08113	LAX_LV_EPICARDIAL	7	1.0	1
23.01844	39.91797	-13.19982	LAX_LV_EPICARDIAL	7	1.0	1
20.21888	39.91797	-13.46927	LAX_LV_EPICARDIAL	7	1.0	1
17.41931	39.91797	-13.73872	LAX_LV_EPICARDIAL	7	1.0	1
-20.00246	27.10765	-35.92310	LAX_LV_ENDOCARDIAL	7	1.0	1
-19.78094	25.50636	-38.22461	LAX_LV_ENDOCARDIAL	7	1.0	1
-20.95921	23.90507	-40.66085	LAX_LV_ENDOCARDIAL	7	1.0	1
-20.73770	22.30377	-42.96236	LAX_LV_ENDOCARDIAL	7	1.0	1
-20.51618	20.70248	-45.26387	LAX_LV_ENDOCARDIAL	7	1.0	1
-20.29467	19.10119	-47.56538	LAX_LV_ENDOCARDIAL	7	1.0	1
-20.07316	17.49990	-49.86689	LAX_LV_ENDOCARDIAL	7	1.0	1
-19.85165	15.89861	-52.16840	LAX_LV_ENDOCARDIAL	7	1.0	1
-18.23035	14.29732	-54.33519	LAX_LV_ENDOCARDIAL	7	1.0	1
-16.60906	12.69603	-56.50197	LAX_LV_ENDOCARDIAL	7	1.0	1
-13.58798	11.09473	-58.53403	LAX_LV_ENDOCARDIAL	7	1.0	1
-10.56691	9.49344	-60.56610	LAX_LV_ENDOCARDIAL	7	1.0	1
-8.94561	7.89215	-62.73288	LAX_LV_ENDOCARDIAL	7	1.0	1
-5.92454	6.29086	-64.76494	LAX_LV_ENDOCARDIAL	7	1.0	1
-4.30324	4.68957	-66.93173	LAX_LV_ENDOCARDIAL	7	1.0	1
-2.68195	3.08828	-69.09852	LAX_LV_ENDOCARDIAL	7	1.0	1
-1.06065	1.48698	-71.26530	LAX_LV_ENDOCARDIAL	7	1.0	1
0.56064	-0.11431	-73.43209	LAX_LV_ENDOCARDIAL	7	1.0	1
2.18194	-1.71560	-75.59888	LAX_LV_ENDOCARDIAL	7	1.0	1
3.80323	-3.31689	-77.76566	LAX_LV_ENDOCARDIAL	7	1.0	1
6.82431	-4.91818	-79.79772	LAX_LV_ENDOCARDIAL	7	1.0	1
8.44560	-6.51947	-81.96451	LAX_LV_ENDOCARDIAL	7	1.0	1
10.06689	-8.12077	-84.13130	LAX_LV_ENDOCARDIAL	7	1.0	1
13.08797	-9.72206	-86.16336	LAX_LV_ENDOCARDIAL	7	1.0	1
16.10905	-11.32335	-88.19542	LAX_LV_ENDOCARDIAL	7	1.0	1
17.73034	-12.92464	-90.36221	LAX_LV_ENDOCARDIAL	7	1.0	1
20.75141	-14.52593	-92.39427	LAX_LV_ENDOCARDIAL	7	1.0	1
23.77249	-16.12723	-94.42633	LAX_LV_ENDOCARDIAL	7	1.0	1
26.79357	-17.72852	-96.45839	LAX_LV_ENDOCARDIAL	7	1.0	1
29.70389	-18.52916	-97.33970	LAX_LV_ENDOCARDIAL	7	1.0	1
32.61420	-19.32981	-98.22100	LAX_LV_ENDOCARDIAL	7	1.0	1
35.41377	-19.32981	-97.95155	LAX_LV_ENDOCARDIAL	7	1.0	1
38.21333	-19.32981	-97.68210	LAX_LV_ENDOCARDIAL	7	1.0	1
40.79138	-17.72852	-95.11114	LAX_LV_ENDOCARDIAL	7	1.0	1
41.96965	-16.12723	-92.67491	LAX_LV_ENDOCARDIAL	7	1.0	1
43.14791	-14.52594	-90.23867	LAX_LV_ENDOCARDIAL	7	1.0	1
44.32618	-12.92465	-87.80244	LAX_LV_ENDOCARDIAL	7	1.0	1
45.50445	-11.32336	-85.36620	LAX_LV_ENDOCARDIAL	7	1.0	1
45.28294	-9.72207	-83.06469	LAX_LV_ENDOCARDIAL	7	1.0	1
46.46121	-8.12078	-80.62845	LAX_LV_ENDOCARDIAL	7	1.0	1
47.63947	-6.51949	-78.19222	LAX_LV_ENDOCARDIAL	7	1.0	1
47.41796	-4.91819	-75.89071	LAX_LV_ENDOCARDIAL	7	1.0	1
48.59623	-3.31690	-73.45447	LAX_LV_ENDOCARDIAL	7	1.0	1
48.37472	-1.71561	-71.15296	LAX_LV_ENDOCARDIAL	7	1.0	1
48.15320	-0.11432	-68.85145	LAX_LV_ENDOCARDIAL	7	1.0	1
49.33147	1.48697	-66.41522	LAX_LV_ENDOCARDIAL	7	1.0	1
49.10996	3.08826	-64.11370	LAX_LV_ENDOCARDIAL	7	1.0	1
48.88845	4.68955	-61.81219	LAX_LV_ENDOCARDIAL	7	1.0	1
48.66693	6.29084	-59.51068	LAX_LV_ENDOCARDIAL	7	1.0	1
48.44542	7.89213	-57.20917	LAX_LV_ENDOCARDIAL	7	1.0	1
46.82413	9.49343	-55.04239	LAX_LV_ENDOCARDIAL	7	1.0	1
46.60261	11.09472	-52.74087	LAX_LV_ENDOCARDIAL	7	1.0	1
46.38110	12.69601	-50.43936	LAX_LV_ENDOCARDIAL	7	1.0	1
46.15959	14.29730	-48.13785	LAX_LV_ENDOCARDIAL	7	1.0	1
45.93807	15.89859	-45.83634	LAX_LV_ENDOCARDIAL	7	1.0	1
44.31678	17.49988	-43.66956	LAX_LV_ENDOCARDIAL	7	1.0	1
44.09527	19.10117	-41.36804	LAX_LV_ENDOCARDIAL	7	1.0	1
42.47397	20.70247	-39.20126	LAX_LV_ENDOCARDIAL	7	1.0	1
42.25246	22.30376	-36.89975	LAX_LV_ENDOCARDIAL	7	1.0	1
39.23138	23.90505	-34.86769	LAX_LV_ENDOCARDIAL	7	1.0	1
37.61009	25.50634	-32.70090	LAX_LV_ENDOCARDIAL	7	1.0	1
35.98879	27.10763	-30.53411	LAX_LV_ENDOCARDIAL	7	1.0	1
34.36750	28.70892	-28.36733	LAX_LV_ENDOCARDIAL	7	1.0	1
31.34642	30.31022	-26.33526	LAX_LV_ENDOCARDIAL	7	1.0	1
29.72513	31.91151	-24.16848	LAX_LV_ENDOCARDIAL	7	1.0	1
28.10384	33.51280	-22.00169	LAX_LV_ENDOCARDIAL	7	1.0	1
25.19352	34.31345	-21.12039	LAX_LV_ENDOCARDIAL	7	1.0	1
22.28320	35.11409	-20.23908	LAX_LV_ENDOCARDIAL	7	1.0	1
19.37288	35.91474	-19.35777	LAX_LV_ENDOCARDIAL	7	1.0	1
16.46256	36.71538	-18.47647	LAX_LV_ENDOCARDIAL	7	1.0	1
13.66300	36.71539	-18.74592	LAX_LV_ENDOCARDIAL	7	1.0	1
-65.82291	14.29733	-58.91582	LAX_RV_EPICARDIAL	7	1.0	1
-69.68999	11.89540	-62.77227	LAX_RV_EPICARDIAL	7	1.0	1
-72.37879	11.09475	-64.19247	LAX_RV_EPICARDIAL	7	1.0	1
-75.06760	10.29411	-65.61267	LAX_RV_EPICARDIAL	7	1.0	1
-74.84609	8.69281	-67.91419	LAX_RV_EPICARDIAL	7	1.0	1
-73.22479	7.09152	-70.08097	LAX_RV_EPICARDIAL	7	1.0	1
-73.00328	5.49023	-72.38248	LAX_RV_EPICARDIAL	7	1.0	1
-71.38199	3.88894	-74.54927	LAX_RV_EPICARDIAL	7	1.0	1
-69.76069	2.28765	-76.71606	LAX_RV_EPICARDIAL	7	1.0	1
-68.13940	0.68636	-78.88284	LAX_RV_EPICARDIAL	7	1.0	1
-67.91788	-0.91493	-81.18435	LAX_RV_EPICARDIAL	7	1.0	1
-66.29659	-2.51623	-83.35114	LAX_RV_EPICARDIAL	7	1.0	1
-64.67530	-4.11752	-85.51793	LAX_RV_EPICARDIAL	7	1.0	1
-63.05400	-5.71881	-87.68471	LAX_RV_EPICARDIAL	7	1.0	1
-61.43271	-7.32010	-89.85150	LAX_RV_EPICARDIAL	7	1.0	1
-59.81141	-8.92139	-92.01828	LAX_RV_EPICARDIAL	7	1.0	1
-56.79034	-10.52268	-94.05035	LAX_RV_EPICARDIAL	7	1.0	1
-53.76926	-12.12398	-96.08241	LAX_RV_EPICARDIAL	7	1.0	1
-50.74819	-13.72527	-98.11447	LAX_RV_EPICARDIAL	7	1.0	1
-47.72711	-15.32656	-100.14653	LAX_RV_EPICARDIAL	7	1.0	1
-44.81679	-16.12721	-101.02784	LAX_RV_EPICARDIAL	7	1.0	1
-41.90647	-16.92785	-101.90914	LAX_RV_EPICARDIAL	7	1.0	1
-38.99615	-17.72850	-102.79045	LAX_RV_EPICARDIAL	7	1.0	1
-36.19659	-17.72850	-102.52100	LAX_RV_EPICARDIAL	7	1.0	1
-33.28627	-18.52915	-103.40231	LAX_RV_EPICARDIAL	7	1.0	1
-30.37595	-19.32979	-104.28361	LAX_RV_EPICARDIAL	7	1.0	1
-27.46563	-20.13044	-105.16492	LAX_RV_EPICARDIAL	7	1.0	1
-24.55531	-20.93109	-106.04622	LAX_RV_EPICARDIAL	7	1.0	1
-21.75575	-20.93109	-105.77678	LAX_RV_EPICARDIAL	7	1.0	1
-18.84543	-21.73173	-106.65808	LAX_RV_EPICARDIAL	7	1.0	1
-15.93511	-22.53238	-107.53939	LAX_RV_EPICARDIAL	7	1.0	1
-13.02479	-23.33303	-108.42069	LAX_RV_EPICARDIAL	7	1.0	1
-10.22523	-23.33303	-108.15124	LAX_RV_EPICARDIAL	7	1.0	1
-7.31491	-24.13367	-109.03255	LAX_RV_EPICARDIAL	7	1.0	1
-4.51535	-24.13367	-108.76310	LAX_RV_EPICARDIAL	7	1.0	1
-1.71579	-24.13368	-108.49365	LAX_RV_EPICARDIAL	7	1.0	1
1.08377	-24.13368	-108.22420	LAX_RV_EPICARDIAL	7	1.0	1
3.99409	-24.93432	-109.10551	LAX_RV_EPICARDIAL	7	1.0	1
6.79366	-24.93432	-108.83606	LAX_RV_EPICARDIAL	7	1.0	1
9.59322	-24.93432	-108.56661	LAX_RV_EPICARDIAL	7	1.0	1
12.50354	-25.73497	-109.44792	LAX_RV_EPICARDIAL	7	1.0	1
15.30310	-25.73497	-109.17847	LAX_RV_EPICARDIAL	7	1.0	1
17.99191	-24.93433	-107.75826	LAX_RV_EPICARDIAL	7	1.0	1
20.79147	-24.93433	-107.48881	LAX_RV_EPICARDIAL	7	1.0	1
23.59103	-24.93433	-107.21936	LAX_RV_EPICARDIAL	7	1.0	1
24.76930	-23.33304	-104.78313	LAX_RV_EPICARDIAL	7	1.0	1
21.52671	-20.13045	-100.44956	LAX_RV_EPICARDIAL	7	1.0	1
-18.82419	28.70894	-33.48686	MITRAL_VALVE	7	1.0	1
9.35290	37.51603	-17.99934	MITRAL_VALVE	7	1.0	1
-69.80074	12.69604	-61.62151	TRICUSPID_VALVE	7	1.0	1
-28.36109	16.69926	-51.82599	TRICUSPID_VALVE	7	1.0	1
37.14582	-21.73175	-101.26909	APEX_POINT	7	1.0	1
-12.00192	-14.40859	4.39272	LAX_RV_FREEWALL	11	1.0	1
-11.53819	-15.80235	1.61241	LAX_RV_FREEWALL	11	1.0	1
-11.07446	-17.19611	-1.16789	LAX_RV_FREEWALL	11	1.0	1
-10.69615	-17.18623	-3.95481	LAX_RV_FREEWALL	11	1.0	1
-10.23242	-18.57999	-6.73512	LAX_RV_FREEWALL	11	1.0	1
-9.76869	-19.97375	-9.51542	LAX_RV_FREEWALL	11	1.0	1
-9.30497	-21.36751	-12.29572	LAX_RV_FREEWALL	11	1.0	1
-8.92665	-21.35763	-15.08265	LAX_RV_FREEWALL	11	1.0	1
-8.46293	-22.75139	-17.86295	LAX_RV_FREEWALL	11	1.0	1
-8.08461	-22.74151	-20.64987	LAX_RV_FREEWALL	11	1.0	1
-7.62089	-24.13527	-23.43018	LAX_RV_FREEWALL	11	1.0	1
-7.24257	-24.12539	-26.21710	LAX_RV_FREEWALL	11	1.0	1
-6.86426	-24.11551	-29.00402	LAX_RV_FREEWALL	11	1.0	1
-6.48595	-24.10563	-31.79095	LAX_RV_FREEWALL	11	1.0	1
-6.10764	-24.09576	-34.57787	LAX_RV_FREEWALL	11	1.0	1
-5.72932	-24.08588	-37.36479	LAX_RV_FREEWALL	11	1.0	1
-5.35101	-24.07600	-40.15172	LAX_RV_FREEWALL	11	1.0	1
-4.88728	-25.46976	-42.93202	LAX_RV_FREEWALL	11	1.0	1
-4.42356	-26.86352	-45.71232	LAX_RV_FREEWALL	11	1.0	1
-4.04524	-26.85364	-48.49925	LAX_RV_FREEWALL	11	1.0	1
-3.66693	-26.84376	-51.28617	LAX_RV_FREEWALL	11	1.0	1
-3.28862	-26.83388	-54.07309	LAX_RV_FREEWALL	11	1.0	1
-2.82489	-28.22764	-56.85340	LAX_RV_FREEWALL	11	1.0	1
-2.44658	-28.21776	-59.64032	LAX_RV_FREEWALL	11	1.0	1
-2.06827	-28.20788	-62.42724	LAX_RV_FREEWALL	11	1.0	1
-1.68995	-28.19801	-65.21417	LAX_RV_FREEWALL	11	1.0	1
-1.31164	-28.18813	-68.00109	LAX_RV_FREEWALL	11	1.0	1
-0.93333	-28.17825	-70.78801	LAX_RV_FREEWALL	11	1.0	1
-0.55502	-28.16837	-73.57494	LAX_RV_FREEWALL	11	1.0	1
-0.17671	-28.15849	-76.36186	LAX_RV_FREEWALL	11	1.0	1
0.20161	-28.14861	-79.14878	LAX_RV_FREEWALL	11	1.0	1
0.49450	-26.73509	-81.94232	LAX_RV_FREEWALL	11	1.0	1
0.87281	-26.72521	-84.72925	LAX_RV_FREEWALL	11	1.0	1
1.25113	-26.71534	-87.51617	LAX_RV_FREEWALL	11	1.0	1
1.62944	-26.70546	-90.30309	LAX_RV_FREEWALL	11	1.0	1
2.09317	-28.09922	-93.08340	LAX_RV_FREEWALL	11	1.0	1
2.47148	-28.08934	-95.87032	LAX_RV_FREEWALL	11	1.0	1
2.76438	-26.67582	-98.66386	LAX_RV_FREEWALL	11	1.0	1
3.14269	-26.66594	-101.45079	LAX_RV_FREEWALL	11	1.0	1
3.43558	-25.25242	-104.24433	LAX_RV_FREEWALL	11	1.0	1
3.72848	-23.83891	-107.03787	LAX_RV_FREEWALL	11	1.0	1
3.74680	-21.02669	-108.44457	LAX_RV_FREEWALL	11	1.0	1
3.57597	-18.21941	-108.45781	LAX_RV_FREEWALL	11	1.0	1
3.40514	-15.41214	-108.47105	LAX_RV_FREEWALL	11	1.0	1
3.04515	-12.60980	-107.09083	LAX_RV_FREEWALL	11	1.0	1
2.68517	-9.80746	-105.71060	LAX_RV_FREEWALL	11	1.0	1
2.32518	-7.00512	-104.33038	LAX_RV_FREEWALL	11	1.0	1
1.77603	-4.20772	-101.55670	LAX_RV_FREEWALL	11	1.0	1
1.22689	-1.41033	-98.78301	LAX_RV_FREEWALL	11	1.0	1
0.86690	1.39201	-97.40279	LAX_RV_FREEWALL	11	1.0	1
0.40317	2.78577	-94.62248	LAX_RV_FREEWALL	11	1.0	1
-0.14597	5.58317	-91.84880	LAX_RV_FREEWALL	11	1.0	1
-0.60970	6.97693	-89.06850	LAX_RV_FREEWALL	11	1.0	1
-0.62802	4.16471	-87.66180	LAX_RV_FREEWALL	11	1.0	1
-0.45719	1.35744	-87.64856	LAX_RV_SEPTUM	11	1.0	1
-0.47552	-1.45478	-86.24186	LAX_RV_SEPTUM	11	1.0	1
-0.49384	-4.26700	-84.83516	LAX_RV_SEPTUM	11	1.0	1
-0.51216	-7.07921	-83.42846	LAX_RV_SEPTUM	11	1.0	1
-0.71964	-9.89637	-80.62829	LAX_RV_SEPTUM	11	1.0	1
-0.92713	-12.71353	-77.82813	LAX_RV_SEPTUM	11	1.0	1
-1.22002	-14.12704	-75.03459	LAX_RV_SEPTUM	11	1.0	1
-1.59833	-14.13692	-72.24767	LAX_RV_SEPTUM	11	1.0	1
-1.89123	-15.55044	-69.45412	LAX_RV_SEPTUM	11	1.0	1
-2.26954	-15.56032	-66.66720	LAX_RV_SEPTUM	11	1.0	1
-2.56244	-16.97384	-63.87366	LAX_RV_SEPTUM	11	1.0	1
-2.94075	-16.98371	-61.08674	LAX_RV_SEPTUM	11	1.0	1
-3.31906	-16.99359	-58.29981	LAX_RV_SEPTUM	11	1.0	1
-3.69737	-17.00347	-55.51289	LAX_RV_SEPTUM	11	1.0	1
-4.16110	-15.60971	-52.73259	LAX_RV_SEPTUM	11	1.0	1
-4.53942	-15.61959	-49.94566	LAX_RV_SEPTUM	11	1.0	1
-4.91773	-15.62947	-47.15874	LAX_RV_SEPTUM	11	1.0	1
-5.38146	-14.23571	-44.37844	LAX_RV_SEPTUM	11	1.0	1
-5.75977	-14.24559	-41.59151	LAX_RV_SEPTUM	11	1.0	1
-6.22350	-12.85183	-38.81121	LAX_RV_SEPTUM	11	1.0	1
-6.68722	-11.45807	-36.03091	LAX_RV_SEPTUM	11	1.0	1
-7.15095	-10.06431	-33.25060	LAX_RV_SEPTUM	11	1.0	1
-7.61468	-8.67055	-30.47030	LAX_RV_SEPTUM	11	1.0	1
-7.99299	-8.68043	-27.68337	LAX_RV_SEPTUM	11	1.0	1
-8.45672	-7.28667	-24.90307	LAX_RV_SEPTUM	11	1.0	1
-8.92045	-5.89291	-22.12277	LAX_RV_SEPTUM	11	1.0	1
-9.46959	-3.09551	-19.34908	LAX_RV_SEPTUM	11	1.0	1
-9.93332	-1.70175	-16.56878	LAX_RV_SEPTUM	11	1.0	1
-10.39705	-0.30799	-13.78848	LAX_RV_SEPTUM	11	1.0	1
-10.86078	1.08577	-11.00817	LAX_RV_SEPTUM	11	1.0	1
-11.23909	1.07589	-8.22125	LAX_RV_SEPTUM	11	1.0	1
-12.56939	-14.42341	8.57310	LAX_RV_EPICARDIAL	11	1.0	1
-12.02024	-17.22081	5.79942	LAX_RV_EPICARDIAL	11	1.0	1
-11.55651	-18.61457	3.01912	LAX_RV_EPICARDIAL	11	1.0	1
-11.09279	-20.00833	0.23881	LAX_RV_EPICARDIAL	11	1.0	1
-10.62906	-21.40208	-2.54149	LAX_RV_EPICARDIAL	11	1.0	1
-10.25075	-21.39221	-5.32842	LAX_RV_EPICARDIAL	11	1.0	1
-9.78702	-22.78597	-8.10872	LAX_RV_EPICARDIAL	11	1.0	1
-9.32329	-24.17973	-10.88902	LAX_RV_EPICARDIAL	11	1.0	1
-8.94498	-24.16985	-13.67595	LAX_RV_EPICARDIAL	11	1.0	1
-8.48125	-25.56361	-16.45625	LAX_RV_EPICARDIAL	11	1.0	1
-8.01752	-26.95737	-19.23655	LAX_RV_EPICARDIAL	11	1.0	1
-7.63921	-26.94749	-22.02348	LAX_RV_EPICARDIAL	11	1.0	1
-7.26090	-26.93761	-24.81040	LAX_RV_EPICARDIAL	11	1.0	1
-6.88259	-26.92773	-27.59732	LAX_RV_EPICARDIAL	11	1.0	1
-6.50427	-26.91785	-30.38425	LAX_RV_EPICARDIAL	11	1.0	1
-6.12596	-26.90797	-33.17117	LAX_RV_EPICARDIAL	11	1.0	1
-5.74765	-26.89809	-35.95809	LAX_RV_EPICARDIAL	11	1.0	1
-5.36934	-26.88822	-38.74502	LAX_RV_EPICARDIAL	11	1.0	1
-4.90561	-28.28197	-41.52532	LAX_RV_EPICARDIAL	11	1.0	1
-4.52730	-28.27210	-44.31224	LAX_RV_EPICARDIAL	11	1.0	1
-4.06357	-29.66586	-47.09255	LAX_RV_EPICARDIAL	11	1.0	1
-3.68526	-29.65598	-49.87947	LAX_RV_EPICARDIAL	11	1.0	1
-3.30694	-29.64610	-52.66639	LAX_RV_EPICARDIAL	11	1.0	1
-2.84322	-31.03986	-55.44670	LAX_RV_EPICARDIAL	11	1.0	1
-2.46490	-31.02998	-58.23362	LAX_RV_EPICARDIAL	11	1.0	1
-2.08659	-31.02010	-61.02054	LAX_RV_EPICARDIAL	11	1.0	1
-1.70828	-31.01022	-63.80747	LAX_RV_EPICARDIAL	11	1.0	1
-1.32997	-31.00034	-66.59439	LAX_RV_EPICARDIAL	11	1.0	1
-0.95165	-30.99046	-69.38131	LAX_RV_EPICARDIAL	11	1.0	1
-0.57334	-30.98059	-72.16823	LAX_RV_EPICARDIAL	11	1.0	1
-0.19503	-30.97071	-74.95516	LAX_RV_EPICARDIAL	11	1.0	1
0.09787	-29.55719	-77.74870	LAX_RV_EPICARDIAL	11	1.0	1
0.47618	-29.54731	-80.53562	LAX_RV_EPICARDIAL	11	1.0	1
0.85449	-29.53743	-83.32255	LAX_RV_EPICARDIAL	11	1.0	1
1.23280	-29.52755	-86.10947	LAX_RV_EPICARDIAL	11	1.0	1
1.61111	-29.51767	-88.89639	LAX_RV_EPICARDIAL	11	1.0	1
2.07484	-30.91143	-91.67670	LAX_RV_EPICARDIAL	11	1.0	1
2.45315	-30.90155	-94.46362	LAX_RV_EPICARDIAL	11	1.0	1
2.83147	-30.89168	-97.25054	LAX_RV_EPICARDIAL	11	1.0	1
3.12436	-29.47816	-100.04409	LAX_RV_EPICARDIAL	11	1.0	1
3.50268	-29.46828	-102.83101	LAX_RV_EPICARDIAL	11	1.0	1
3.79557	-28.05476	-105.62455	LAX_RV_EPICARDIAL	11	1.0	1
4.08847	-26.64125	-108.41809	LAX_RV_EPICARDIAL	11	1.0	1
4.38136	-25.22773	-111.21164	LAX_RV_EPICARDIAL	11	1.0	1
4.39969	-22.41551	-112.61834	LAX_RV_EPICARDIAL	11	1.0	1
4.22886	-19.60823	-112.63158	LAX_RV_EPICARDIAL	11	1.0	1
4.05803	-16.80096	-112.64481	LAX_RV_EPICARDIAL	11	1.0	1
3.69804	-13.99862	-111.26459	LAX_RV_EPICARDIAL	11	1.0	1
3.52721	-11.19134	-111.27783	LAX_RV_EPICARDIAL	11	1.0	1
3.16722	-8.38900	-109.89761	LAX_RV_EPICARDIAL	11	1.0	1
2.61807	-5.59161	-107.12392	LAX_RV_EPICARDIAL	11	1.0	1
2.25809	-2.78927	-105.74370	LAX_RV_EPICARDIAL	11	1.0	1
1.89810	0.01307	-104.36348	LAX_RV_EPICARDIAL	11	1.0	1
1.34895	2.81047	-101.58979	LAX_RV_EPICARDIAL	11	1.0	1
0.79981	5.60787	-98.81611	LAX_RV_EPICARDIAL	11	1.0	1
0.33608	7.00163	-96.03580	LAX_RV_EPICARDIAL	11	1.0	1
-0.21306	9.79902	-93.26212	LAX_RV_EPICARDIAL	11	1.0	1
-0.48763	11.19772	-91.87528	LAX_RV_EPICARDIAL	11	1.0	1
-0.59137	9.78915	-90.47520	LAX_RV_EPICARDIAL	11	1.0	1
-0.60970	6.97693	-89.06850	LAX_RV_EPICARDIAL	11	1.0	1
-12.74022	-11.61613	8.55986	PULMONARY_VALVE	11	1.0	1
-11.89197	2.46471	-4.04748	PULMONARY_VALVE	11	1.0	1
