x	y	z	contour type	frameID	weight	time frame
-32.16713	-26.38164	-49.26076	SAX_RV_FREEWALL	3	1.0	7
-33.86370	-25.27687	-51.66676	SAX_RV_FREEWALL	3	1.0	7
-36.09139	-25.27688	-53.38361	SAX_RV_FREEWALL	3	1.0	7
-37.78796	-24.17211	-55.78961	SAX_RV_FREEWALL	3	1.0	7
-39.48452	-23.06734	-58.19561	SAX_RV_FREEWALL	3	1.0	7
-41.18109	-21.96258	-60.60162	SAX_RV_FREEWALL	3	1.0	7
-42.87766	-20.85781	-63.00762	SAX_RV_FREEWALL	3	1.0	7
-44.57423	-19.75305	-65.41362	SAX_RV_FREEWALL	3	1.0	7
-45.73967	-17.54351	-68.50878	SAX_RV_FREEWALL	3	1.0	7
-46.90512	-15.33398	-71.60394	SAX_RV_FREEWALL	3	1.0	7
-46.95672	-13.12444	-73.84068	SAX_RV_FREEWALL	3	1.0	7
-45.89448	-10.91491	-75.21899	SAX_RV_FREEWALL	3	1.0	7
-45.94608	-8.70537	-77.45573	SAX_RV_FREEWALL	3	1.0	7
-44.88384	-6.49583	-78.83404	SAX_RV_FREEWALL	3	1.0	7
-42.70775	-4.28630	-79.35393	SAX_RV_FREEWALL	3	1.0	7
-40.53167	-2.07676	-79.87382	SAX_RV_FREEWALL	3	1.0	7
-38.35558	0.13278	-80.39371	SAX_RV_FREEWALL	3	1.0	7
-36.17950	2.34232	-80.91360	SAX_RV_FREEWALL	3	1.0	7
-34.00341	4.55185	-81.43349	SAX_RV_FREEWALL	3	1.0	7
-30.71348	6.76139	-81.09496	SAX_RV_FREEWALL	3	1.0	7
-28.53739	8.97093	-81.61485	SAX_RV_FREEWALL	3	1.0	7
-25.77858	10.07570	-80.58716	SAX_RV_FREEWALL	3	1.0	7
-23.01978	11.18047	-79.55947	SAX_RV_FREEWALL	3	1.0	7
-20.26097	12.28524	-78.53178	SAX_RV_FREEWALL	3	1.0	7
-17.50216	13.39001	-77.50409	SAX_RV_FREEWALL	3	1.0	7
-14.74335	14.49478	-76.47641	SAX_RV_FREEWALL	3	1.0	7
7.67325	-15.33392	-29.54122	SAX_RV_FREEWALL	3	1.0	7
5.49716	-17.54346	-29.02133	SAX_RV_FREEWALL	3	1.0	7
2.73835	-18.64823	-30.04902	SAX_RV_FREEWALL	3	1.0	7
-0.02046	-19.75300	-31.07671	SAX_RV_FREEWALL	3	1.0	7
-2.77927	-20.85777	-32.10440	SAX_RV_FREEWALL	3	1.0	7
-5.53808	-21.96254	-33.13209	SAX_RV_FREEWALL	3	1.0	7
-8.29689	-23.06731	-34.15978	SAX_RV_FREEWALL	3	1.0	7
-11.05570	-24.17208	-35.18746	SAX_RV_FREEWALL	3	1.0	7
-13.81450	-25.27685	-36.21515	SAX_RV_FREEWALL	3	1.0	7
-16.57331	-26.38163	-37.24284	SAX_RV_FREEWALL	3	1.0	7
-18.80100	-26.38163	-38.95969	SAX_RV_FREEWALL	3	1.0	7
-21.02869	-26.38163	-40.67653	SAX_RV_FREEWALL	3	1.0	7
-23.25638	-26.38163	-42.39338	SAX_RV_FREEWALL	3	1.0	7
-25.48407	-26.38163	-44.11022	SAX_RV_FREEWALL	3	1.0	7
-27.71176	-26.38164	-45.82707	SAX_RV_FREEWALL	3	1.0	7
-29.93944	-26.38164	-47.54392	SAX_RV_FREEWALL	3	1.0	7
-30.95008	-30.80071	-43.92887	SAX_RV_EPICARDIAL	3	1.0	7
-32.64665	-29.69594	-46.33487	SAX_RV_EPICARDIAL	3	1.0	7
-34.87434	-29.69595	-48.05171	SAX_RV_EPICARDIAL	3	1.0	7
-36.57091	-28.59118	-50.45772	SAX_RV_EPICARDIAL	3	1.0	7
-38.79860	-28.59118	-52.17456	SAX_RV_EPICARDIAL	3	1.0	7
-40.49516	-27.48642	-54.58056	SAX_RV_EPICARDIAL	3	1.0	7
-42.72285	-27.48642	-56.29741	SAX_RV_EPICARDIAL	3	1.0	7
-44.41942	-26.38165	-58.70341	SAX_RV_EPICARDIAL	3	1.0	7
-46.11599	-25.27689	-61.10941	SAX_RV_EPICARDIAL	3	1.0	7
-47.81255	-24.17212	-63.51542	SAX_RV_EPICARDIAL	3	1.0	7
-48.97800	-21.96259	-66.61058	SAX_RV_EPICARDIAL	3	1.0	7
-50.14345	-19.75305	-69.70574	SAX_RV_EPICARDIAL	3	1.0	7
-51.84002	-18.64829	-72.11174	SAX_RV_EPICARDIAL	3	1.0	7
-50.77777	-16.43875	-73.49005	SAX_RV_EPICARDIAL	3	1.0	7
-49.71553	-14.22921	-74.86836	SAX_RV_EPICARDIAL	3	1.0	7
-49.76713	-12.01968	-77.10510	SAX_RV_EPICARDIAL	3	1.0	7
-48.70489	-9.81014	-78.48341	SAX_RV_EPICARDIAL	3	1.0	7
-47.64265	-7.60060	-79.86173	SAX_RV_EPICARDIAL	3	1.0	7
-46.58041	-5.39107	-81.24004	SAX_RV_EPICARDIAL	3	1.0	7
-45.51817	-3.18153	-82.61835	SAX_RV_EPICARDIAL	3	1.0	7
-43.34208	-0.97199	-83.13825	SAX_RV_EPICARDIAL	3	1.0	7
-41.16599	1.23754	-83.65814	SAX_RV_EPICARDIAL	3	1.0	7
-38.98991	3.44708	-84.17803	SAX_RV_EPICARDIAL	3	1.0	7
-35.69998	5.65662	-83.83949	SAX_RV_EPICARDIAL	3	1.0	7
-33.52389	7.86616	-84.35938	SAX_RV_EPICARDIAL	3	1.0	7
-30.23396	10.07570	-84.02085	SAX_RV_EPICARDIAL	3	1.0	7
-27.47515	11.18047	-82.99316	SAX_RV_EPICARDIAL	3	1.0	7
-24.18522	13.39001	-82.65463	SAX_RV_EPICARDIAL	3	1.0	7
-20.89529	15.59955	-82.31610	SAX_RV_EPICARDIAL	3	1.0	7
-18.13648	16.70432	-81.28841	SAX_RV_EPICARDIAL	3	1.0	7
-15.37767	17.80909	-80.26072	SAX_RV_EPICARDIAL	3	1.0	7
-13.14998	17.80909	-78.54388	SAX_RV_EPICARDIAL	3	1.0	7
-10.39117	18.91386	-77.51619	SAX_RV_EPICARDIAL	3	1.0	7
-11.40181	14.49479	-73.90114	SAX_RV_EPICARDIAL	3	1.0	7
9.84933	-13.12439	-30.06111	SAX_RV_EPICARDIAL	3	1.0	7
12.07702	-13.12438	-28.34427	SAX_RV_EPICARDIAL	3	1.0	7
13.77359	-14.22915	-25.93826	SAX_RV_EPICARDIAL	3	1.0	7
11.59750	-16.43869	-25.41837	SAX_RV_EPICARDIAL	3	1.0	7
8.30757	-18.64823	-25.75691	SAX_RV_EPICARDIAL	3	1.0	7
6.13149	-20.85776	-25.23702	SAX_RV_EPICARDIAL	3	1.0	7
3.37268	-21.96253	-26.26470	SAX_RV_EPICARDIAL	3	1.0	7
0.61387	-23.06730	-27.29239	SAX_RV_EPICARDIAL	3	1.0	7
-2.67606	-25.27684	-27.63093	SAX_RV_EPICARDIAL	3	1.0	7
-5.43487	-26.38161	-28.65861	SAX_RV_EPICARDIAL	3	1.0	7
-8.19368	-27.48638	-29.68630	SAX_RV_EPICARDIAL	3	1.0	7
-10.95249	-28.59116	-30.71399	SAX_RV_EPICARDIAL	3	1.0	7
-13.18018	-28.59116	-32.43084	SAX_RV_EPICARDIAL	3	1.0	7
-15.93899	-29.69593	-33.45853	SAX_RV_EPICARDIAL	3	1.0	7
-18.16668	-29.69593	-35.17537	SAX_RV_EPICARDIAL	3	1.0	7
-20.92549	-30.80070	-36.20306	SAX_RV_EPICARDIAL	3	1.0	7
-23.15317	-30.80070	-37.91991	SAX_RV_EPICARDIAL	3	1.0	7
-25.38086	-30.80070	-39.63675	SAX_RV_EPICARDIAL	3	1.0	7
-27.60855	-30.80071	-41.35360	SAX_RV_EPICARDIAL	3	1.0	7
-29.83624	-30.80071	-43.07044	SAX_RV_EPICARDIAL	3	1.0	7
-13.04678	13.39002	-74.07040	SAX_RV_SEPTUM	3	1.0	7
-12.46406	12.28525	-72.52282	SAX_RV_SEPTUM	3	1.0	7
-12.41245	10.07571	-70.28609	SAX_RV_SEPTUM	3	1.0	7
-12.36085	7.86618	-68.04935	SAX_RV_SEPTUM	3	1.0	7
-12.30925	5.65664	-65.81262	SAX_RV_SEPTUM	3	1.0	7
-12.25765	3.44711	-63.57588	SAX_RV_SEPTUM	3	1.0	7
-12.20604	1.23757	-61.33914	SAX_RV_SEPTUM	3	1.0	7
-12.15444	-0.97196	-59.10241	SAX_RV_SEPTUM	3	1.0	7
-12.10284	-3.18150	-56.86567	SAX_RV_SEPTUM	3	1.0	7
-10.93739	-5.39103	-53.77051	SAX_RV_SEPTUM	3	1.0	7
-9.77195	-7.60057	-50.67535	SAX_RV_SEPTUM	3	1.0	7
-8.60650	-9.81010	-47.58019	SAX_RV_SEPTUM	3	1.0	7
-6.90993	-10.91487	-45.17419	SAX_RV_SEPTUM	3	1.0	7
-5.21337	-12.01963	-42.76819	SAX_RV_SEPTUM	3	1.0	7
-2.98568	-12.01963	-41.05134	SAX_RV_SEPTUM	3	1.0	7
-1.28911	-13.12440	-38.64534	SAX_RV_SEPTUM	3	1.0	7
0.93858	-13.12439	-36.92849	SAX_RV_SEPTUM	3	1.0	7
3.16627	-13.12439	-35.21165	SAX_RV_SEPTUM	3	1.0	7
5.39396	-13.12439	-33.49480	SAX_RV_SEPTUM	3	1.0	7
7.62164	-13.12439	-31.77796	SAX_RV_SEPTUM	3	1.0	7
9.84933	-13.12439	-30.06111	SAX_RV_SEPTUM	3	1.0	7
-8.69461	17.80909	-75.11018	SAX_LV_EPICARDIAL	3	1.0	7
-7.63237	20.01863	-76.48850	SAX_LV_EPICARDIAL	3	1.0	7
-5.45628	22.22817	-77.00839	SAX_LV_EPICARDIAL	3	1.0	7
-3.28019	24.43770	-77.52828	SAX_LV_EPICARDIAL	3	1.0	7
-1.10411	26.64724	-78.04817	SAX_LV_EPICARDIAL	3	1.0	7
1.07198	28.85678	-78.56806	SAX_LV_EPICARDIAL	3	1.0	7
4.36191	31.06632	-78.22953	SAX_LV_EPICARDIAL	3	1.0	7
7.65184	33.27586	-77.89100	SAX_LV_EPICARDIAL	3	1.0	7
10.94177	35.48540	-77.55246	SAX_LV_EPICARDIAL	3	1.0	7
13.70058	36.59017	-76.52478	SAX_LV_EPICARDIAL	3	1.0	7
16.45939	37.69494	-75.49709	SAX_LV_EPICARDIAL	3	1.0	7
19.21820	38.79971	-74.46940	SAX_LV_EPICARDIAL	3	1.0	7
21.97701	39.90448	-73.44171	SAX_LV_EPICARDIAL	3	1.0	7
24.20470	39.90448	-71.72486	SAX_LV_EPICARDIAL	3	1.0	7
26.43238	39.90448	-70.00802	SAX_LV_EPICARDIAL	3	1.0	7
29.19119	41.00925	-68.98033	SAX_LV_EPICARDIAL	3	1.0	7
31.41888	41.00926	-67.26348	SAX_LV_EPICARDIAL	3	1.0	7
33.64657	41.00926	-65.54664	SAX_LV_EPICARDIAL	3	1.0	7
35.87426	41.00926	-63.82979	SAX_LV_EPICARDIAL	3	1.0	7
37.57083	39.90449	-61.42379	SAX_LV_EPICARDIAL	3	1.0	7
39.26739	38.79973	-59.01779	SAX_LV_EPICARDIAL	3	1.0	7
41.49508	38.79973	-57.30094	SAX_LV_EPICARDIAL	3	1.0	7
42.66053	36.59020	-54.20578	SAX_LV_EPICARDIAL	3	1.0	7
44.35710	35.48543	-51.79978	SAX_LV_EPICARDIAL	3	1.0	7
45.52254	33.27590	-48.70462	SAX_LV_EPICARDIAL	3	1.0	7
45.57415	31.06636	-46.46788	SAX_LV_EPICARDIAL	3	1.0	7
46.73959	28.85683	-43.37273	SAX_LV_EPICARDIAL	3	1.0	7
46.79119	26.64729	-41.13599	SAX_LV_EPICARDIAL	3	1.0	7
46.84280	24.43775	-38.89925	SAX_LV_EPICARDIAL	3	1.0	7
45.78055	22.22822	-37.52094	SAX_LV_EPICARDIAL	3	1.0	7
45.83216	20.01868	-35.28420	SAX_LV_EPICARDIAL	3	1.0	7
44.76992	17.80915	-33.90589	SAX_LV_EPICARDIAL	3	1.0	7
43.70767	15.59961	-32.52758	SAX_LV_EPICARDIAL	3	1.0	7
42.64543	13.39007	-31.14926	SAX_LV_EPICARDIAL	3	1.0	7
41.58319	11.18054	-29.77095	SAX_LV_EPICARDIAL	3	1.0	7
40.52095	8.97100	-28.39264	SAX_LV_EPICARDIAL	3	1.0	7
38.34486	6.76146	-27.87275	SAX_LV_EPICARDIAL	3	1.0	7
37.28262	4.55193	-26.49443	SAX_LV_EPICARDIAL	3	1.0	7
35.10653	2.34239	-25.97454	SAX_LV_EPICARDIAL	3	1.0	7
32.93045	0.13285	-25.45465	SAX_LV_EPICARDIAL	3	1.0	7
30.75436	-2.07669	-24.93476	SAX_LV_EPICARDIAL	3	1.0	7
28.57828	-4.28623	-24.41487	SAX_LV_EPICARDIAL	3	1.0	7
25.28835	-6.49576	-24.75340	SAX_LV_EPICARDIAL	3	1.0	7
21.99841	-8.70530	-25.09193	SAX_LV_EPICARDIAL	3	1.0	7
19.23961	-9.81007	-26.11962	SAX_LV_EPICARDIAL	3	1.0	7
16.48080	-10.91484	-27.14731	SAX_LV_EPICARDIAL	3	1.0	7
14.25311	-10.91485	-28.86416	SAX_LV_EPICARDIAL	3	1.0	7
9.59132	-2.07671	-41.24479	SAX_LV_ENDOCARDIAL	3	1.0	7
7.89475	-0.97194	-43.65080	SAX_LV_ENDOCARDIAL	3	1.0	7
6.19819	0.13282	-46.05680	SAX_LV_ENDOCARDIAL	3	1.0	7
3.97050	0.13282	-47.77364	SAX_LV_ENDOCARDIAL	3	1.0	7
2.80505	2.34236	-50.86880	SAX_LV_ENDOCARDIAL	3	1.0	7
1.10848	3.44712	-53.27481	SAX_LV_ENDOCARDIAL	3	1.0	7
-0.05696	5.65666	-56.36996	SAX_LV_ENDOCARDIAL	3	1.0	7
-0.10857	7.86619	-58.60670	SAX_LV_ENDOCARDIAL	3	1.0	7
-0.16017	10.07573	-60.84344	SAX_LV_ENDOCARDIAL	3	1.0	7
-0.21177	12.28526	-63.08017	SAX_LV_ENDOCARDIAL	3	1.0	7
-0.26337	14.49480	-65.31691	SAX_LV_ENDOCARDIAL	3	1.0	7
0.79887	16.70433	-66.69522	SAX_LV_ENDOCARDIAL	3	1.0	7
1.86111	18.91387	-68.07354	SAX_LV_ENDOCARDIAL	3	1.0	7
4.03720	21.12341	-68.59343	SAX_LV_ENDOCARDIAL	3	1.0	7
6.21328	23.33295	-69.11332	SAX_LV_ENDOCARDIAL	3	1.0	7
8.38937	25.54248	-69.63321	SAX_LV_ENDOCARDIAL	3	1.0	7
11.67930	27.75202	-69.29468	SAX_LV_ENDOCARDIAL	3	1.0	7
14.43811	28.85679	-68.26699	SAX_LV_ENDOCARDIAL	3	1.0	7
17.72804	31.06633	-67.92845	SAX_LV_ENDOCARDIAL	3	1.0	7
20.48685	32.17110	-66.90077	SAX_LV_ENDOCARDIAL	3	1.0	7
22.71454	32.17110	-65.18392	SAX_LV_ENDOCARDIAL	3	1.0	7
25.47335	33.27588	-64.15623	SAX_LV_ENDOCARDIAL	3	1.0	7
27.70104	33.27588	-62.43939	SAX_LV_ENDOCARDIAL	3	1.0	7
29.92872	33.27588	-60.72254	SAX_LV_ENDOCARDIAL	3	1.0	7
31.62529	32.17111	-58.31654	SAX_LV_ENDOCARDIAL	3	1.0	7
33.32186	31.06635	-55.91054	SAX_LV_ENDOCARDIAL	3	1.0	7
35.01843	29.96158	-53.50453	SAX_LV_ENDOCARDIAL	3	1.0	7
36.71499	28.85682	-51.09853	SAX_LV_ENDOCARDIAL	3	1.0	7
37.88044	26.64728	-48.00337	SAX_LV_ENDOCARDIAL	3	1.0	7
37.93204	24.43775	-45.76664	SAX_LV_ENDOCARDIAL	3	1.0	7
37.98365	22.22821	-43.52990	SAX_LV_ENDOCARDIAL	3	1.0	7
38.03525	20.01867	-41.29316	SAX_LV_ENDOCARDIAL	3	1.0	7
36.97301	17.80914	-39.91485	SAX_LV_ENDOCARDIAL	3	1.0	7
35.91076	15.59960	-38.53654	SAX_LV_ENDOCARDIAL	3	1.0	7
34.84852	13.39007	-37.15822	SAX_LV_ENDOCARDIAL	3	1.0	7
33.78628	11.18053	-35.77991	SAX_LV_ENDOCARDIAL	3	1.0	7
32.72404	8.97099	-34.40160	SAX_LV_ENDOCARDIAL	3	1.0	7
30.54795	6.76145	-33.88170	SAX_LV_ENDOCARDIAL	3	1.0	7
28.37187	4.55192	-33.36181	SAX_LV_ENDOCARDIAL	3	1.0	7
27.30962	2.34238	-31.98350	SAX_LV_ENDOCARDIAL	3	1.0	7
24.01969	0.13284	-32.32203	SAX_LV_ENDOCARDIAL	3	1.0	7
21.26088	-0.97193	-33.34972	SAX_LV_ENDOCARDIAL	3	1.0	7
18.50208	-2.07670	-34.37741	SAX_LV_ENDOCARDIAL	3	1.0	7
16.27439	-2.07670	-36.09426	SAX_LV_ENDOCARDIAL	3	1.0	7
14.04670	-2.07670	-37.81110	SAX_LV_ENDOCARDIAL	3	1.0	7
11.81901	-2.07671	-39.52795	SAX_LV_ENDOCARDIAL	3	1.0	7
8.38773	-14.89021	-29.43177	RV_INSERT	3	1.0	7
-13.56660	13.56124	-74.64127	RV_INSERT	3	1.0	7
-30.51701	-30.70404	-72.13501	SAX_RV_FREEWALL	4	1.0	7
-31.68245	-28.49451	-75.23017	SAX_RV_FREEWALL	4	1.0	7
-33.37902	-27.38974	-77.63617	SAX_RV_FREEWALL	4	1.0	7
-33.43062	-25.18021	-79.87290	SAX_RV_FREEWALL	4	1.0	7
-34.59607	-22.97067	-82.96806	SAX_RV_FREEWALL	4	1.0	7
-34.64767	-20.76114	-85.20480	SAX_RV_FREEWALL	4	1.0	7
-33.58543	-18.55160	-86.58311	SAX_RV_FREEWALL	4	1.0	7
-32.52319	-16.34206	-87.96143	SAX_RV_FREEWALL	4	1.0	7
-30.34710	-14.13252	-88.48132	SAX_RV_FREEWALL	4	1.0	7
-28.17101	-11.92299	-89.00121	SAX_RV_FREEWALL	4	1.0	7
-25.99493	-9.71345	-89.52110	SAX_RV_FREEWALL	4	1.0	7
-23.81884	-7.50391	-90.04099	SAX_RV_FREEWALL	4	1.0	7
-20.52891	-5.29437	-89.70246	SAX_RV_FREEWALL	4	1.0	7
-17.23898	-3.08483	-89.36393	SAX_RV_FREEWALL	4	1.0	7
-15.06290	-0.87530	-89.88382	SAX_RV_FREEWALL	4	1.0	7
-11.77297	1.33424	-89.54528	SAX_RV_FREEWALL	4	1.0	7
-8.48304	3.54378	-89.20675	SAX_RV_FREEWALL	4	1.0	7
-5.72423	4.64855	-88.17906	SAX_RV_FREEWALL	4	1.0	7
-3.49654	4.64855	-86.46222	SAX_RV_FREEWALL	4	1.0	7
-0.73773	5.75332	-85.43453	SAX_RV_FREEWALL	4	1.0	7
5.50232	-22.97063	-52.06484	SAX_RV_FREEWALL	4	1.0	7
2.74351	-24.07540	-53.09253	SAX_RV_FREEWALL	4	1.0	7
0.51583	-24.07540	-54.80938	SAX_RV_FREEWALL	4	1.0	7
-2.24298	-25.18017	-55.83707	SAX_RV_FREEWALL	4	1.0	7
-4.47067	-25.18018	-57.55391	SAX_RV_FREEWALL	4	1.0	7
-7.22948	-26.28495	-58.58160	SAX_RV_FREEWALL	4	1.0	7
-9.45717	-26.28495	-60.29845	SAX_RV_FREEWALL	4	1.0	7
-12.21598	-27.38972	-61.32614	SAX_RV_FREEWALL	4	1.0	7
-14.97479	-28.49449	-62.35382	SAX_RV_FREEWALL	4	1.0	7
-17.73360	-29.59926	-63.38151	SAX_RV_FREEWALL	4	1.0	7
-20.49241	-30.70403	-64.40920	SAX_RV_FREEWALL	4	1.0	7
-22.72010	-30.70403	-66.12605	SAX_RV_FREEWALL	4	1.0	7
-24.94778	-30.70404	-67.84289	SAX_RV_FREEWALL	4	1.0	7
-27.17547	-30.70404	-69.55974	SAX_RV_FREEWALL	4	1.0	7
-29.40316	-30.70404	-71.27658	SAX_RV_FREEWALL	4	1.0	7
-30.41380	-35.12311	-67.66153	SAX_RV_EPICARDIAL	4	1.0	7
-32.11037	-34.01835	-70.06754	SAX_RV_EPICARDIAL	4	1.0	7
-33.80694	-32.91358	-72.47354	SAX_RV_EPICARDIAL	4	1.0	7
-35.50350	-31.80881	-74.87954	SAX_RV_EPICARDIAL	4	1.0	7
-36.66895	-29.59928	-77.97470	SAX_RV_EPICARDIAL	4	1.0	7
-37.83440	-27.38974	-81.06986	SAX_RV_EPICARDIAL	4	1.0	7
-37.88600	-25.18021	-83.30660	SAX_RV_EPICARDIAL	4	1.0	7
-37.93760	-22.97067	-85.54333	SAX_RV_EPICARDIAL	4	1.0	7
-37.98920	-20.76114	-87.78007	SAX_RV_EPICARDIAL	4	1.0	7
-36.92696	-18.55160	-89.15838	SAX_RV_EPICARDIAL	4	1.0	7
-35.86472	-16.34207	-90.53670	SAX_RV_EPICARDIAL	4	1.0	7
-33.68863	-14.13253	-91.05659	SAX_RV_EPICARDIAL	4	1.0	7
-31.51255	-11.92299	-91.57648	SAX_RV_EPICARDIAL	4	1.0	7
-29.33646	-9.71345	-92.09637	SAX_RV_EPICARDIAL	4	1.0	7
-27.16038	-7.50391	-92.61626	SAX_RV_EPICARDIAL	4	1.0	7
-24.98429	-5.29438	-93.13615	SAX_RV_EPICARDIAL	4	1.0	7
-22.80820	-3.08484	-93.65604	SAX_RV_EPICARDIAL	4	1.0	7
-19.51827	-0.87530	-93.31751	SAX_RV_EPICARDIAL	4	1.0	7
-16.22834	1.33424	-92.97897	SAX_RV_EPICARDIAL	4	1.0	7
-12.93841	3.54378	-92.64044	SAX_RV_EPICARDIAL	4	1.0	7
-9.64848	5.75332	-92.30191	SAX_RV_EPICARDIAL	4	1.0	7
-6.88967	6.85809	-91.27422	SAX_RV_EPICARDIAL	4	1.0	7
-4.13086	7.96286	-90.24653	SAX_RV_EPICARDIAL	4	1.0	7
-1.37205	9.06763	-89.21884	SAX_RV_EPICARDIAL	4	1.0	7
1.38676	10.17240	-88.19115	SAX_RV_EPICARDIAL	4	1.0	7
3.61444	10.17240	-86.47431	SAX_RV_EPICARDIAL	4	1.0	7
2.02108	6.85810	-84.40684	SAX_RV_EPICARDIAL	4	1.0	7
8.79225	-20.76109	-51.72631	SAX_RV_EPICARDIAL	4	1.0	7
10.48882	-21.86586	-49.32031	SAX_RV_EPICARDIAL	4	1.0	7
7.78161	-25.18016	-48.11126	SAX_RV_EPICARDIAL	4	1.0	7
5.02280	-26.28493	-49.13895	SAX_RV_EPICARDIAL	4	1.0	7
2.79512	-26.28494	-50.85580	SAX_RV_EPICARDIAL	4	1.0	7
0.03631	-27.38971	-51.88348	SAX_RV_EPICARDIAL	4	1.0	7
-2.19138	-27.38971	-53.60033	SAX_RV_EPICARDIAL	4	1.0	7
-4.41907	-27.38971	-55.31718	SAX_RV_EPICARDIAL	4	1.0	7
-7.17788	-28.49448	-56.34486	SAX_RV_EPICARDIAL	4	1.0	7
-9.93669	-29.59925	-57.37255	SAX_RV_EPICARDIAL	4	1.0	7
-13.22662	-31.80879	-57.71109	SAX_RV_EPICARDIAL	4	1.0	7
-15.98543	-32.91356	-58.73877	SAX_RV_EPICARDIAL	4	1.0	7
-18.21312	-32.91356	-60.45562	SAX_RV_EPICARDIAL	4	1.0	7
-20.97193	-34.01833	-61.48331	SAX_RV_EPICARDIAL	4	1.0	7
-23.19961	-34.01834	-63.20015	SAX_RV_EPICARDIAL	4	1.0	7
-25.95842	-35.12311	-64.22784	SAX_RV_EPICARDIAL	4	1.0	7
-28.18611	-35.12311	-65.94469	SAX_RV_EPICARDIAL	4	1.0	7
1.48996	5.75333	-83.71768	SAX_RV_SEPTUM	4	1.0	7
0.42772	3.54379	-82.33937	SAX_RV_SEPTUM	4	1.0	7
-0.63452	1.33425	-80.96106	SAX_RV_SEPTUM	4	1.0	7
-0.58292	-0.87528	-78.72432	SAX_RV_SEPTUM	4	1.0	7
-1.64516	-3.08482	-77.34601	SAX_RV_SEPTUM	4	1.0	7
-1.59356	-5.29435	-75.10927	SAX_RV_SEPTUM	4	1.0	7
-1.54196	-7.50389	-72.87253	SAX_RV_SEPTUM	4	1.0	7
-2.60420	-9.71343	-71.49422	SAX_RV_SEPTUM	4	1.0	7
-1.43875	-11.92296	-68.39906	SAX_RV_SEPTUM	4	1.0	7
-0.27331	-14.13249	-65.30390	SAX_RV_SEPTUM	4	1.0	7
1.42326	-15.23726	-62.89790	SAX_RV_SEPTUM	4	1.0	7
2.58871	-17.44679	-59.80274	SAX_RV_SEPTUM	4	1.0	7
4.28527	-18.55156	-57.39674	SAX_RV_SEPTUM	4	1.0	7
5.98184	-19.65633	-54.99074	SAX_RV_SEPTUM	4	1.0	7
7.67841	-20.76109	-52.58473	SAX_RV_SEPTUM	4	1.0	7
8.26113	-21.86586	-51.03715	SAX_RV_SEPTUM	4	1.0	7
12.71651	-21.86586	-47.60346	SAX_LV_EPICARDIAL	4	1.0	7
5.84213	10.17240	-84.75746	SAX_LV_EPICARDIAL	4	1.0	7
8.01822	12.38194	-85.27735	SAX_LV_EPICARDIAL	4	1.0	7
10.19430	14.59148	-85.79724	SAX_LV_EPICARDIAL	4	1.0	7
12.37039	16.80102	-86.31714	SAX_LV_EPICARDIAL	4	1.0	7
15.66032	19.01055	-85.97860	SAX_LV_EPICARDIAL	4	1.0	7
18.95025	21.22009	-85.64007	SAX_LV_EPICARDIAL	4	1.0	7
22.24018	23.42963	-85.30154	SAX_LV_EPICARDIAL	4	1.0	7
24.99899	24.53440	-84.27385	SAX_LV_EPICARDIAL	4	1.0	7
27.75780	25.63917	-83.24616	SAX_LV_EPICARDIAL	4	1.0	7
30.51661	26.74394	-82.21847	SAX_LV_EPICARDIAL	4	1.0	7
32.74430	26.74395	-80.50163	SAX_LV_EPICARDIAL	4	1.0	7
34.97199	26.74395	-78.78478	SAX_LV_EPICARDIAL	4	1.0	7
37.19968	26.74395	-77.06794	SAX_LV_EPICARDIAL	4	1.0	7
39.42736	26.74395	-75.35109	SAX_LV_EPICARDIAL	4	1.0	7
41.65505	26.74395	-73.63424	SAX_LV_EPICARDIAL	4	1.0	7
43.88274	26.74396	-71.91740	SAX_LV_EPICARDIAL	4	1.0	7
45.57931	25.63919	-69.51140	SAX_LV_EPICARDIAL	4	1.0	7
47.27588	24.53442	-67.10539	SAX_LV_EPICARDIAL	4	1.0	7
48.97244	23.42966	-64.69939	SAX_LV_EPICARDIAL	4	1.0	7
50.13789	21.22012	-61.60423	SAX_LV_EPICARDIAL	4	1.0	7
51.30334	19.01059	-58.50907	SAX_LV_EPICARDIAL	4	1.0	7
52.46878	16.80105	-55.41391	SAX_LV_EPICARDIAL	4	1.0	7
52.52038	14.59152	-53.17718	SAX_LV_EPICARDIAL	4	1.0	7
52.57199	12.38198	-50.94044	SAX_LV_EPICARDIAL	4	1.0	7
51.50975	10.17245	-49.56213	SAX_LV_EPICARDIAL	4	1.0	7
51.56135	7.96291	-47.32539	SAX_LV_EPICARDIAL	4	1.0	7
50.49911	5.75338	-45.94708	SAX_LV_EPICARDIAL	4	1.0	7
49.43686	3.54384	-44.56877	SAX_LV_EPICARDIAL	4	1.0	7
48.37462	1.33430	-43.19045	SAX_LV_EPICARDIAL	4	1.0	7
46.19854	-0.87524	-42.67056	SAX_LV_EPICARDIAL	4	1.0	7
45.13629	-3.08477	-41.29225	SAX_LV_EPICARDIAL	4	1.0	7
44.07405	-5.29431	-39.91393	SAX_LV_EPICARDIAL	4	1.0	7
41.89797	-7.50385	-39.39404	SAX_LV_EPICARDIAL	4	1.0	7
39.72188	-9.71338	-38.87415	SAX_LV_EPICARDIAL	4	1.0	7
36.43195	-11.92292	-39.21269	SAX_LV_EPICARDIAL	4	1.0	7
34.25586	-14.13246	-38.69279	SAX_LV_EPICARDIAL	4	1.0	7
30.96593	-16.34200	-39.03133	SAX_LV_EPICARDIAL	4	1.0	7
28.20712	-17.44677	-40.05902	SAX_LV_EPICARDIAL	4	1.0	7
25.44831	-18.55154	-41.08670	SAX_LV_EPICARDIAL	4	1.0	7
22.68951	-19.65631	-42.11439	SAX_LV_EPICARDIAL	4	1.0	7
19.93070	-20.76108	-43.14208	SAX_LV_EPICARDIAL	4	1.0	7
17.70301	-20.76108	-44.85893	SAX_LV_EPICARDIAL	4	1.0	7
14.94420	-21.86585	-45.88662	SAX_LV_EPICARDIAL	4	1.0	7
17.49660	-11.92294	-53.80587	SAX_LV_ENDOCARDIAL	4	1.0	7
15.80003	-10.81818	-56.21188	SAX_LV_ENDOCARDIAL	4	1.0	7
14.10346	-9.71341	-58.61788	SAX_LV_ENDOCARDIAL	4	1.0	7
12.40690	-8.60864	-61.02388	SAX_LV_ENDOCARDIAL	4	1.0	7
10.71033	-7.50388	-63.42988	SAX_LV_ENDOCARDIAL	4	1.0	7
9.54488	-5.29434	-66.52504	SAX_LV_ENDOCARDIAL	4	1.0	7
9.49328	-3.08481	-68.76178	SAX_LV_ENDOCARDIAL	4	1.0	7
9.44168	-0.87527	-70.99851	SAX_LV_ENDOCARDIAL	4	1.0	7
9.39007	1.33426	-73.23525	SAX_LV_ENDOCARDIAL	4	1.0	7
10.45232	3.54380	-74.61356	SAX_LV_ENDOCARDIAL	4	1.0	7
11.51456	5.75334	-75.99188	SAX_LV_ENDOCARDIAL	4	1.0	7
12.57680	7.96287	-77.37019	SAX_LV_ENDOCARDIAL	4	1.0	7
14.75289	10.17241	-77.89008	SAX_LV_ENDOCARDIAL	4	1.0	7
15.81513	12.38195	-79.26839	SAX_LV_ENDOCARDIAL	4	1.0	7
19.10506	14.59149	-78.92986	SAX_LV_ENDOCARDIAL	4	1.0	7
21.28114	16.80102	-79.44975	SAX_LV_ENDOCARDIAL	4	1.0	7
24.03995	17.90579	-78.42206	SAX_LV_ENDOCARDIAL	4	1.0	7
26.79876	19.01056	-77.39438	SAX_LV_ENDOCARDIAL	4	1.0	7
29.02645	19.01057	-75.67753	SAX_LV_ENDOCARDIAL	4	1.0	7
31.78526	20.11534	-74.64984	SAX_LV_ENDOCARDIAL	4	1.0	7
34.01295	20.11534	-72.93300	SAX_LV_ENDOCARDIAL	4	1.0	7
36.24064	20.11534	-71.21615	SAX_LV_ENDOCARDIAL	4	1.0	7
37.93721	19.01058	-68.81015	SAX_LV_ENDOCARDIAL	4	1.0	7
40.16489	19.01058	-67.09330	SAX_LV_ENDOCARDIAL	4	1.0	7
41.86146	17.90581	-64.68730	SAX_LV_ENDOCARDIAL	4	1.0	7
43.02691	15.69628	-61.59214	SAX_LV_ENDOCARDIAL	4	1.0	7
44.19235	13.48674	-58.49698	SAX_LV_ENDOCARDIAL	4	1.0	7
44.24396	11.27721	-56.26024	SAX_LV_ENDOCARDIAL	4	1.0	7
44.29556	9.06767	-54.02351	SAX_LV_ENDOCARDIAL	4	1.0	7
43.23332	6.85814	-52.64519	SAX_LV_ENDOCARDIAL	4	1.0	7
42.17108	4.64860	-51.26688	SAX_LV_ENDOCARDIAL	4	1.0	7
41.10883	2.43906	-49.88857	SAX_LV_ENDOCARDIAL	4	1.0	7
40.04659	0.22953	-48.51025	SAX_LV_ENDOCARDIAL	4	1.0	7
37.87051	-1.98001	-47.99036	SAX_LV_ENDOCARDIAL	4	1.0	7
35.69442	-4.18955	-47.47047	SAX_LV_ENDOCARDIAL	4	1.0	7
33.51833	-6.39909	-46.95058	SAX_LV_ENDOCARDIAL	4	1.0	7
30.22840	-8.60863	-47.28912	SAX_LV_ENDOCARDIAL	4	1.0	7
26.93847	-10.81816	-47.62765	SAX_LV_ENDOCARDIAL	4	1.0	7
24.17966	-11.92293	-48.65534	SAX_LV_ENDOCARDIAL	4	1.0	7
21.95197	-11.92294	-50.37218	SAX_LV_ENDOCARDIAL	4	1.0	7
19.72429	-11.92294	-52.08903	SAX_LV_ENDOCARDIAL	4	1.0	7
-0.69118	5.66450	-85.31033	RV_INSERT	4	1.0	7
7.64136	-22.34553	-51.03787	RV_INSERT	4	1.0	7
-4.56871	-26.18828	-85.07140	SAX_RV_FREEWALL	5	1.0	7
-6.26528	-25.08351	-87.47740	SAX_RV_FREEWALL	5	1.0	7
-7.96185	-23.97874	-89.88340	SAX_RV_FREEWALL	5	1.0	7
-6.89961	-21.76921	-91.26171	SAX_RV_FREEWALL	5	1.0	7
-5.83737	-19.55967	-92.64003	SAX_RV_FREEWALL	5	1.0	7
-3.66128	-17.35013	-93.15992	SAX_RV_FREEWALL	5	1.0	7
-0.37135	-15.14059	-92.82139	SAX_RV_FREEWALL	5	1.0	7
1.80474	-12.93106	-93.34128	SAX_RV_FREEWALL	5	1.0	7
5.09467	-10.72152	-93.00274	SAX_RV_FREEWALL	5	1.0	7
8.38460	-8.51198	-92.66421	SAX_RV_FREEWALL	5	1.0	7
11.67453	-6.30244	-92.32568	SAX_RV_FREEWALL	5	1.0	7
14.43334	-5.19767	-91.29799	SAX_RV_FREEWALL	5	1.0	7
12.03574	-21.76919	-76.66853	SAX_RV_FREEWALL	5	1.0	7
9.80806	-21.76919	-78.38537	SAX_RV_FREEWALL	5	1.0	7
7.04925	-22.87396	-79.41306	SAX_RV_FREEWALL	5	1.0	7
4.82156	-22.87396	-81.12991	SAX_RV_FREEWALL	5	1.0	7
2.06275	-23.97873	-82.15760	SAX_RV_FREEWALL	5	1.0	7
-0.69606	-25.08350	-83.18528	SAX_RV_FREEWALL	5	1.0	7
-3.45487	-26.18827	-84.21297	SAX_RV_FREEWALL	5	1.0	7
-7.80704	-30.60735	-83.17319	SAX_RV_EPICARDIAL	5	1.0	7
-9.50361	-29.50258	-85.57919	SAX_RV_EPICARDIAL	5	1.0	7
-11.73130	-29.50259	-87.29604	SAX_RV_EPICARDIAL	5	1.0	7
-12.89674	-27.29305	-90.39120	SAX_RV_EPICARDIAL	5	1.0	7
-12.94835	-25.08352	-92.62794	SAX_RV_EPICARDIAL	5	1.0	7
-11.88611	-22.87398	-94.00625	SAX_RV_EPICARDIAL	5	1.0	7
-10.82386	-20.66444	-95.38456	SAX_RV_EPICARDIAL	5	1.0	7
-8.64778	-18.45490	-95.90445	SAX_RV_EPICARDIAL	5	1.0	7
-6.47169	-16.24537	-96.42434	SAX_RV_EPICARDIAL	5	1.0	7
-3.18176	-14.03583	-96.08581	SAX_RV_EPICARDIAL	5	1.0	7
-1.00567	-11.82629	-96.60570	SAX_RV_EPICARDIAL	5	1.0	7
2.28426	-9.61675	-96.26717	SAX_RV_EPICARDIAL	5	1.0	7
5.57419	-7.40721	-95.92864	SAX_RV_EPICARDIAL	5	1.0	7
8.86412	-5.19767	-95.59011	SAX_RV_EPICARDIAL	5	1.0	7
11.62293	-4.09290	-94.56242	SAX_RV_EPICARDIAL	5	1.0	7
14.38173	-2.98813	-93.53473	SAX_RV_EPICARDIAL	5	1.0	7
16.60942	-2.98813	-91.81788	SAX_RV_EPICARDIAL	5	1.0	7
18.83711	-2.98813	-90.10104	SAX_RV_EPICARDIAL	5	1.0	7
17.77487	-5.19767	-88.72272	SAX_RV_EPICARDIAL	5	1.0	7
14.89776	-25.08349	-71.16736	SAX_RV_EPICARDIAL	5	1.0	7
12.67007	-25.08349	-72.88421	SAX_RV_EPICARDIAL	5	1.0	7
10.44238	-25.08349	-74.60106	SAX_RV_EPICARDIAL	5	1.0	7
8.21469	-25.08349	-76.31790	SAX_RV_EPICARDIAL	5	1.0	7
5.45588	-26.18827	-77.34559	SAX_RV_EPICARDIAL	5	1.0	7
2.69707	-27.29304	-78.37328	SAX_RV_EPICARDIAL	5	1.0	7
-0.06174	-28.39781	-79.40097	SAX_RV_EPICARDIAL	5	1.0	7
-2.82054	-29.50258	-80.42866	SAX_RV_EPICARDIAL	5	1.0	7
-5.57935	-30.60735	-81.45635	SAX_RV_EPICARDIAL	5	1.0	7
16.66103	-5.19767	-89.58115	SAX_RV_SEPTUM	5	1.0	7
16.71263	-7.40720	-87.34441	SAX_RV_SEPTUM	5	1.0	7
15.65039	-9.61674	-85.96610	SAX_RV_SEPTUM	5	1.0	7
14.58814	-11.82628	-84.58778	SAX_RV_SEPTUM	5	1.0	7
14.63975	-14.03581	-82.35105	SAX_RV_SEPTUM	5	1.0	7
13.57750	-16.24535	-80.97273	SAX_RV_SEPTUM	5	1.0	7
14.74295	-18.45488	-77.87757	SAX_RV_SEPTUM	5	1.0	7
14.79455	-20.66442	-75.64084	SAX_RV_SEPTUM	5	1.0	7
14.26343	-21.76919	-74.95168	SAX_RV_SEPTUM	5	1.0	7
20.46698	-25.08348	-66.87525	SAX_LV_EPICARDIAL	5	1.0	7
18.77041	-23.97872	-69.28125	SAX_LV_EPICARDIAL	5	1.0	7
17.07384	-22.87395	-71.68726	SAX_LV_EPICARDIAL	5	1.0	7
22.12704	-0.77859	-89.76250	SAX_LV_EPICARDIAL	5	1.0	7
25.41697	1.43095	-89.42397	SAX_LV_EPICARDIAL	5	1.0	7
27.59306	3.64049	-89.94386	SAX_LV_EPICARDIAL	5	1.0	7
30.35187	4.74526	-88.91617	SAX_LV_EPICARDIAL	5	1.0	7
33.11068	5.85003	-87.88848	SAX_LV_EPICARDIAL	5	1.0	7
35.86949	6.95480	-86.86080	SAX_LV_EPICARDIAL	5	1.0	7
38.09717	6.95480	-85.14395	SAX_LV_EPICARDIAL	5	1.0	7
40.32486	6.95480	-83.42710	SAX_LV_EPICARDIAL	5	1.0	7
42.55255	6.95480	-81.71026	SAX_LV_EPICARDIAL	5	1.0	7
44.78024	6.95481	-79.99341	SAX_LV_EPICARDIAL	5	1.0	7
47.00793	6.95481	-78.27657	SAX_LV_EPICARDIAL	5	1.0	7
48.70450	5.85004	-75.87057	SAX_LV_EPICARDIAL	5	1.0	7
50.40106	4.74528	-73.46456	SAX_LV_EPICARDIAL	5	1.0	7
52.09763	3.64051	-71.05856	SAX_LV_EPICARDIAL	5	1.0	7
53.26308	1.43098	-67.96340	SAX_LV_EPICARDIAL	5	1.0	7
53.31468	-0.77856	-65.72667	SAX_LV_EPICARDIAL	5	1.0	7
53.36628	-2.98809	-63.48993	SAX_LV_EPICARDIAL	5	1.0	7
52.30404	-5.19763	-62.11162	SAX_LV_EPICARDIAL	5	1.0	7
52.35564	-7.40717	-59.87488	SAX_LV_EPICARDIAL	5	1.0	7
51.29340	-9.61670	-58.49657	SAX_LV_EPICARDIAL	5	1.0	7
49.11731	-11.82624	-57.97668	SAX_LV_EPICARDIAL	5	1.0	7
48.05507	-14.03578	-56.59836	SAX_LV_EPICARDIAL	5	1.0	7
45.87899	-16.24532	-56.07847	SAX_LV_EPICARDIAL	5	1.0	7
42.58906	-18.45485	-56.41700	SAX_LV_EPICARDIAL	5	1.0	7
40.41297	-20.66439	-55.89711	SAX_LV_EPICARDIAL	5	1.0	7
37.65416	-21.76916	-56.92480	SAX_LV_EPICARDIAL	5	1.0	7
34.36423	-23.97870	-57.26333	SAX_LV_EPICARDIAL	5	1.0	7
32.13654	-23.97870	-58.98018	SAX_LV_EPICARDIAL	5	1.0	7
29.37773	-25.08347	-60.00787	SAX_LV_EPICARDIAL	5	1.0	7
27.15004	-25.08348	-61.72471	SAX_LV_EPICARDIAL	5	1.0	7
24.92236	-25.08348	-63.44156	SAX_LV_EPICARDIAL	5	1.0	7
22.69467	-25.08348	-65.15841	SAX_LV_EPICARDIAL	5	1.0	7
27.52636	-17.35010	-69.12408	SAX_LV_ENDOCARDIAL	5	1.0	7
25.82979	-16.24534	-71.53008	SAX_LV_ENDOCARDIAL	5	1.0	7
24.66434	-14.03580	-74.62524	SAX_LV_ENDOCARDIAL	5	1.0	7
24.61274	-11.82627	-76.86198	SAX_LV_ENDOCARDIAL	5	1.0	7
24.56114	-9.61673	-79.09871	SAX_LV_ENDOCARDIAL	5	1.0	7
25.62338	-7.40719	-80.47703	SAX_LV_ENDOCARDIAL	5	1.0	7
26.68562	-5.19766	-81.85534	SAX_LV_ENDOCARDIAL	5	1.0	7
28.86171	-2.98812	-82.37523	SAX_LV_ENDOCARDIAL	5	1.0	7
32.15164	-0.77858	-82.03670	SAX_LV_ENDOCARDIAL	5	1.0	7
34.37933	-0.77858	-80.31985	SAX_LV_ENDOCARDIAL	5	1.0	7
36.60702	-0.77858	-78.60301	SAX_LV_ENDOCARDIAL	5	1.0	7
38.83471	-0.77857	-76.88616	SAX_LV_ENDOCARDIAL	5	1.0	7
41.06239	-0.77857	-75.16932	SAX_LV_ENDOCARDIAL	5	1.0	7
42.75896	-1.88334	-72.76331	SAX_LV_ENDOCARDIAL	5	1.0	7
43.92441	-4.09287	-69.66815	SAX_LV_ENDOCARDIAL	5	1.0	7
43.97601	-6.30241	-67.43142	SAX_LV_ENDOCARDIAL	5	1.0	7
42.91377	-8.51194	-66.05310	SAX_LV_ENDOCARDIAL	5	1.0	7
41.85153	-10.72148	-64.67479	SAX_LV_ENDOCARDIAL	5	1.0	7
39.67544	-12.93102	-64.15490	SAX_LV_ENDOCARDIAL	5	1.0	7
37.49935	-15.14056	-63.63501	SAX_LV_ENDOCARDIAL	5	1.0	7
34.74054	-16.24533	-64.66270	SAX_LV_ENDOCARDIAL	5	1.0	7
31.98174	-17.35010	-65.69039	SAX_LV_ENDOCARDIAL	5	1.0	7
29.75405	-17.35010	-67.40723	SAX_LV_ENDOCARDIAL	5	1.0	7
14.64724	-21.93344	-74.49256	RV_INSERT	5	1.0	7
15.93946	-5.18794	-90.14692	RV_INSERT	5	1.0	7
19.20449	-23.88305	-97.48789	SAX_RV_FREEWALL	6	1.0	7
18.03904	-21.67351	-100.58305	SAX_RV_FREEWALL	6	1.0	7
17.98744	-19.46398	-102.81979	SAX_RV_FREEWALL	6	1.0	7
20.16353	-17.25444	-103.33968	SAX_RV_FREEWALL	6	1.0	7
22.39122	-17.25444	-101.62283	SAX_RV_FREEWALL	6	1.0	7
24.08778	-18.35920	-99.21683	SAX_RV_FREEWALL	6	1.0	7
24.13939	-20.56874	-96.98010	SAX_RV_FREEWALL	6	1.0	7
23.07714	-22.77828	-95.60178	SAX_RV_FREEWALL	6	1.0	7
20.31833	-23.88305	-96.62947	SAX_RV_FREEWALL	6	1.0	7
17.02840	-26.09258	-96.96800	SAX_RV_EPICARDIAL	6	1.0	7
15.33184	-24.98782	-99.37401	SAX_RV_EPICARDIAL	6	1.0	7
14.16639	-22.77828	-102.46916	SAX_RV_EPICARDIAL	6	1.0	7
14.11479	-20.56875	-104.70590	SAX_RV_EPICARDIAL	6	1.0	7
16.29087	-18.35921	-105.22579	SAX_RV_EPICARDIAL	6	1.0	7
19.58080	-16.14967	-104.88726	SAX_RV_EPICARDIAL	6	1.0	7
22.33961	-15.04490	-103.85957	SAX_RV_EPICARDIAL	6	1.0	7
24.56730	-15.04490	-102.14272	SAX_RV_EPICARDIAL	6	1.0	7
26.26387	-16.14967	-99.73672	SAX_RV_EPICARDIAL	6	1.0	7
26.31547	-18.35920	-97.49999	SAX_RV_EPICARDIAL	6	1.0	7
26.36707	-20.56874	-95.26325	SAX_RV_EPICARDIAL	6	1.0	7
24.24259	-24.98781	-92.50662	SAX_RV_EPICARDIAL	6	1.0	7
21.48378	-26.09258	-93.53431	SAX_RV_EPICARDIAL	6	1.0	7
19.25609	-26.09258	-95.25116	SAX_RV_EPICARDIAL	6	1.0	7
32.14270	-29.40687	-82.02419	SAX_LV_EPICARDIAL	6	1.0	7
30.44614	-28.30211	-84.43019	SAX_LV_EPICARDIAL	6	1.0	7
28.74957	-27.19734	-86.83620	SAX_LV_EPICARDIAL	6	1.0	7
27.05300	-26.09257	-89.24220	SAX_LV_EPICARDIAL	6	1.0	7
27.00140	-23.88304	-91.47893	SAX_LV_EPICARDIAL	6	1.0	7
28.06364	-21.67350	-92.85725	SAX_LV_EPICARDIAL	6	1.0	7
29.12588	-19.46397	-94.23556	SAX_LV_EPICARDIAL	6	1.0	7
30.18813	-17.25443	-95.61387	SAX_LV_EPICARDIAL	6	1.0	7
32.36421	-15.04489	-96.13377	SAX_LV_EPICARDIAL	6	1.0	7
34.54030	-12.83535	-96.65366	SAX_LV_EPICARDIAL	6	1.0	7
37.83023	-10.62582	-96.31512	SAX_LV_EPICARDIAL	6	1.0	7
40.58904	-9.52104	-95.28743	SAX_LV_EPICARDIAL	6	1.0	7
42.81673	-9.52104	-93.57059	SAX_LV_EPICARDIAL	6	1.0	7
45.04441	-9.52104	-91.85374	SAX_LV_EPICARDIAL	6	1.0	7
46.74098	-10.62581	-89.44774	SAX_LV_EPICARDIAL	6	1.0	7
48.43755	-11.73057	-87.04174	SAX_LV_EPICARDIAL	6	1.0	7
48.48915	-13.94011	-84.80500	SAX_LV_EPICARDIAL	6	1.0	7
48.54075	-16.14964	-82.56827	SAX_LV_EPICARDIAL	6	1.0	7
47.47851	-18.35918	-81.18995	SAX_LV_EPICARDIAL	6	1.0	7
46.41627	-20.56872	-79.81164	SAX_LV_EPICARDIAL	6	1.0	7
45.35403	-22.77825	-78.43333	SAX_LV_EPICARDIAL	6	1.0	7
43.17794	-24.98779	-77.91344	SAX_LV_EPICARDIAL	6	1.0	7
39.88801	-27.19733	-78.25197	SAX_LV_EPICARDIAL	6	1.0	7
37.12920	-28.30210	-79.27966	SAX_LV_EPICARDIAL	6	1.0	7
34.90151	-28.30210	-80.99650	SAX_LV_EPICARDIAL	6	1.0	7
34.21559	-22.77826	-87.01755	SAX_LV_ENDOCARDIAL	6	1.0	7
34.16398	-20.56873	-89.25429	SAX_LV_ENDOCARDIAL	6	1.0	7
34.11238	-18.35919	-91.49103	SAX_LV_ENDOCARDIAL	6	1.0	7
36.28847	-16.14966	-92.01092	SAX_LV_ENDOCARDIAL	6	1.0	7
39.57840	-13.94012	-91.67239	SAX_LV_ENDOCARDIAL	6	1.0	7
41.27497	-15.04488	-89.26638	SAX_LV_ENDOCARDIAL	6	1.0	7
41.85769	-16.14965	-87.71880	SAX_LV_ENDOCARDIAL	6	1.0	7
41.90929	-18.35919	-85.48207	SAX_LV_ENDOCARDIAL	6	1.0	7
40.84705	-20.56872	-84.10375	SAX_LV_ENDOCARDIAL	6	1.0	7
37.55712	-22.77826	-84.44229	SAX_LV_ENDOCARDIAL	6	1.0	7
35.32943	-22.77826	-86.15913	SAX_LV_ENDOCARDIAL	6	1.0	7
24.84854	-20.34642	-96.65462	RV_INSERT	6	1.0	7
22.92692	-23.08150	-95.41606	RV_INSERT	6	1.0	7
7.95651	20.60010	-29.75619	LAX_LV_ENDOCARDIAL	9	1.0	7
9.81435	18.46692	-32.55231	LAX_LV_ENDOCARDIAL	9	1.0	7
11.61714	16.29858	-33.94370	LAX_LV_ENDOCARDIAL	9	1.0	7
13.41993	14.13025	-35.33508	LAX_LV_ENDOCARDIAL	9	1.0	7
15.16768	11.92676	-35.32174	LAX_LV_ENDOCARDIAL	9	1.0	7
16.97047	9.75843	-36.71312	LAX_LV_ENDOCARDIAL	9	1.0	7
18.71821	7.55494	-36.69978	LAX_LV_ENDOCARDIAL	9	1.0	7
20.46596	5.35145	-36.68643	LAX_LV_ENDOCARDIAL	9	1.0	7
22.21371	3.14797	-36.67309	LAX_LV_ENDOCARDIAL	9	1.0	7
24.01650	0.97963	-38.06447	LAX_LV_ENDOCARDIAL	9	1.0	7
25.81929	-1.18870	-39.45586	LAX_LV_ENDOCARDIAL	9	1.0	7
27.67712	-3.32189	-42.25198	LAX_LV_ENDOCARDIAL	9	1.0	7
28.66109	-4.35333	-45.05477	LAX_LV_ENDOCARDIAL	9	1.0	7
29.64505	-5.38477	-47.85756	LAX_LV_ENDOCARDIAL	9	1.0	7
30.62901	-6.41620	-50.66036	LAX_LV_ENDOCARDIAL	9	1.0	7
32.48685	-8.54939	-53.45648	LAX_LV_ENDOCARDIAL	9	1.0	7
33.47081	-9.58083	-56.25927	LAX_LV_ENDOCARDIAL	9	1.0	7
34.45477	-10.61227	-59.06206	LAX_LV_ENDOCARDIAL	9	1.0	7
35.43873	-11.64371	-61.86485	LAX_LV_ENDOCARDIAL	9	1.0	7
36.42270	-12.67515	-64.66765	LAX_LV_ENDOCARDIAL	9	1.0	7
37.40666	-13.70659	-67.47044	LAX_LV_ENDOCARDIAL	9	1.0	7
38.39062	-14.73803	-70.27323	LAX_LV_ENDOCARDIAL	9	1.0	7
39.37458	-15.76947	-73.07602	LAX_LV_ENDOCARDIAL	9	1.0	7
40.35855	-16.80091	-75.87882	LAX_LV_ENDOCARDIAL	9	1.0	7
40.46864	-16.73060	-78.68828	LAX_LV_ENDOCARDIAL	9	1.0	7
41.45260	-17.76204	-81.49107	LAX_LV_ENDOCARDIAL	9	1.0	7
41.56269	-17.69174	-84.30054	LAX_LV_ENDOCARDIAL	9	1.0	7
41.67278	-17.62143	-87.11000	LAX_LV_ENDOCARDIAL	9	1.0	7
40.90899	-16.44939	-89.92614	LAX_LV_ENDOCARDIAL	9	1.0	7
40.09016	-15.31249	-91.33755	LAX_LV_ENDOCARDIAL	9	1.0	7
38.34242	-13.10900	-91.35089	LAX_LV_ENDOCARDIAL	9	1.0	7
36.59467	-10.90552	-91.36424	LAX_LV_ENDOCARDIAL	9	1.0	7
34.79188	-8.73718	-89.97285	LAX_LV_ENDOCARDIAL	9	1.0	7
32.98909	-6.56885	-88.58147	LAX_LV_ENDOCARDIAL	9	1.0	7
31.18630	-4.40051	-87.19008	LAX_LV_ENDOCARDIAL	9	1.0	7
29.38351	-2.23218	-85.79869	LAX_LV_ENDOCARDIAL	9	1.0	7
27.58072	-0.06384	-84.40730	LAX_LV_ENDOCARDIAL	9	1.0	7
25.77792	2.10449	-83.01592	LAX_LV_ENDOCARDIAL	9	1.0	7
23.97513	4.27283	-81.62453	LAX_LV_ENDOCARDIAL	9	1.0	7
22.17234	6.44116	-80.23314	LAX_LV_ENDOCARDIAL	9	1.0	7
20.36955	8.60950	-78.84176	LAX_LV_ENDOCARDIAL	9	1.0	7
18.56676	10.77783	-77.45037	LAX_LV_ENDOCARDIAL	9	1.0	7
16.81901	12.98132	-77.46372	LAX_LV_ENDOCARDIAL	9	1.0	7
15.01622	15.14965	-76.07233	LAX_LV_ENDOCARDIAL	9	1.0	7
13.21343	17.31799	-74.68094	LAX_LV_ENDOCARDIAL	9	1.0	7
11.46568	19.52148	-74.69429	LAX_LV_ENDOCARDIAL	9	1.0	7
9.66289	21.68981	-73.30290	LAX_LV_ENDOCARDIAL	9	1.0	7
7.86010	23.85815	-71.91151	LAX_LV_ENDOCARDIAL	9	1.0	7
6.05731	26.02648	-70.52013	LAX_LV_ENDOCARDIAL	9	1.0	7
4.25452	28.19482	-69.12874	LAX_LV_ENDOCARDIAL	9	1.0	7
2.45173	30.36315	-67.73735	LAX_LV_ENDOCARDIAL	9	1.0	7
0.64894	32.53149	-66.34597	LAX_LV_ENDOCARDIAL	9	1.0	7
-1.15385	34.69982	-64.95458	LAX_LV_ENDOCARDIAL	9	1.0	7
-2.90160	36.90331	-64.96793	LAX_LV_ENDOCARDIAL	9	1.0	7
-3.88556	37.93475	-62.16513	LAX_LV_ENDOCARDIAL	9	1.0	7
12.92453	13.81388	-22.69249	LAX_LV_EPICARDIAL	9	1.0	7
14.72732	11.64555	-24.08388	LAX_LV_EPICARDIAL	9	1.0	7
16.47507	9.44206	-24.07053	LAX_LV_EPICARDIAL	9	1.0	7
18.22281	7.23857	-24.05718	LAX_LV_EPICARDIAL	9	1.0	7
20.02560	5.07024	-25.44857	LAX_LV_EPICARDIAL	9	1.0	7
21.82839	2.90190	-26.83996	LAX_LV_EPICARDIAL	9	1.0	7
23.57614	0.69842	-26.82661	LAX_LV_EPICARDIAL	9	1.0	7
25.37893	-1.46992	-28.21800	LAX_LV_EPICARDIAL	9	1.0	7
27.18172	-3.63825	-29.60939	LAX_LV_EPICARDIAL	9	1.0	7
28.98451	-5.80659	-31.00077	LAX_LV_EPICARDIAL	9	1.0	7
30.84235	-7.93977	-33.79689	LAX_LV_EPICARDIAL	9	1.0	7
32.70019	-10.07295	-36.59301	LAX_LV_EPICARDIAL	9	1.0	7
33.68415	-11.10439	-39.39580	LAX_LV_EPICARDIAL	9	1.0	7
35.54198	-13.23758	-42.19192	LAX_LV_EPICARDIAL	9	1.0	7
36.52595	-14.26902	-44.99472	LAX_LV_EPICARDIAL	9	1.0	7
38.38378	-16.40220	-47.79084	LAX_LV_EPICARDIAL	9	1.0	7
39.36774	-17.43364	-50.59363	LAX_LV_EPICARDIAL	9	1.0	7
39.47783	-17.36334	-53.40309	LAX_LV_EPICARDIAL	9	1.0	7
40.46180	-18.39478	-56.20589	LAX_LV_EPICARDIAL	9	1.0	7
41.44576	-19.42621	-59.00868	LAX_LV_EPICARDIAL	9	1.0	7
42.42972	-20.45765	-61.81147	LAX_LV_EPICARDIAL	9	1.0	7
43.41368	-21.48909	-64.61426	LAX_LV_EPICARDIAL	9	1.0	7
43.52377	-21.41879	-67.42373	LAX_LV_EPICARDIAL	9	1.0	7
44.50774	-22.45023	-70.22652	LAX_LV_EPICARDIAL	9	1.0	7
44.61782	-22.37993	-73.03599	LAX_LV_EPICARDIAL	9	1.0	7
44.72791	-22.30962	-75.84545	LAX_LV_EPICARDIAL	9	1.0	7
44.83800	-22.23932	-78.65492	LAX_LV_EPICARDIAL	9	1.0	7
45.82196	-23.27076	-81.45771	LAX_LV_EPICARDIAL	9	1.0	7
45.05818	-22.09871	-84.27385	LAX_LV_EPICARDIAL	9	1.0	7
45.16827	-22.02841	-87.08331	LAX_LV_EPICARDIAL	9	1.0	7
45.27836	-21.95810	-89.89278	LAX_LV_EPICARDIAL	9	1.0	7
44.51457	-20.78606	-92.70892	LAX_LV_EPICARDIAL	9	1.0	7
43.75079	-19.61401	-95.52505	LAX_LV_EPICARDIAL	9	1.0	7
42.98701	-18.44196	-98.34119	LAX_LV_EPICARDIAL	9	1.0	7
41.29430	-16.20332	-99.75927	LAX_LV_EPICARDIAL	9	1.0	7
39.54656	-13.99984	-99.77262	LAX_LV_EPICARDIAL	9	1.0	7
37.79881	-11.79635	-99.78596	LAX_LV_EPICARDIAL	9	1.0	7
35.99602	-9.62801	-98.39458	LAX_LV_EPICARDIAL	9	1.0	7
34.24827	-7.42453	-98.40792	LAX_LV_EPICARDIAL	9	1.0	7
32.44548	-5.25619	-97.01653	LAX_LV_EPICARDIAL	9	1.0	7
30.69774	-3.05271	-97.02988	LAX_LV_EPICARDIAL	9	1.0	7
28.89494	-0.88437	-95.63849	LAX_LV_EPICARDIAL	9	1.0	7
27.14720	1.31912	-95.65184	LAX_LV_EPICARDIAL	9	1.0	7
25.34441	3.48745	-94.26045	LAX_LV_EPICARDIAL	9	1.0	7
23.54162	5.65579	-92.86907	LAX_LV_EPICARDIAL	9	1.0	7
21.79387	7.85927	-92.88241	LAX_LV_EPICARDIAL	9	1.0	7
19.99108	10.02761	-91.49102	LAX_LV_EPICARDIAL	9	1.0	7
18.18829	12.19594	-90.09964	LAX_LV_EPICARDIAL	9	1.0	7
16.44054	14.39943	-90.11298	LAX_LV_EPICARDIAL	9	1.0	7
14.63775	16.56776	-88.72160	LAX_LV_EPICARDIAL	9	1.0	7
12.89000	18.77125	-88.73494	LAX_LV_EPICARDIAL	9	1.0	7
11.08721	20.93959	-87.34356	LAX_LV_EPICARDIAL	9	1.0	7
9.28442	23.10792	-85.95217	LAX_LV_EPICARDIAL	9	1.0	7
7.53667	25.31141	-85.96551	LAX_LV_EPICARDIAL	9	1.0	7
5.73388	27.47974	-84.57413	LAX_LV_EPICARDIAL	9	1.0	7
3.93109	29.64808	-83.18274	LAX_LV_EPICARDIAL	9	1.0	7
2.12830	31.81641	-81.79135	LAX_LV_EPICARDIAL	9	1.0	7
0.32551	33.98475	-80.39997	LAX_LV_EPICARDIAL	9	1.0	7
-1.47728	36.15308	-79.00858	LAX_LV_EPICARDIAL	9	1.0	7
-3.33512	38.28627	-76.21246	LAX_LV_EPICARDIAL	9	1.0	7
-4.31908	39.31771	-73.40967	LAX_LV_EPICARDIAL	9	1.0	7
-5.30304	40.34915	-70.60688	LAX_LV_EPICARDIAL	9	1.0	7
-5.41313	40.27884	-67.79741	LAX_LV_EPICARDIAL	9	1.0	7
-4.64935	39.10679	-64.98127	LAX_LV_EPICARDIAL	9	1.0	7
-3.88556	37.93475	-62.16513	LAX_LV_EPICARDIAL	9	1.0	7
6.91750	21.59639	-25.54866	LAX_LV_EPICARDIAL	9	1.0	7
8.61021	19.35775	-24.13059	LAX_LV_EPICARDIAL	9	1.0	7
10.35795	17.15426	-24.11724	LAX_LV_EPICARDIAL	9	1.0	7
12.05066	14.91563	-22.69916	LAX_LV_EPICARDIAL	9	1.0	7
4.98361	24.15192	-27.14055	MITRAL_VALVE	9	1.0	7
-3.15469	36.79131	-59.17608	MITRAL_VALVE	9	1.0	7
43.07122	-18.57254	-98.01259	APEX_POINT	9	1.0	7
-8.44058	38.34549	9.46289	LAX_LA	9	1.0	7
-6.63779	36.17715	8.07150	LAX_LA	9	1.0	7
-4.83500	34.00882	6.68011	LAX_LA	9	1.0	7
-2.97716	31.87564	3.88399	LAX_LA	9	1.0	7
-1.99320	30.84420	1.08120	LAX_LA	9	1.0	7
-1.00924	29.81276	-1.72159	LAX_LA	9	1.0	7
-0.02528	28.78132	-4.52438	LAX_LA	9	1.0	7
0.95869	27.74988	-7.32718	LAX_LA	9	1.0	7
2.81652	25.61669	-10.12330	LAX_LA	9	1.0	7
3.80048	24.58525	-12.92609	LAX_LA	9	1.0	7
3.91057	24.65556	-15.73555	LAX_LA	9	1.0	7
4.02066	24.72586	-18.54502	LAX_LA	9	1.0	7
5.00462	23.69442	-21.34781	LAX_LA	9	1.0	7
5.11471	23.76473	-24.15728	LAX_LA	9	1.0	7
-4.86953	38.96619	-59.36234	LAX_LA	9	1.0	7
-6.67232	41.13452	-57.97095	LAX_LA	9	1.0	7
-8.53015	43.26771	-55.17483	LAX_LA	9	1.0	7
-9.51411	44.29915	-52.37204	LAX_LA	9	1.0	7
-10.49808	45.33058	-49.56925	LAX_LA	9	1.0	7
-11.48204	46.36202	-46.76646	LAX_LA	9	1.0	7
-12.46600	47.39346	-43.96367	LAX_LA	9	1.0	7
-12.57609	47.32316	-41.15420	LAX_LA	9	1.0	7
-13.56005	48.35460	-38.35141	LAX_LA	9	1.0	7
-13.67014	48.28430	-35.54194	LAX_LA	9	1.0	7
-13.78023	48.21399	-32.73248	LAX_LA	9	1.0	7
-13.89032	48.14369	-29.92301	LAX_LA	9	1.0	7
-14.87428	49.17513	-27.12022	LAX_LA	9	1.0	7
-14.98437	49.10482	-24.31075	LAX_LA	9	1.0	7
-15.09446	49.03452	-21.50129	LAX_LA	9	1.0	7
-15.20455	48.96422	-18.69182	LAX_LA	9	1.0	7
-16.18851	49.99566	-15.88903	LAX_LA	9	1.0	7
-15.42473	48.82361	-13.07289	LAX_LA	9	1.0	7
-15.53482	48.75331	-10.26343	LAX_LA	9	1.0	7
-15.64491	48.68300	-7.45396	LAX_LA	9	1.0	7
-15.75500	48.61270	-4.64450	LAX_LA	9	1.0	7
-15.86509	48.54239	-1.83503	LAX_LA	9	1.0	7
-15.10130	47.37035	0.98111	LAX_LA	9	1.0	7
-14.33752	46.19830	3.79725	LAX_LA	9	1.0	7
-12.69986	43.92451	6.62006	LAX_LA	9	1.0	7
-11.00716	41.68587	8.03813	LAX_LA	9	1.0	7
-9.31446	39.44723	9.45621	LAX_LA	9	1.0	7
-22.92236	-10.52196	-11.76496	LAX_RV_FREEWALL	8	1.0	1.0
-21.67630	-13.23886	-14.38911	LAX_RV_FREEWALL	8	1.0	1.0
-20.43025	-15.95576	-17.01325	LAX_RV_FREEWALL	8	1.0	1.0
-18.90528	-17.31421	-19.40423	LAX_RV_FREEWALL	8	1.0	1.0
-17.38031	-18.67266	-21.79521	LAX_RV_FREEWALL	8	1.0	1.0
-15.85534	-20.03111	-24.18618	LAX_RV_FREEWALL	8	1.0	1.0
-14.05146	-20.03111	-26.34400	LAX_RV_FREEWALL	8	1.0	1.0
-12.52649	-21.38956	-28.73498	LAX_RV_FREEWALL	8	1.0	1.0
-10.72261	-21.38956	-30.89280	LAX_RV_FREEWALL	8	1.0	1.0
-9.19764	-22.74801	-33.28378	LAX_RV_FREEWALL	8	1.0	1.0
-7.39376	-22.74801	-35.44160	LAX_RV_FREEWALL	8	1.0	1.0
-5.58988	-22.74802	-37.59941	LAX_RV_FREEWALL	8	1.0	1.0
-3.78600	-22.74802	-39.75723	LAX_RV_FREEWALL	8	1.0	1.0
-1.98212	-22.74802	-41.91505	LAX_RV_FREEWALL	8	1.0	1.0
-0.17824	-22.74802	-44.07287	LAX_RV_FREEWALL	8	1.0	1.0
1.62565	-22.74802	-46.23068	LAX_RV_FREEWALL	8	1.0	1.0
3.42953	-22.74802	-48.38850	LAX_RV_FREEWALL	8	1.0	1.0
5.23341	-22.74803	-50.54632	LAX_RV_FREEWALL	8	1.0	1.0
7.03729	-22.74803	-52.70414	LAX_RV_FREEWALL	8	1.0	1.0
-8.55651	-6.44662	-27.24911	LAX_RV_FREEWALL	8	1.0	1.0
-10.36039	-6.44662	-25.09129	LAX_RV_FREEWALL	8	1.0	1.0
-12.16427	-6.44662	-22.93348	LAX_RV_FREEWALL	8	1.0	1.0
-13.96815	-6.44662	-20.77566	LAX_RV_FREEWALL	8	1.0	1.0
-15.77204	-6.44662	-18.61784	LAX_RV_FREEWALL	8	1.0	1.0
-17.29700	-5.08817	-16.22686	LAX_RV_FREEWALL	8	1.0	1.0
-19.10088	-5.08817	-14.06904	LAX_RV_FREEWALL	8	1.0	1.0
-21.18368	-6.44661	-12.14439	LAX_RV_FREEWALL	8	1.0	1.0
-22.64345	-9.16351	-11.53180	LAX_RV_FREEWALL	8	1.0	1.0
-24.72624	-10.52196	-9.60715	LAX_RV_EPICARDIAL	8	1.0	1.0
-24.38212	-13.23885	-11.15238	LAX_RV_EPICARDIAL	8	1.0	1.0
-24.03801	-15.95575	-12.69761	LAX_RV_EPICARDIAL	8	1.0	1.0
-23.69389	-18.67265	-14.24284	LAX_RV_EPICARDIAL	8	1.0	1.0
-22.16893	-20.03110	-16.63382	LAX_RV_EPICARDIAL	8	1.0	1.0
-20.64396	-21.38955	-19.02480	LAX_RV_EPICARDIAL	8	1.0	1.0
-18.84008	-21.38955	-21.18262	LAX_RV_EPICARDIAL	8	1.0	1.0
-17.31511	-22.74800	-23.57360	LAX_RV_EPICARDIAL	8	1.0	1.0
-15.79014	-24.10646	-25.96458	LAX_RV_EPICARDIAL	8	1.0	1.0
-14.26517	-25.46491	-28.35556	LAX_RV_EPICARDIAL	8	1.0	1.0
-12.46129	-25.46491	-30.51338	LAX_RV_EPICARDIAL	8	1.0	1.0
-10.65741	-25.46491	-32.67119	LAX_RV_EPICARDIAL	8	1.0	1.0
-9.13244	-26.82336	-35.06217	LAX_RV_EPICARDIAL	8	1.0	1.0
-7.32856	-26.82336	-37.21999	LAX_RV_EPICARDIAL	8	1.0	1.0
-5.52468	-26.82336	-39.37781	LAX_RV_EPICARDIAL	8	1.0	1.0
-3.72080	-26.82336	-41.53563	LAX_RV_EPICARDIAL	8	1.0	1.0
-1.63800	-25.46492	-43.46028	LAX_RV_EPICARDIAL	8	1.0	1.0
0.16588	-25.46492	-45.61810	LAX_RV_EPICARDIAL	8	1.0	1.0
1.96976	-25.46492	-47.77592	LAX_RV_EPICARDIAL	8	1.0	1.0
3.77364	-25.46492	-49.93373	LAX_RV_EPICARDIAL	8	1.0	1.0
5.57752	-25.46492	-52.09155	LAX_RV_EPICARDIAL	8	1.0	1.0
7.38140	-25.46493	-54.24937	LAX_RV_EPICARDIAL	8	1.0	1.0
9.46420	-24.10648	-56.17402	LAX_RV_EPICARDIAL	8	1.0	1.0
11.26808	-24.10648	-58.33184	LAX_RV_EPICARDIAL	8	1.0	1.0
9.74311	-22.74803	-55.94086	LAX_RV_EPICARDIAL	8	1.0	1.0
-9.24474	-1.01283	-24.15864	LAX_RV_EPICARDIAL	8	1.0	1.0
-11.04862	-1.01283	-22.00083	LAX_RV_EPICARDIAL	8	1.0	1.0
-13.13142	-2.37127	-20.07617	LAX_RV_EPICARDIAL	8	1.0	1.0
-15.21421	-3.72972	-18.15152	LAX_RV_EPICARDIAL	8	1.0	1.0
-17.01809	-3.72972	-15.99370	LAX_RV_EPICARDIAL	8	1.0	1.0
-20.90477	-5.08816	-11.91123	LAX_RV_EPICARDIAL	8	1.0	1.0
-22.98756	-6.44661	-9.98657	LAX_RV_EPICARDIAL	8	1.0	1.0
-24.44733	-9.16351	-9.37399	LAX_RV_EPICARDIAL	8	1.0	1.0
8.84117	-22.74803	-54.86195	LAX_RV_SEPTUM	8	1.0	1.0
8.49706	-20.03113	-53.31672	LAX_RV_SEPTUM	8	1.0	1.0
6.97209	-18.67268	-50.92574	LAX_RV_SEPTUM	8	1.0	1.0
5.16821	-18.67268	-48.76792	LAX_RV_SEPTUM	8	1.0	1.0
3.64324	-17.31423	-46.37694	LAX_RV_SEPTUM	8	1.0	1.0
2.11827	-15.95578	-43.98597	LAX_RV_SEPTUM	8	1.0	1.0
0.87221	-13.23888	-41.36182	LAX_RV_SEPTUM	8	1.0	1.0
-0.65276	-11.88043	-38.97085	LAX_RV_SEPTUM	8	1.0	1.0
-2.17772	-10.52198	-36.57987	LAX_RV_SEPTUM	8	1.0	1.0
-3.70269	-9.16353	-34.18889	LAX_RV_SEPTUM	8	1.0	1.0
-5.22766	-7.80508	-31.79791	LAX_RV_SEPTUM	8	1.0	1.0
-6.75263	-6.44663	-29.40693	LAX_RV_SEPTUM	8	1.0	1.0
-7.71977	-2.37128	-26.54962	LAX_LV_EPICARDIAL	8	1.0	1.0
11.82591	-21.38958	-57.86552	LAX_LV_EPICARDIAL	8	1.0	1.0
13.35087	-22.74803	-60.25650	LAX_LV_EPICARDIAL	8	1.0	1.0
14.87584	-24.10648	-62.64748	LAX_LV_EPICARDIAL	8	1.0	1.0
16.67972	-24.10649	-64.80529	LAX_LV_EPICARDIAL	8	1.0	1.0
18.20469	-25.46494	-67.19627	LAX_LV_EPICARDIAL	8	1.0	1.0
19.72966	-26.82339	-69.58725	LAX_LV_EPICARDIAL	8	1.0	1.0
21.53354	-26.82339	-71.74507	LAX_LV_EPICARDIAL	8	1.0	1.0
23.33742	-26.82339	-73.90289	LAX_LV_EPICARDIAL	8	1.0	1.0
24.86239	-28.18184	-76.29387	LAX_LV_EPICARDIAL	8	1.0	1.0
26.66627	-28.18184	-78.45169	LAX_LV_EPICARDIAL	8	1.0	1.0
28.47015	-28.18184	-80.60950	LAX_LV_EPICARDIAL	8	1.0	1.0
30.55295	-26.82340	-82.53416	LAX_LV_EPICARDIAL	8	1.0	1.0
32.35683	-26.82340	-84.69198	LAX_LV_EPICARDIAL	8	1.0	1.0
34.16071	-26.82340	-86.84979	LAX_LV_EPICARDIAL	8	1.0	1.0
35.96459	-26.82340	-89.00761	LAX_LV_EPICARDIAL	8	1.0	1.0
38.04739	-25.46496	-90.93227	LAX_LV_EPICARDIAL	8	1.0	1.0
40.40909	-22.74806	-92.62376	LAX_LV_EPICARDIAL	8	1.0	1.0
42.77080	-20.03116	-94.31525	LAX_LV_EPICARDIAL	8	1.0	1.0
44.23057	-17.31427	-94.92784	LAX_LV_EPICARDIAL	8	1.0	1.0
44.78839	-14.59737	-94.46152	LAX_LV_EPICARDIAL	8	1.0	1.0
45.34622	-11.88047	-93.99519	LAX_LV_EPICARDIAL	8	1.0	1.0
45.90404	-9.16358	-93.52887	LAX_LV_EPICARDIAL	8	1.0	1.0
45.55993	-6.44668	-91.98364	LAX_LV_EPICARDIAL	8	1.0	1.0
45.21581	-3.72978	-90.43840	LAX_LV_EPICARDIAL	8	1.0	1.0
44.87170	-1.01288	-88.89317	LAX_LV_EPICARDIAL	8	1.0	1.0
44.52758	1.70402	-87.34794	LAX_LV_EPICARDIAL	8	1.0	1.0
44.18347	4.42092	-85.80271	LAX_LV_EPICARDIAL	8	1.0	1.0
44.74129	7.13781	-85.33638	LAX_LV_EPICARDIAL	8	1.0	1.0
44.39718	9.85471	-83.79115	LAX_LV_EPICARDIAL	8	1.0	1.0
44.05306	12.57161	-82.24592	LAX_LV_EPICARDIAL	8	1.0	1.0
43.70895	15.28851	-80.70068	LAX_LV_EPICARDIAL	8	1.0	1.0
43.36483	18.00541	-79.15545	LAX_LV_EPICARDIAL	8	1.0	1.0
42.11878	20.72231	-76.53131	LAX_LV_EPICARDIAL	8	1.0	1.0
41.77466	23.43921	-74.98608	LAX_LV_EPICARDIAL	8	1.0	1.0
41.43055	26.15610	-73.44084	LAX_LV_EPICARDIAL	8	1.0	1.0
41.08643	28.87300	-71.89561	LAX_LV_EPICARDIAL	8	1.0	1.0
39.84038	31.58990	-69.27147	LAX_LV_EPICARDIAL	8	1.0	1.0
39.49626	34.30680	-67.72624	LAX_LV_EPICARDIAL	8	1.0	1.0
38.25021	37.02370	-65.10210	LAX_LV_EPICARDIAL	8	1.0	1.0
37.00415	39.74060	-62.47796	LAX_LV_EPICARDIAL	8	1.0	1.0
35.75809	42.45750	-59.85382	LAX_LV_EPICARDIAL	8	1.0	1.0
34.23313	43.81595	-57.46284	LAX_LV_EPICARDIAL	8	1.0	1.0
32.70816	45.17440	-55.07186	LAX_LV_EPICARDIAL	8	1.0	1.0
31.18319	46.53285	-52.68088	LAX_LV_EPICARDIAL	8	1.0	1.0
29.65822	47.89130	-50.28990	LAX_LV_EPICARDIAL	8	1.0	1.0
27.85434	47.89130	-48.13208	LAX_LV_EPICARDIAL	8	1.0	1.0
26.32937	49.24975	-45.74110	LAX_LV_EPICARDIAL	8	1.0	1.0
24.24658	47.89130	-43.81645	LAX_LV_EPICARDIAL	8	1.0	1.0
22.44270	47.89131	-41.65863	LAX_LV_EPICARDIAL	8	1.0	1.0
20.35990	46.53286	-39.73397	LAX_LV_EPICARDIAL	8	1.0	1.0
2.08927	23.43924	-27.51409	LAX_LV_EPICARDIAL	8	1.0	1.0
0.00648	22.08080	-25.58944	LAX_LV_EPICARDIAL	8	1.0	1.0
-1.79740	22.08080	-23.43162	LAX_LV_EPICARDIAL	8	1.0	1.0
-3.60128	22.08080	-21.27380	LAX_LV_EPICARDIAL	8	1.0	1.0
-6.88303	1.70407	-25.85014	LAX_LV_ENDOCARDIAL	8	1.0	1.0
-4.80024	3.06251	-27.77479	LAX_LV_ENDOCARDIAL	8	1.0	1.0
-2.71745	4.42096	-29.69945	LAX_LV_ENDOCARDIAL	8	1.0	1.0
-0.35574	7.13786	-31.39094	LAX_LV_ENDOCARDIAL	8	1.0	1.0
1.44814	7.13786	-33.54876	LAX_LV_ENDOCARDIAL	8	1.0	1.0
3.53094	8.49630	-35.47342	LAX_LV_ENDOCARDIAL	8	1.0	1.0
5.05591	7.13785	-37.86440	LAX_LV_ENDOCARDIAL	8	1.0	1.0
6.58087	5.77940	-40.25538	LAX_LV_ENDOCARDIAL	8	1.0	1.0
8.10584	4.42095	-42.64635	LAX_LV_ENDOCARDIAL	8	1.0	1.0
8.44996	1.70405	-44.19159	LAX_LV_ENDOCARDIAL	8	1.0	1.0
9.97493	0.34560	-46.58257	LAX_LV_ENDOCARDIAL	8	1.0	1.0
11.22098	-2.37130	-49.20671	LAX_LV_ENDOCARDIAL	8	1.0	1.0
12.74595	-3.72975	-51.59769	LAX_LV_ENDOCARDIAL	8	1.0	1.0
13.99201	-6.44665	-54.22183	LAX_LV_ENDOCARDIAL	8	1.0	1.0
15.51697	-7.80510	-56.61281	LAX_LV_ENDOCARDIAL	8	1.0	1.0
17.04194	-9.16355	-59.00379	LAX_LV_ENDOCARDIAL	8	1.0	1.0
18.56691	-10.52200	-61.39477	LAX_LV_ENDOCARDIAL	8	1.0	1.0
20.09188	-11.88045	-63.78575	LAX_LV_ENDOCARDIAL	8	1.0	1.0
21.61685	-13.23890	-66.17673	LAX_LV_ENDOCARDIAL	8	1.0	1.0
23.42073	-13.23890	-68.33454	LAX_LV_ENDOCARDIAL	8	1.0	1.0
24.94570	-14.59735	-70.72552	LAX_LV_ENDOCARDIAL	8	1.0	1.0
26.47067	-15.95580	-73.11650	LAX_LV_ENDOCARDIAL	8	1.0	1.0
28.27455	-15.95580	-75.27432	LAX_LV_ENDOCARDIAL	8	1.0	1.0
29.79952	-17.31425	-77.66530	LAX_LV_ENDOCARDIAL	8	1.0	1.0
31.60340	-17.31426	-79.82312	LAX_LV_ENDOCARDIAL	8	1.0	1.0
33.40728	-17.31426	-81.98093	LAX_LV_ENDOCARDIAL	8	1.0	1.0
34.93225	-18.67271	-84.37191	LAX_LV_ENDOCARDIAL	8	1.0	1.0
36.73613	-18.67271	-86.52973	LAX_LV_ENDOCARDIAL	8	1.0	1.0
38.54001	-18.67271	-88.68755	LAX_LV_ENDOCARDIAL	8	1.0	1.0
40.62280	-17.31426	-90.61220	LAX_LV_ENDOCARDIAL	8	1.0	1.0
41.18063	-14.59737	-90.14588	LAX_LV_ENDOCARDIAL	8	1.0	1.0
40.83651	-11.88047	-88.60065	LAX_LV_ENDOCARDIAL	8	1.0	1.0
39.59046	-9.16357	-85.97651	LAX_LV_ENDOCARDIAL	8	1.0	1.0
38.34440	-6.44667	-83.35237	LAX_LV_ENDOCARDIAL	8	1.0	1.0
37.09835	-3.72977	-80.72822	LAX_LV_ENDOCARDIAL	8	1.0	1.0
36.75423	-1.01287	-79.18299	LAX_LV_ENDOCARDIAL	8	1.0	1.0
35.50818	1.70403	-76.55885	LAX_LV_ENDOCARDIAL	8	1.0	1.0
35.16406	4.42093	-75.01362	LAX_LV_ENDOCARDIAL	8	1.0	1.0
33.91801	7.13782	-72.38948	LAX_LV_ENDOCARDIAL	8	1.0	1.0
32.67195	9.85472	-69.76534	LAX_LV_ENDOCARDIAL	8	1.0	1.0
32.32783	12.57162	-68.22010	LAX_LV_ENDOCARDIAL	8	1.0	1.0
31.08178	15.28852	-65.59596	LAX_LV_ENDOCARDIAL	8	1.0	1.0
30.73766	18.00542	-64.05073	LAX_LV_ENDOCARDIAL	8	1.0	1.0
31.29549	20.72232	-63.58440	LAX_LV_ENDOCARDIAL	8	1.0	1.0
31.85332	23.43921	-63.11808	LAX_LV_ENDOCARDIAL	8	1.0	1.0
31.50920	26.15611	-61.57285	LAX_LV_ENDOCARDIAL	8	1.0	1.0
29.98423	27.51456	-59.18187	LAX_LV_ENDOCARDIAL	8	1.0	1.0
28.73818	30.23146	-56.55773	LAX_LV_ENDOCARDIAL	8	1.0	1.0
27.49212	32.94836	-53.93359	LAX_LV_ENDOCARDIAL	8	1.0	1.0
25.96715	34.30681	-51.54261	LAX_LV_ENDOCARDIAL	8	1.0	1.0
24.72110	37.02371	-48.91847	LAX_LV_ENDOCARDIAL	8	1.0	1.0
22.91722	37.02371	-46.76065	LAX_LV_ENDOCARDIAL	8	1.0	1.0
21.39225	38.38216	-44.36967	LAX_LV_ENDOCARDIAL	8	1.0	1.0
19.86728	39.74061	-41.97869	LAX_LV_ENDOCARDIAL	8	1.0	1.0
2.08927	23.43924	-27.51409	LAX_LV_ENDOCARDIAL	8	1.0	1.0
0.00648	22.08080	-25.58944	LAX_LV_ENDOCARDIAL	8	1.0	1.0
-1.79740	22.08080	-23.43162	LAX_LV_ENDOCARDIAL	8	1.0	1.0
-3.60128	22.08080	-21.27380	LAX_LV_ENDOCARDIAL	8	1.0	1.0
-24.72624	-10.52196	-9.60715	LAX_RV_EPICARDIAL	8	1.0	1.0
-24.38212	-13.23885	-11.15238	LAX_RV_EPICARDIAL	8	1.0	1.0
-24.03801	-15.95575	-12.69761	LAX_RV_EPICARDIAL	8	1.0	1.0
-23.69389	-18.67265	-14.24284	LAX_RV_EPICARDIAL	8	1.0	1.0
-22.16893	-20.03110	-16.63382	LAX_RV_EPICARDIAL	8	1.0	1.0
-20.64396	-21.38955	-19.02480	LAX_RV_EPICARDIAL	8	1.0	1.0
-18.84008	-21.38955	-21.18262	LAX_RV_EPICARDIAL	8	1.0	1.0
-17.31511	-22.74800	-23.57360	LAX_RV_EPICARDIAL	8	1.0	1.0
-15.79014	-24.10646	-25.96458	LAX_RV_EPICARDIAL	8	1.0	1.0
-14.26517	-25.46491	-28.35556	LAX_RV_EPICARDIAL	8	1.0	1.0
-12.46129	-25.46491	-30.51338	LAX_RV_EPICARDIAL	8	1.0	1.0
-10.65741	-25.46491	-32.67119	LAX_RV_EPICARDIAL	8	1.0	1.0
-9.13244	-26.82336	-35.06217	LAX_RV_EPICARDIAL	8	1.0	1.0
-7.32856	-26.82336	-37.21999	LAX_RV_EPICARDIAL	8	1.0	1.0
-5.52468	-26.82336	-39.37781	LAX_RV_EPICARDIAL	8	1.0	1.0
-3.72080	-26.82336	-41.53563	LAX_RV_EPICARDIAL	8	1.0	1.0
-1.63800	-25.46492	-43.46028	LAX_RV_EPICARDIAL	8	1.0	1.0
0.16588	-25.46492	-45.61810	LAX_RV_EPICARDIAL	8	1.0	1.0
1.96976	-25.46492	-47.77592	LAX_RV_EPICARDIAL	8	1.0	1.0
3.77364	-25.46492	-49.93373	LAX_RV_EPICARDIAL	8	1.0	1.0
5.57752	-25.46492	-52.09155	LAX_RV_EPICARDIAL	8	1.0	1.0
7.38140	-25.46493	-54.24937	LAX_RV_EPICARDIAL	8	1.0	1.0
9.46420	-24.10648	-56.17402	LAX_RV_EPICARDIAL	8	1.0	1.0
11.26808	-24.10648	-58.33184	LAX_RV_EPICARDIAL	8	1.0	1.0
9.74311	-22.74803	-55.94086	LAX_RV_EPICARDIAL	8	1.0	1.0
-9.24474	-1.01283	-24.15864	LAX_RV_EPICARDIAL	8	1.0	1.0
-11.04862	-1.01283	-22.00083	LAX_RV_EPICARDIAL	8	1.0	1.0
-13.13142	-2.37127	-20.07617	LAX_RV_EPICARDIAL	8	1.0	1.0
-15.21421	-3.72972	-18.15152	LAX_RV_EPICARDIAL	8	1.0	1.0
-17.01809	-3.72972	-15.99370	LAX_RV_EPICARDIAL	8	1.0	1.0
-20.90477	-5.08816	-11.91123	LAX_RV_EPICARDIAL	8	1.0	1.0
-22.98756	-6.44661	-9.98657	LAX_RV_EPICARDIAL	8	1.0	1.0
-24.44733	-9.16351	-9.37399	LAX_RV_EPICARDIAL	8	1.0	1.0
-23.01655	32.94841	6.48530	LAX_LA	8	1.0	1.0
-21.49159	31.58996	4.09432	LAX_LA	8	1.0	1.0
-20.24553	28.87306	1.47018	LAX_LA	8	1.0	1.0
-18.44165	28.87306	-0.68764	LAX_LA	8	1.0	1.0
-16.63777	28.87306	-2.84545	LAX_LA	8	1.0	1.0
-15.11280	27.51461	-5.23643	LAX_LA	8	1.0	1.0
-13.58783	26.15616	-7.62741	LAX_LA	8	1.0	1.0
-11.78395	26.15615	-9.78523	LAX_LA	8	1.0	1.0
-9.98007	26.15615	-11.94305	LAX_LA	8	1.0	1.0
-7.89727	27.51460	-13.86770	LAX_LA	8	1.0	1.0
-6.09339	27.51460	-16.02552	LAX_LA	8	1.0	1.0
-4.28951	27.51460	-18.18334	LAX_LA	8	1.0	1.0
-2.76454	26.15615	-20.57432	LAX_LA	8	1.0	1.0
-0.96066	26.15614	-22.73213	LAX_LA	8	1.0	1.0
0.84322	26.15614	-24.88995	LAX_LA	8	1.0	1.0
17.99820	43.81596	-38.04248	LAX_LA	8	1.0	1.0
16.75214	46.53286	-35.41834	LAX_LA	8	1.0	1.0
15.22717	47.89131	-33.02736	LAX_LA	8	1.0	1.0
13.70220	49.24976	-30.63638	LAX_LA	8	1.0	1.0
11.89832	49.24977	-28.47856	LAX_LA	8	1.0	1.0
10.09444	49.24977	-26.32074	LAX_LA	8	1.0	1.0
8.29056	49.24977	-24.16293	LAX_LA	8	1.0	1.0
6.48668	49.24977	-22.00511	LAX_LA	8	1.0	1.0
4.68280	49.24977	-19.84729	LAX_LA	8	1.0	1.0
3.15783	50.60822	-17.45631	LAX_LA	8	1.0	1.0
1.35395	50.60822	-15.29849	LAX_LA	8	1.0	1.0
-0.44993	50.60823	-13.14068	LAX_LA	8	1.0	1.0
-2.25382	50.60823	-10.98286	LAX_LA	8	1.0	1.0
-3.77878	51.96668	-8.59188	LAX_LA	8	1.0	1.0
-5.58267	51.96668	-6.43406	LAX_LA	8	1.0	1.0
-7.38655	51.96668	-4.27624	LAX_LA	8	1.0	1.0
-9.46934	50.60823	-2.35159	LAX_LA	8	1.0	1.0
-11.55213	49.24979	-0.42693	LAX_LA	8	1.0	1.0
-13.63493	47.89134	1.49772	LAX_LA	8	1.0	1.0
-15.71772	46.53289	3.42238	LAX_LA	8	1.0	1.0
-18.07943	43.81600	5.11387	LAX_LA	8	1.0	1.0
-19.53920	41.09910	5.72646	LAX_LA	8	1.0	1.0
-20.99896	38.38220	6.33904	LAX_LA	8	1.0	1.0
-22.45873	35.66531	6.95163	LAX_LA	8	1.0	1.0
4.05745	27.57302	-28.14366	MITRAL_VALVE	8	1.0	1.0
17.12666	41.38290	-38.01511	MITRAL_VALVE	8	1.0	1.0
-6.55976	21.39956	-18.01909	AORTA_VALVE	8	1.0	1.0
-8.85422	1.52303	-23.56772	AORTA_VALVE	8	1.0	1.0
42.53439	-20.06584	-94.04693	APEX_POINT	8	1.0	1.0
-44.56463	2.28764	-74.29101	LAX_RV_FREEWALL	7	1.0	7
-45.74290	0.68635	-76.72725	LAX_RV_FREEWALL	7	1.0	7
-46.92116	-0.91494	-79.16348	LAX_RV_FREEWALL	7	1.0	7
-46.69965	-2.51623	-81.46499	LAX_RV_FREEWALL	7	1.0	7
-46.47814	-4.11752	-83.76650	LAX_RV_FREEWALL	7	1.0	7
-43.45706	-5.71881	-85.79857	LAX_RV_FREEWALL	7	1.0	7
-40.43599	-7.32011	-87.83063	LAX_RV_FREEWALL	7	1.0	7
-37.52567	-8.12075	-88.71193	LAX_RV_FREEWALL	7	1.0	7
-34.50459	-9.72205	-90.74400	LAX_RV_FREEWALL	7	1.0	7
-31.59427	-10.52269	-91.62530	LAX_RV_FREEWALL	7	1.0	7
-28.68395	-11.32334	-92.50661	LAX_RV_FREEWALL	7	1.0	7
-25.77364	-12.12398	-93.38791	LAX_RV_FREEWALL	7	1.0	7
-22.86332	-12.92463	-94.26922	LAX_RV_FREEWALL	7	1.0	7
-19.95300	-13.72528	-95.15053	LAX_RV_FREEWALL	7	1.0	7
-17.04268	-14.52592	-96.03183	LAX_RV_FREEWALL	7	1.0	7
-14.13236	-15.32657	-96.91314	LAX_RV_FREEWALL	7	1.0	7
-11.22204	-16.12722	-97.79444	LAX_RV_FREEWALL	7	1.0	7
-8.31172	-16.92786	-98.67575	LAX_RV_FREEWALL	7	1.0	7
-5.40140	-17.72851	-99.55706	LAX_RV_FREEWALL	7	1.0	7
-2.60184	-17.72851	-99.28761	LAX_RV_FREEWALL	7	1.0	7
0.30848	-18.52916	-100.16891	LAX_RV_FREEWALL	7	1.0	7
3.10804	-18.52916	-99.89946	LAX_RV_FREEWALL	7	1.0	7
6.01836	-19.32980	-100.78077	LAX_RV_FREEWALL	7	1.0	7
8.81792	-19.32980	-100.51132	LAX_RV_FREEWALL	7	1.0	7
11.72824	-20.13045	-101.39263	LAX_RV_FREEWALL	7	1.0	7
14.52780	-20.13045	-101.12318	LAX_RV_FREEWALL	7	1.0	7
17.32737	-20.13045	-100.85373	LAX_RV_FREEWALL	7	1.0	7
20.12693	-20.13045	-100.58428	LAX_RV_FREEWALL	7	1.0	7
22.92649	-20.13045	-100.31483	LAX_RV_FREEWALL	7	1.0	7
24.10476	-18.52916	-97.87859	LAX_RV_FREEWALL	7	1.0	7
-46.07517	3.08829	-73.27498	LAX_RV_EPICARDIAL	7	1.0	7
-48.87473	3.08829	-73.54443	LAX_RV_EPICARDIAL	7	1.0	7
-51.45278	1.48700	-76.11539	LAX_RV_EPICARDIAL	7	1.0	7
-52.63105	-0.11429	-78.55163	LAX_RV_EPICARDIAL	7	1.0	7
-52.40953	-1.71558	-80.85314	LAX_RV_EPICARDIAL	7	1.0	7
-52.18802	-3.31688	-83.15465	LAX_RV_EPICARDIAL	7	1.0	7
-51.96651	-4.91817	-85.45616	LAX_RV_EPICARDIAL	7	1.0	7
-50.34521	-6.51946	-87.62295	LAX_RV_EPICARDIAL	7	1.0	7
-47.32414	-8.12075	-89.65501	LAX_RV_EPICARDIAL	7	1.0	7
-44.30306	-9.72204	-91.68707	LAX_RV_EPICARDIAL	7	1.0	7
-41.39274	-10.52269	-92.56837	LAX_RV_EPICARDIAL	7	1.0	7
-38.48242	-11.32334	-93.44968	LAX_RV_EPICARDIAL	7	1.0	7
-35.57210	-12.12398	-94.33099	LAX_RV_EPICARDIAL	7	1.0	7
-32.66179	-12.92463	-95.21229	LAX_RV_EPICARDIAL	7	1.0	7
-29.75147	-13.72527	-96.09360	LAX_RV_EPICARDIAL	7	1.0	7
-26.84115	-14.52592	-96.97491	LAX_RV_EPICARDIAL	7	1.0	7
-23.93083	-15.32657	-97.85621	LAX_RV_EPICARDIAL	7	1.0	7
-20.90975	-16.92786	-99.88827	LAX_RV_EPICARDIAL	7	1.0	7
-17.99943	-17.72851	-100.76958	LAX_RV_EPICARDIAL	7	1.0	7
-15.19987	-17.72851	-100.50013	LAX_RV_EPICARDIAL	7	1.0	7
-12.28955	-18.52915	-101.38144	LAX_RV_EPICARDIAL	7	1.0	7
-9.37923	-19.32980	-102.26274	LAX_RV_EPICARDIAL	7	1.0	7
-6.46891	-20.13045	-103.14405	LAX_RV_EPICARDIAL	7	1.0	7
-3.66935	-20.13045	-102.87460	LAX_RV_EPICARDIAL	7	1.0	7
-0.75903	-20.93109	-103.75591	LAX_RV_EPICARDIAL	7	1.0	7
2.15129	-21.73174	-104.63721	LAX_RV_EPICARDIAL	7	1.0	7
4.95085	-21.73174	-104.36776	LAX_RV_EPICARDIAL	7	1.0	7
7.63965	-20.93110	-102.94756	LAX_RV_EPICARDIAL	7	1.0	7
10.54997	-21.73174	-103.82886	LAX_RV_EPICARDIAL	7	1.0	7
13.34954	-21.73174	-103.55941	LAX_RV_EPICARDIAL	7	1.0	7
16.14910	-21.73174	-103.28996	LAX_RV_EPICARDIAL	7	1.0	7
19.05942	-22.53239	-104.17127	LAX_RV_EPICARDIAL	7	1.0	7
21.85898	-22.53239	-103.90182	LAX_RV_EPICARDIAL	7	1.0	7
24.54779	-21.73175	-102.48162	LAX_RV_EPICARDIAL	7	1.0	7
27.12584	-20.13046	-99.91066	LAX_RV_EPICARDIAL	7	1.0	7
-22.31894	13.49667	-55.89012	LAX_RV_SEPTUM	7	1.0	7
23.88325	-16.92787	-95.57708	LAX_RV_SEPTUM	7	1.0	7
20.97293	-16.12723	-94.69578	LAX_RV_SEPTUM	7	1.0	7
18.06261	-15.32658	-93.81447	LAX_RV_SEPTUM	7	1.0	7
15.15229	-14.52593	-92.93317	LAX_RV_SEPTUM	7	1.0	7
12.13121	-12.92464	-90.90110	LAX_RV_SEPTUM	7	1.0	7
9.11014	-11.32335	-88.86904	LAX_RV_SEPTUM	7	1.0	7
6.08906	-9.72206	-86.83698	LAX_RV_SEPTUM	7	1.0	7
3.06799	-8.12076	-84.80492	LAX_RV_SEPTUM	7	1.0	7
0.04691	-6.51947	-82.77286	LAX_RV_SEPTUM	7	1.0	7
-1.57438	-4.91818	-80.60607	LAX_RV_SEPTUM	7	1.0	7
-3.19568	-3.31689	-78.43928	LAX_RV_SEPTUM	7	1.0	7
-6.21675	-1.71560	-76.40722	LAX_RV_SEPTUM	7	1.0	7
-7.83805	-0.11431	-74.24044	LAX_RV_SEPTUM	7	1.0	7
-9.45934	1.48699	-72.07365	LAX_RV_SEPTUM	7	1.0	7
-11.08064	3.08828	-69.90686	LAX_RV_SEPTUM	7	1.0	7
-14.10171	4.68957	-67.87480	LAX_RV_SEPTUM	7	1.0	7
-15.72300	6.29086	-65.70802	LAX_RV_SEPTUM	7	1.0	7
-17.34430	7.89215	-63.54123	LAX_RV_SEPTUM	7	1.0	7
-18.96559	9.49344	-61.37444	LAX_RV_SEPTUM	7	1.0	7
-19.18711	11.09474	-59.07293	LAX_RV_SEPTUM	7	1.0	7
-20.80840	12.69603	-56.90615	LAX_RV_SEPTUM	7	1.0	7
-20.40543	19.90184	-46.41462	LAX_LV_EPICARDIAL	7	1.0	7
-20.18392	18.30055	-48.71613	LAX_LV_EPICARDIAL	7	1.0	7
-21.36218	16.69926	-51.15237	LAX_LV_EPICARDIAL	7	1.0	7
-21.14067	15.09796	-53.45388	LAX_LV_EPICARDIAL	7	1.0	7
26.68281	-16.92787	-95.30763	LAX_LV_EPICARDIAL	7	1.0	7
29.59313	-17.72852	-96.18894	LAX_LV_EPICARDIAL	7	1.0	7
32.39269	-17.72852	-95.91949	LAX_LV_EPICARDIAL	7	1.0	7
35.19225	-17.72852	-95.65004	LAX_LV_EPICARDIAL	7	1.0	7
37.99182	-17.72852	-95.38059	LAX_LV_EPICARDIAL	7	1.0	7
40.79138	-17.72852	-95.11114	LAX_LV_EPICARDIAL	7	1.0	7
43.48018	-16.92788	-93.69094	LAX_LV_EPICARDIAL	7	1.0	7
46.16899	-16.12723	-92.27073	LAX_LV_EPICARDIAL	7	1.0	7
47.34726	-14.52594	-89.83450	LAX_LV_EPICARDIAL	7	1.0	7
48.52553	-12.92465	-87.39826	LAX_LV_EPICARDIAL	7	1.0	7
49.70380	-11.32336	-84.96203	LAX_LV_EPICARDIAL	7	1.0	7
50.88206	-9.72207	-82.52579	LAX_LV_EPICARDIAL	7	1.0	7
50.66055	-8.12078	-80.22428	LAX_LV_EPICARDIAL	7	1.0	7
51.83882	-6.51949	-77.78805	LAX_LV_EPICARDIAL	7	1.0	7
51.61731	-4.91820	-75.48653	LAX_LV_EPICARDIAL	7	1.0	7
52.79557	-3.31691	-73.05030	LAX_LV_EPICARDIAL	7	1.0	7
52.57406	-1.71561	-70.74879	LAX_LV_EPICARDIAL	7	1.0	7
52.35255	-0.11432	-68.44728	LAX_LV_EPICARDIAL	7	1.0	7
53.53082	1.48697	-66.01104	LAX_LV_EPICARDIAL	7	1.0	7
53.30930	3.08826	-63.70953	LAX_LV_EPICARDIAL	7	1.0	7
53.08779	4.68955	-61.40802	LAX_LV_EPICARDIAL	7	1.0	7
52.86628	6.29084	-59.10651	LAX_LV_EPICARDIAL	7	1.0	7
51.24498	7.89213	-56.93972	LAX_LV_EPICARDIAL	7	1.0	7
51.02347	9.49342	-54.63821	LAX_LV_EPICARDIAL	7	1.0	7
50.80196	11.09472	-52.33670	LAX_LV_EPICARDIAL	7	1.0	7
49.18066	12.69601	-50.16991	LAX_LV_EPICARDIAL	7	1.0	7
48.95915	14.29730	-47.86840	LAX_LV_EPICARDIAL	7	1.0	7
47.33785	15.89859	-45.70162	LAX_LV_EPICARDIAL	7	1.0	7
47.11634	17.49988	-43.40011	LAX_LV_EPICARDIAL	7	1.0	7
45.49505	19.10117	-41.23332	LAX_LV_EPICARDIAL	7	1.0	7
43.87375	20.70247	-39.06653	LAX_LV_EPICARDIAL	7	1.0	7
42.25246	22.30376	-36.89975	LAX_LV_EPICARDIAL	7	1.0	7
40.63116	23.90505	-34.73296	LAX_LV_EPICARDIAL	7	1.0	7
39.00987	25.50634	-32.56617	LAX_LV_EPICARDIAL	7	1.0	7
37.38858	27.10763	-30.39939	LAX_LV_EPICARDIAL	7	1.0	7
34.36750	28.70892	-28.36733	LAX_LV_EPICARDIAL	7	1.0	7
31.45718	29.50957	-27.48602	LAX_LV_EPICARDIAL	7	1.0	7
28.54686	30.31022	-26.60471	LAX_LV_EPICARDIAL	7	1.0	7
25.63654	31.11086	-25.72341	LAX_LV_EPICARDIAL	7	1.0	7
22.72622	31.91151	-24.84210	LAX_LV_EPICARDIAL	7	1.0	7
-19.00565	19.90184	-46.27990	LAX_LV_ENDOCARDIAL	7	1.0	7
-17.38435	18.30055	-48.44668	LAX_LV_ENDOCARDIAL	7	1.0	7
-14.36328	16.69925	-50.47875	LAX_LV_ENDOCARDIAL	7	1.0	7
-12.74198	15.09796	-52.64553	LAX_LV_ENDOCARDIAL	7	1.0	7
-11.12069	13.49667	-54.81232	LAX_LV_ENDOCARDIAL	7	1.0	7
-8.09961	11.89538	-56.84438	LAX_LV_ENDOCARDIAL	7	1.0	7
-5.07854	10.29409	-58.87644	LAX_LV_ENDOCARDIAL	7	1.0	7
-3.45724	8.69279	-61.04323	LAX_LV_ENDOCARDIAL	7	1.0	7
-0.43617	7.09150	-63.07529	LAX_LV_ENDOCARDIAL	7	1.0	7
2.58491	5.49021	-65.10735	LAX_LV_ENDOCARDIAL	7	1.0	7
4.20620	3.88892	-67.27414	LAX_LV_ENDOCARDIAL	7	1.0	7
7.22728	2.28763	-69.30620	LAX_LV_ENDOCARDIAL	7	1.0	7
8.84857	0.68634	-71.47299	LAX_LV_ENDOCARDIAL	7	1.0	7
10.46987	-0.91496	-73.63977	LAX_LV_ENDOCARDIAL	7	1.0	7
13.49094	-2.51625	-75.67183	LAX_LV_ENDOCARDIAL	7	1.0	7
15.11224	-4.11754	-77.83862	LAX_LV_ENDOCARDIAL	7	1.0	7
18.13331	-5.71883	-79.87068	LAX_LV_ENDOCARDIAL	7	1.0	7
19.75461	-7.32012	-82.03747	LAX_LV_ENDOCARDIAL	7	1.0	7
22.77568	-8.92142	-84.06953	LAX_LV_ENDOCARDIAL	7	1.0	7
25.79676	-10.52271	-86.10159	LAX_LV_ENDOCARDIAL	7	1.0	7
28.81783	-12.12400	-88.13365	LAX_LV_ENDOCARDIAL	7	1.0	7
31.72815	-12.92465	-89.01496	LAX_LV_ENDOCARDIAL	7	1.0	7
34.74923	-14.52594	-91.04702	LAX_LV_ENDOCARDIAL	7	1.0	7
37.54879	-14.52594	-90.77757	LAX_LV_ENDOCARDIAL	7	1.0	7
40.34835	-14.52594	-90.50812	LAX_LV_ENDOCARDIAL	7	1.0	7
41.63738	-13.72529	-89.22264	LAX_LV_ENDOCARDIAL	7	1.0	7
41.41586	-12.12400	-86.92113	LAX_LV_ENDOCARDIAL	7	1.0	7
42.59413	-10.52271	-84.48490	LAX_LV_ENDOCARDIAL	7	1.0	7
42.37262	-8.92142	-82.18338	LAX_LV_ENDOCARDIAL	7	1.0	7
42.15111	-7.32013	-79.88187	LAX_LV_ENDOCARDIAL	7	1.0	7
43.32937	-5.71884	-77.44564	LAX_LV_ENDOCARDIAL	7	1.0	7
43.10786	-4.11755	-75.14413	LAX_LV_ENDOCARDIAL	7	1.0	7
42.88635	-2.51626	-72.84262	LAX_LV_ENDOCARDIAL	7	1.0	7
42.66484	-0.91497	-70.54110	LAX_LV_ENDOCARDIAL	7	1.0	7
42.44332	0.68633	-68.23959	LAX_LV_ENDOCARDIAL	7	1.0	7
42.22181	2.28762	-65.93808	LAX_LV_ENDOCARDIAL	7	1.0	7
42.00030	3.88891	-63.63657	LAX_LV_ENDOCARDIAL	7	1.0	7
41.77878	5.49020	-61.33506	LAX_LV_ENDOCARDIAL	7	1.0	7
40.15749	7.09149	-59.16827	LAX_LV_ENDOCARDIAL	7	1.0	7
38.53619	8.69278	-57.00149	LAX_LV_ENDOCARDIAL	7	1.0	7
38.31468	10.29407	-54.69998	LAX_LV_ENDOCARDIAL	7	1.0	7
36.69339	11.89537	-52.53319	LAX_LV_ENDOCARDIAL	7	1.0	7
36.47187	13.49666	-50.23168	LAX_LV_ENDOCARDIAL	7	1.0	7
34.85058	15.09795	-48.06489	LAX_LV_ENDOCARDIAL	7	1.0	7
33.22929	16.69924	-45.89811	LAX_LV_ENDOCARDIAL	7	1.0	7
33.00777	18.30053	-43.59660	LAX_LV_ENDOCARDIAL	7	1.0	7
31.38648	19.90182	-41.42981	LAX_LV_ENDOCARDIAL	7	1.0	7
28.36540	21.50312	-39.39775	LAX_LV_ENDOCARDIAL	7	1.0	7
26.74411	23.10441	-37.23096	LAX_LV_ENDOCARDIAL	7	1.0	7
25.12281	24.70570	-35.06418	LAX_LV_ENDOCARDIAL	7	1.0	7
22.10174	26.30699	-33.03211	LAX_LV_ENDOCARDIAL	7	1.0	7
20.48044	27.90828	-30.86533	LAX_LV_ENDOCARDIAL	7	1.0	7
18.85915	29.50957	-28.69854	LAX_LV_ENDOCARDIAL	7	1.0	7
-46.07517	3.08829	-73.27498	LAX_RV_EPICARDIAL	7	1.0	7
-48.87473	3.08829	-73.54443	LAX_RV_EPICARDIAL	7	1.0	7
-51.45278	1.48700	-76.11539	LAX_RV_EPICARDIAL	7	1.0	7
-52.63105	-0.11429	-78.55163	LAX_RV_EPICARDIAL	7	1.0	7
-52.40953	-1.71558	-80.85314	LAX_RV_EPICARDIAL	7	1.0	7
-52.18802	-3.31688	-83.15465	LAX_RV_EPICARDIAL	7	1.0	7
-51.96651	-4.91817	-85.45616	LAX_RV_EPICARDIAL	7	1.0	7
-50.34521	-6.51946	-87.62295	LAX_RV_EPICARDIAL	7	1.0	7
-47.32414	-8.12075	-89.65501	LAX_RV_EPICARDIAL	7	1.0	7
-44.30306	-9.72204	-91.68707	LAX_RV_EPICARDIAL	7	1.0	7
-41.39274	-10.52269	-92.56837	LAX_RV_EPICARDIAL	7	1.0	7
-38.48242	-11.32334	-93.44968	LAX_RV_EPICARDIAL	7	1.0	7
-35.57210	-12.12398	-94.33099	LAX_RV_EPICARDIAL	7	1.0	7
-32.66179	-12.92463	-95.21229	LAX_RV_EPICARDIAL	7	1.0	7
-29.75147	-13.72527	-96.09360	LAX_RV_EPICARDIAL	7	1.0	7
-26.84115	-14.52592	-96.97491	LAX_RV_EPICARDIAL	7	1.0	7
-23.93083	-15.32657	-97.85621	LAX_RV_EPICARDIAL	7	1.0	7
-20.90975	-16.92786	-99.88827	LAX_RV_EPICARDIAL	7	1.0	7
-17.99943	-17.72851	-100.76958	LAX_RV_EPICARDIAL	7	1.0	7
-15.19987	-17.72851	-100.50013	LAX_RV_EPICARDIAL	7	1.0	7
-12.28955	-18.52915	-101.38144	LAX_RV_EPICARDIAL	7	1.0	7
-9.37923	-19.32980	-102.26274	LAX_RV_EPICARDIAL	7	1.0	7
-6.46891	-20.13045	-103.14405	LAX_RV_EPICARDIAL	7	1.0	7
-3.66935	-20.13045	-102.87460	LAX_RV_EPICARDIAL	7	1.0	7
-0.75903	-20.93109	-103.75591	LAX_RV_EPICARDIAL	7	1.0	7
2.15129	-21.73174	-104.63721	LAX_RV_EPICARDIAL	7	1.0	7
4.95085	-21.73174	-104.36776	LAX_RV_EPICARDIAL	7	1.0	7
7.63965	-20.93110	-102.94756	LAX_RV_EPICARDIAL	7	1.0	7
10.54997	-21.73174	-103.82886	LAX_RV_EPICARDIAL	7	1.0	7
13.34954	-21.73174	-103.55941	LAX_RV_EPICARDIAL	7	1.0	7
16.14910	-21.73174	-103.28996	LAX_RV_EPICARDIAL	7	1.0	7
19.05942	-22.53239	-104.17127	LAX_RV_EPICARDIAL	7	1.0	7
21.85898	-22.53239	-103.90182	LAX_RV_EPICARDIAL	7	1.0	7
24.54779	-21.73175	-102.48162	LAX_RV_EPICARDIAL	7	1.0	7
27.12584	-20.13046	-99.91066	LAX_RV_EPICARDIAL	7	1.0	7
-14.59419	48.72508	-4.04435	LAX_LA	7	1.0	7
-17.28300	47.92443	-5.46456	LAX_LA	7	1.0	7
-19.97181	47.12379	-6.88476	LAX_LA	7	1.0	7
-22.66061	46.32314	-8.30497	LAX_LA	7	1.0	7
-25.34942	45.52250	-9.72517	LAX_LA	7	1.0	7
-28.03822	44.72185	-11.14538	LAX_LA	7	1.0	7
-30.83779	44.72185	-11.41483	LAX_LA	7	1.0	7
-33.63735	44.72186	-11.68428	LAX_LA	7	1.0	7
-36.54767	45.52250	-10.80297	LAX_LA	7	1.0	7
-39.45799	46.32315	-9.92166	LAX_LA	7	1.0	7
-42.36831	47.12379	-9.04036	LAX_LA	7	1.0	7
-45.16787	47.12380	-9.30981	LAX_LA	7	1.0	7
-47.96743	47.12380	-9.57926	LAX_LA	7	1.0	7
-50.76699	47.12380	-9.84871	LAX_LA	7	1.0	7
-53.45580	46.32315	-11.26891	LAX_LA	7	1.0	7
-56.03385	44.72186	-13.83987	LAX_LA	7	1.0	7
-57.21212	43.12057	-16.27611	LAX_LA	7	1.0	7
-58.39039	41.51928	-18.71234	LAX_LA	7	1.0	7
-56.76909	39.91799	-20.87913	LAX_LA	7	1.0	7
-56.54758	38.31670	-23.18064	LAX_LA	7	1.0	7
-53.52650	36.71540	-25.21270	LAX_LA	7	1.0	7
-50.50543	35.11411	-27.24476	LAX_LA	7	1.0	7
-47.48435	33.51282	-29.27682	LAX_LA	7	1.0	7
-44.57403	32.71217	-30.15813	LAX_LA	7	1.0	7
-41.66371	31.91153	-31.03944	LAX_LA	7	1.0	7
-38.75339	31.11088	-31.92074	LAX_LA	7	1.0	7
-35.84308	30.31023	-32.80205	LAX_LA	7	1.0	7
-32.93276	29.50959	-33.68335	LAX_LA	7	1.0	7
-30.02244	28.70894	-34.56466	LAX_LA	7	1.0	7
-28.40114	27.10765	-36.73145	LAX_LA	7	1.0	7
-26.77985	25.50636	-38.89823	LAX_LA	7	1.0	7
-23.75877	23.90507	-40.93029	LAX_LA	7	1.0	7
-20.73770	22.30377	-42.96236	LAX_LA	7	1.0	7
18.41612	32.71216	-24.09552	LAX_LA	7	1.0	7
18.19461	34.31345	-21.79401	LAX_LA	7	1.0	7
17.97310	35.91474	-19.49250	LAX_LA	7	1.0	7
19.15137	37.51603	-17.05626	LAX_LA	7	1.0	7
18.92985	39.11732	-14.75475	LAX_LA	7	1.0	7
17.30856	40.71861	-12.58797	LAX_LA	7	1.0	7
15.79802	41.51926	-11.57193	LAX_LA	7	1.0	7
12.88770	42.31991	-10.69063	LAX_LA	7	1.0	7
9.97738	43.12055	-9.80932	LAX_LA	7	1.0	7
9.75587	44.72184	-7.50781	LAX_LA	7	1.0	7
6.84555	45.52249	-6.62651	LAX_LA	7	1.0	7
3.93523	46.32314	-5.74520	LAX_LA	7	1.0	7
0.91416	47.92443	-3.71314	LAX_LA	7	1.0	7
-1.88541	47.92443	-3.98259	LAX_LA	7	1.0	7
-4.79573	48.72507	-3.10128	LAX_LA	7	1.0	7
-7.59529	48.72508	-3.37073	LAX_LA	7	1.0	7
-10.39485	48.72508	-3.64018	LAX_LA	7	1.0	7
-13.19441	48.72508	-3.90963	LAX_LA	7	1.0	7
-64.28173	33.51283	-30.89352	LAX_RA	7	1.0	7
-66.97053	32.71218	-32.31372	LAX_RA	7	1.0	7
-69.65934	31.91154	-33.73393	LAX_RA	7	1.0	7
-72.23739	30.31025	-36.30489	LAX_RA	7	1.0	7
-73.41566	28.70895	-38.74112	LAX_RA	7	1.0	7
-74.59392	27.10766	-41.17736	LAX_RA	7	1.0	7
-75.77219	25.50637	-43.61360	LAX_RA	7	1.0	7
-76.95046	23.90508	-46.04983	LAX_RA	7	1.0	7
-78.12873	22.30379	-48.48607	LAX_RA	7	1.0	7
-77.90722	20.70250	-50.78758	LAX_RA	7	1.0	7
-77.68570	19.10121	-53.08909	LAX_RA	7	1.0	7
-77.46419	17.49992	-55.39060	LAX_RA	7	1.0	7
-75.84290	15.89863	-57.55739	LAX_RA	7	1.0	7
-75.62138	14.29733	-59.85890	LAX_RA	7	1.0	7
-74.00009	12.69604	-62.02568	LAX_RA	7	1.0	7
-72.37879	11.09475	-64.19247	LAX_RA	7	1.0	7
-70.75750	9.49346	-66.35926	LAX_RA	7	1.0	7
-69.13621	7.89217	-68.52604	LAX_RA	7	1.0	7
-66.11513	6.29088	-70.55810	LAX_RA	7	1.0	7
-63.20481	5.49023	-71.43941	LAX_RA	7	1.0	7
-60.29449	4.68958	-72.32072	LAX_RA	7	1.0	7
-57.49493	4.68958	-72.05127	LAX_RA	7	1.0	7
-54.58461	3.88894	-72.93257	LAX_RA	7	1.0	7
-51.78505	3.88893	-72.66312	LAX_RA	7	1.0	7
-48.98549	3.88893	-72.39367	LAX_RA	7	1.0	7
-46.18592	3.88893	-72.12423	LAX_RA	7	1.0	7
-22.42970	14.29732	-54.73936	LAX_RA	7	1.0	7
-22.65121	15.89861	-52.43785	LAX_RA	7	1.0	7
-21.47294	17.49990	-50.00161	LAX_RA	7	1.0	7
-21.69445	19.10119	-47.70010	LAX_RA	7	1.0	7
-23.31575	20.70248	-45.53332	LAX_RA	7	1.0	7
-26.22607	21.50313	-44.65201	LAX_RA	7	1.0	7
-29.24714	23.10442	-42.61995	LAX_RA	7	1.0	7
-32.26822	24.70571	-40.58789	LAX_RA	7	1.0	7
-33.88951	26.30701	-38.42110	LAX_RA	7	1.0	7
-36.91059	27.90830	-36.38904	LAX_RA	7	1.0	7
-39.93166	29.50959	-34.35698	LAX_RA	7	1.0	7
-42.73123	29.50959	-34.62643	LAX_RA	7	1.0	7
-45.64154	30.31024	-33.74512	LAX_RA	7	1.0	7
-48.44111	30.31024	-34.01457	LAX_RA	7	1.0	7
-51.35143	31.11088	-33.13326	LAX_RA	7	1.0	7
-54.26175	31.91153	-32.25196	LAX_RA	7	1.0	7
-57.17206	32.71218	-31.37065	LAX_RA	7	1.0	7
-60.08238	33.51282	-30.48935	LAX_RA	7	1.0	7
-62.88195	33.51282	-30.75879	LAX_RA	7	1.0	7
-19.14493	22.08149	-43.13151	MITRAL_VALVE	7	1.0	7
17.21285	32.19995	-24.95434	MITRAL_VALVE	7	1.0	7
-43.42901	4.62096	-70.79700	TRICUSPID_VALVE	7	1.0	7
-22.74358	14.32444	-54.73023	TRICUSPID_VALVE	7	1.0	7
40.31762	-17.90534	-95.41323	APEX_POINT	7	1.0	7
-10.88531	-17.19117	-2.56135	LAX_RV_FREEWALL	11	1.0	7
-10.42158	-18.58493	-5.34165	LAX_RV_FREEWALL	11	1.0	7
-10.04327	-18.57505	-8.12858	LAX_RV_FREEWALL	11	1.0	7
-9.66495	-18.56517	-10.91550	LAX_RV_FREEWALL	11	1.0	7
-9.20123	-19.95893	-13.69580	LAX_RV_FREEWALL	11	1.0	7
-8.82291	-19.94905	-16.48273	LAX_RV_FREEWALL	11	1.0	7
-8.44460	-19.93917	-19.26965	LAX_RV_FREEWALL	11	1.0	7
-8.06629	-19.92929	-22.05657	LAX_RV_FREEWALL	11	1.0	7
-7.60256	-21.32305	-24.83688	LAX_RV_FREEWALL	11	1.0	7
-7.22425	-21.31318	-27.62380	LAX_RV_FREEWALL	11	1.0	7
-6.76052	-22.70694	-30.40410	LAX_RV_FREEWALL	11	1.0	7
-6.38221	-22.69706	-33.19103	LAX_RV_FREEWALL	11	1.0	7
-5.91848	-24.09082	-35.97133	LAX_RV_FREEWALL	11	1.0	7
-5.54017	-24.08094	-38.75825	LAX_RV_FREEWALL	11	1.0	7
-5.16186	-24.07106	-41.54518	LAX_RV_FREEWALL	11	1.0	7
-4.78354	-24.06118	-44.33210	LAX_RV_FREEWALL	11	1.0	7
-4.40523	-24.05130	-47.11902	LAX_RV_FREEWALL	11	1.0	7
-3.94150	-25.44506	-49.89933	LAX_RV_FREEWALL	11	1.0	7
-3.56319	-25.43518	-52.68625	LAX_RV_FREEWALL	11	1.0	7
-3.18488	-25.42530	-55.47317	LAX_RV_FREEWALL	11	1.0	7
-2.80657	-25.41542	-58.26010	LAX_RV_FREEWALL	11	1.0	7
-2.42825	-25.40555	-61.04702	LAX_RV_FREEWALL	11	1.0	7
-2.04994	-25.39567	-63.83394	LAX_RV_FREEWALL	11	1.0	7
-1.58621	-26.78943	-66.61425	LAX_RV_FREEWALL	11	1.0	7
-1.20790	-26.77955	-69.40117	LAX_RV_FREEWALL	11	1.0	7
-0.82959	-26.76967	-72.18809	LAX_RV_FREEWALL	11	1.0	7
-0.45128	-26.75979	-74.97502	LAX_RV_FREEWALL	11	1.0	7
-0.07297	-26.74991	-77.76194	LAX_RV_FREEWALL	11	1.0	7
0.30535	-26.74003	-80.54886	LAX_RV_FREEWALL	11	1.0	7
0.68366	-26.73015	-83.33579	LAX_RV_FREEWALL	11	1.0	7
1.06197	-26.72028	-86.12271	LAX_RV_FREEWALL	11	1.0	7
1.44028	-26.71040	-88.90963	LAX_RV_FREEWALL	11	1.0	7
1.81859	-26.70052	-91.69655	LAX_RV_FREEWALL	11	1.0	7
2.11149	-25.28700	-94.49010	LAX_RV_FREEWALL	11	1.0	7
2.48980	-25.27712	-97.27702	LAX_RV_FREEWALL	11	1.0	7
2.78270	-23.86360	-100.07056	LAX_RV_FREEWALL	11	1.0	7
2.99018	-21.04645	-102.87072	LAX_RV_FREEWALL	11	1.0	7
2.81935	-18.23917	-102.88396	LAX_RV_FREEWALL	11	1.0	7
2.64852	-15.43189	-102.89720	LAX_RV_FREEWALL	11	1.0	7
2.47768	-12.62462	-102.91044	LAX_RV_FREEWALL	11	1.0	7
2.11770	-9.82228	-101.53022	LAX_RV_FREEWALL	11	1.0	7
1.75771	-7.01994	-100.15000	LAX_RV_FREEWALL	11	1.0	7
1.39772	-4.21760	-98.76977	LAX_RV_FREEWALL	11	1.0	7
0.84858	-1.42021	-95.99609	LAX_RV_FREEWALL	11	1.0	7
0.29943	1.37719	-93.22240	LAX_RV_FREEWALL	11	1.0	7
-0.06055	4.17953	-91.84218	LAX_RV_FREEWALL	11	1.0	7
-0.42054	6.98187	-90.46196	LAX_RV_FREEWALL	11	1.0	7
-0.88427	8.37563	-87.68165	LAX_RV_FREEWALL	11	1.0	7
-1.17717	6.96211	-84.88811	LAX_RV_FREEWALL	11	1.0	7
-1.19549	4.14989	-83.48141	LAX_RV_SEPTUM	11	1.0	7
-1.21382	1.33768	-82.07471	LAX_RV_SEPTUM	11	1.0	7
-1.23214	-1.47454	-80.66801	LAX_RV_SEPTUM	11	1.0	7
-1.25046	-4.28676	-79.26131	LAX_RV_SEPTUM	11	1.0	7
-1.45794	-7.10391	-76.46115	LAX_RV_SEPTUM	11	1.0	7
-1.75084	-8.51743	-73.66761	LAX_RV_SEPTUM	11	1.0	7
-2.04374	-9.93095	-70.87406	LAX_RV_SEPTUM	11	1.0	7
-2.33663	-11.34446	-68.08052	LAX_RV_SEPTUM	11	1.0	7
-2.62953	-12.75798	-65.28698	LAX_RV_SEPTUM	11	1.0	7
-3.00784	-12.76786	-62.50006	LAX_RV_SEPTUM	11	1.0	7
-3.38615	-12.77774	-59.71313	LAX_RV_SEPTUM	11	1.0	7
-3.67905	-14.19126	-56.91959	LAX_RV_SEPTUM	11	1.0	7
-4.05736	-14.20113	-54.13267	LAX_RV_SEPTUM	11	1.0	7
-4.43567	-14.21101	-51.34574	LAX_RV_SEPTUM	11	1.0	7
-4.89940	-12.81725	-48.56544	LAX_RV_SEPTUM	11	1.0	7
-5.36313	-11.42349	-45.78514	LAX_RV_SEPTUM	11	1.0	7
-5.74144	-11.43337	-42.99821	LAX_RV_SEPTUM	11	1.0	7
-6.20517	-10.03961	-40.21791	LAX_RV_SEPTUM	11	1.0	7
-6.58348	-10.04949	-37.43099	LAX_RV_SEPTUM	11	1.0	7
-7.04721	-8.65573	-34.65068	LAX_RV_SEPTUM	11	1.0	7
-7.42552	-8.66561	-31.86376	LAX_RV_SEPTUM	11	1.0	7
-7.88925	-7.27185	-29.08346	LAX_RV_SEPTUM	11	1.0	7
-8.26756	-7.28173	-26.29653	LAX_RV_SEPTUM	11	1.0	7
-8.73129	-5.88797	-23.51623	LAX_RV_SEPTUM	11	1.0	7
-9.19502	-4.49421	-20.73593	LAX_RV_SEPTUM	11	1.0	7
-9.74416	-1.69681	-17.96224	LAX_RV_SEPTUM	11	1.0	7
-10.20789	-0.30305	-15.18194	LAX_RV_SEPTUM	11	1.0	7
-10.71447	-19.99845	-2.54811	LAX_RV_EPICARDIAL	11	1.0	7
-10.25075	-21.39221	-5.32842	LAX_RV_EPICARDIAL	11	1.0	7
-9.87243	-21.38233	-8.11534	LAX_RV_EPICARDIAL	11	1.0	7
-9.40871	-22.77609	-10.89564	LAX_RV_EPICARDIAL	11	1.0	7
-9.03039	-22.76621	-13.68257	LAX_RV_EPICARDIAL	11	1.0	7
-8.56667	-24.15997	-16.46287	LAX_RV_EPICARDIAL	11	1.0	7
-8.18835	-24.15009	-19.24979	LAX_RV_EPICARDIAL	11	1.0	7
-7.81004	-24.14021	-22.03672	LAX_RV_EPICARDIAL	11	1.0	7
-7.34631	-25.53397	-24.81702	LAX_RV_EPICARDIAL	11	1.0	7
-6.96800	-25.52409	-27.60394	LAX_RV_EPICARDIAL	11	1.0	7
-6.50427	-26.91785	-30.38425	LAX_RV_EPICARDIAL	11	1.0	7
-6.04055	-28.31161	-33.16455	LAX_RV_EPICARDIAL	11	1.0	7
-5.66223	-28.30173	-35.95147	LAX_RV_EPICARDIAL	11	1.0	7
-5.28392	-28.29185	-38.73840	LAX_RV_EPICARDIAL	11	1.0	7
-4.90561	-28.28197	-41.52532	LAX_RV_EPICARDIAL	11	1.0	7
-4.52730	-28.27210	-44.31224	LAX_RV_EPICARDIAL	11	1.0	7
-4.06357	-29.66586	-47.09255	LAX_RV_EPICARDIAL	11	1.0	7
-3.77067	-28.25234	-49.88609	LAX_RV_EPICARDIAL	11	1.0	7
-3.39236	-28.24246	-52.67301	LAX_RV_EPICARDIAL	11	1.0	7
-3.09946	-26.82894	-55.46655	LAX_RV_EPICARDIAL	11	1.0	7
-2.72115	-26.81906	-58.25348	LAX_RV_EPICARDIAL	11	1.0	7
-2.25742	-28.21282	-61.03378	LAX_RV_EPICARDIAL	11	1.0	7
-1.87911	-28.20294	-63.82070	LAX_RV_EPICARDIAL	11	1.0	7
-1.41538	-29.59670	-66.60101	LAX_RV_EPICARDIAL	11	1.0	7
-0.95165	-30.99046	-69.38131	LAX_RV_EPICARDIAL	11	1.0	7
-0.65876	-29.57695	-72.17485	LAX_RV_EPICARDIAL	11	1.0	7
-0.28045	-29.56707	-74.96178	LAX_RV_EPICARDIAL	11	1.0	7
0.09787	-29.55719	-77.74870	LAX_RV_EPICARDIAL	11	1.0	7
0.47618	-29.54731	-80.53562	LAX_RV_EPICARDIAL	11	1.0	7
0.93991	-30.94107	-83.31593	LAX_RV_EPICARDIAL	11	1.0	7
1.31822	-30.93119	-86.10285	LAX_RV_EPICARDIAL	11	1.0	7
1.69653	-30.92131	-88.88977	LAX_RV_EPICARDIAL	11	1.0	7
1.98943	-29.50780	-91.68332	LAX_RV_EPICARDIAL	11	1.0	7
2.36774	-29.49792	-94.47024	LAX_RV_EPICARDIAL	11	1.0	7
2.66064	-28.08440	-97.26378	LAX_RV_EPICARDIAL	11	1.0	7
3.03895	-28.07452	-100.05070	LAX_RV_EPICARDIAL	11	1.0	7
3.33184	-26.66100	-102.84425	LAX_RV_EPICARDIAL	11	1.0	7
3.53932	-23.84385	-105.64441	LAX_RV_EPICARDIAL	11	1.0	7
3.55765	-21.03163	-107.05111	LAX_RV_EPICARDIAL	11	1.0	7
3.38682	-18.22435	-107.06435	LAX_RV_EPICARDIAL	11	1.0	7
3.40514	-15.41214	-108.47105	LAX_RV_EPICARDIAL	11	1.0	7
3.23431	-12.60486	-108.48429	LAX_RV_EPICARDIAL	11	1.0	7
2.87432	-9.80252	-107.10406	LAX_RV_EPICARDIAL	11	1.0	7
2.51433	-7.00018	-105.72384	LAX_RV_EPICARDIAL	11	1.0	7
2.15435	-4.19785	-104.34362	LAX_RV_EPICARDIAL	11	1.0	7
1.79436	-1.39551	-102.96340	LAX_RV_EPICARDIAL	11	1.0	7
1.24521	1.40189	-100.18971	LAX_RV_EPICARDIAL	11	1.0	7
0.69607	4.19929	-97.41603	LAX_RV_EPICARDIAL	11	1.0	7
0.14693	6.99669	-94.64234	LAX_RV_EPICARDIAL	11	1.0	7
-0.21306	9.79902	-93.26212	LAX_RV_EPICARDIAL	11	1.0	7
-0.57305	12.60136	-91.88190	LAX_RV_EPICARDIAL	11	1.0	7
-1.03678	13.99512	-89.10159	LAX_RV_EPICARDIAL	11	1.0	7
-1.41509	13.98524	-86.31467	LAX_RV_EPICARDIAL	11	1.0	7
-1.24426	11.17797	-86.30143	LAX_RV_EPICARDIAL	11	1.0	7
-1.07343	8.37069	-86.28819	LAX_RV_EPICARDIAL	11	1.0	7
-10.80631	1.31787	-11.51371	PULMONARY_VALVE	11	1.0	7
-11.44566	-17.25491	1.58882	PULMONARY_VALVE	11	1.0	7
