x	y	z	contour type	frameID	weight	time frame
-37.15979	-22.05874	-28.96128	SAX_RV_FREEWALL	2	1.0	19
-38.85636	-20.95398	-31.36729	SAX_RV_FREEWALL	2	1.0	19
-41.08405	-20.95398	-33.08413	SAX_RV_FREEWALL	2	1.0	19
-43.31174	-20.95398	-34.80098	SAX_RV_FREEWALL	2	1.0	19
-45.53943	-20.95398	-36.51782	SAX_RV_FREEWALL	2	1.0	19
-47.76711	-20.95399	-38.23467	SAX_RV_FREEWALL	2	1.0	19
-49.99480	-20.95399	-39.95151	SAX_RV_FREEWALL	2	1.0	19
-52.22249	-20.95399	-41.66836	SAX_RV_FREEWALL	2	1.0	19
-54.45018	-20.95399	-43.38521	SAX_RV_FREEWALL	2	1.0	19
-56.14675	-19.84923	-45.79121	SAX_RV_FREEWALL	2	1.0	19
-58.37444	-19.84923	-47.50805	SAX_RV_FREEWALL	2	1.0	19
-60.07100	-18.74446	-49.91406	SAX_RV_FREEWALL	2	1.0	19
-61.76757	-17.63970	-52.32006	SAX_RV_FREEWALL	2	1.0	19
-63.46414	-16.53493	-54.72606	SAX_RV_FREEWALL	2	1.0	19
-65.16071	-15.43016	-57.13206	SAX_RV_FREEWALL	2	1.0	19
-66.85727	-14.32540	-59.53807	SAX_RV_FREEWALL	2	1.0	19
-68.02272	-12.11586	-62.63322	SAX_RV_FREEWALL	2	1.0	19
-69.18817	-9.90633	-65.72838	SAX_RV_FREEWALL	2	1.0	19
-69.23977	-7.69679	-67.96512	SAX_RV_FREEWALL	2	1.0	19
-68.17753	-5.48726	-69.34343	SAX_RV_FREEWALL	2	1.0	19
-67.11529	-3.27772	-70.72175	SAX_RV_FREEWALL	2	1.0	19
-66.05304	-1.06819	-72.10006	SAX_RV_FREEWALL	2	1.0	19
-64.99080	1.14135	-73.47837	SAX_RV_FREEWALL	2	1.0	19
-62.81472	3.35089	-73.99826	SAX_RV_FREEWALL	2	1.0	19
-60.63863	5.56043	-74.51816	SAX_RV_FREEWALL	2	1.0	19
-58.46254	7.76996	-75.03805	SAX_RV_FREEWALL	2	1.0	19
-56.28646	9.97950	-75.55794	SAX_RV_FREEWALL	2	1.0	19
-52.99653	12.18904	-75.21940	SAX_RV_FREEWALL	2	1.0	19
-50.82044	14.39858	-75.73929	SAX_RV_FREEWALL	2	1.0	19
-47.53051	16.60812	-75.40076	SAX_RV_FREEWALL	2	1.0	19
-44.24058	18.81766	-75.06223	SAX_RV_FREEWALL	2	1.0	19
-41.48177	19.92243	-74.03454	SAX_RV_FREEWALL	2	1.0	19
-38.72296	21.02720	-73.00685	SAX_RV_FREEWALL	2	1.0	19
-35.96415	22.13197	-71.97916	SAX_RV_FREEWALL	2	1.0	19
-33.73646	22.13197	-70.26232	SAX_RV_FREEWALL	2	1.0	19
-30.97765	23.23674	-69.23463	SAX_RV_FREEWALL	2	1.0	19
-29.28109	22.13197	-66.82863	SAX_RV_FREEWALL	2	1.0	19
-27.05340	22.13198	-65.11178	SAX_RV_FREEWALL	2	1.0	19
10.85381	-3.27764	-10.63215	SAX_RV_FREEWALL	2	1.0	19
9.79157	-5.48718	-9.25384	SAX_RV_FREEWALL	2	1.0	19
10.95701	-7.69672	-6.15868	SAX_RV_FREEWALL	2	1.0	19
8.78093	-9.90625	-5.63879	SAX_RV_FREEWALL	2	1.0	19
5.49100	-12.11579	-5.97732	SAX_RV_FREEWALL	2	1.0	19
2.20107	-14.32533	-6.31585	SAX_RV_FREEWALL	2	1.0	19
-0.55774	-15.43010	-7.34354	SAX_RV_FREEWALL	2	1.0	19
-3.31655	-16.53487	-8.37123	SAX_RV_FREEWALL	2	1.0	19
-6.07536	-17.63964	-9.39892	SAX_RV_FREEWALL	2	1.0	19
-8.83417	-18.74441	-10.42661	SAX_RV_FREEWALL	2	1.0	19
-11.06186	-18.74441	-12.14345	SAX_RV_FREEWALL	2	1.0	19
-13.82067	-19.84918	-13.17114	SAX_RV_FREEWALL	2	1.0	19
-16.04836	-19.84919	-14.88799	SAX_RV_FREEWALL	2	1.0	19
-18.80717	-20.95396	-15.91568	SAX_RV_FREEWALL	2	1.0	19
-21.03485	-20.95396	-17.63252	SAX_RV_FREEWALL	2	1.0	19
-23.79366	-22.05873	-18.66021	SAX_RV_FREEWALL	2	1.0	19
-26.02135	-22.05873	-20.37706	SAX_RV_FREEWALL	2	1.0	19
-28.24904	-22.05873	-22.09390	SAX_RV_FREEWALL	2	1.0	19
-30.47673	-22.05874	-23.81075	SAX_RV_FREEWALL	2	1.0	19
-32.70442	-22.05874	-25.52759	SAX_RV_FREEWALL	2	1.0	19
-34.93211	-22.05874	-27.24444	SAX_RV_FREEWALL	2	1.0	19
-48.24663	-24.26829	-35.30878	SAX_RV_EPICARDIAL	2	1.0	19
-49.94320	-23.16352	-37.71478	SAX_RV_EPICARDIAL	2	1.0	19
-52.17089	-23.16353	-39.43162	SAX_RV_EPICARDIAL	2	1.0	19
-54.39858	-23.16353	-41.14847	SAX_RV_EPICARDIAL	2	1.0	19
-56.62627	-23.16353	-42.86532	SAX_RV_EPICARDIAL	2	1.0	19
-58.32283	-22.05876	-45.27132	SAX_RV_EPICARDIAL	2	1.0	19
-60.55052	-22.05877	-46.98816	SAX_RV_EPICARDIAL	2	1.0	19
-62.24709	-20.95400	-49.39417	SAX_RV_EPICARDIAL	2	1.0	19
-63.94366	-19.84923	-51.80017	SAX_RV_EPICARDIAL	2	1.0	19
-65.64022	-18.74447	-54.20617	SAX_RV_EPICARDIAL	2	1.0	19
-67.33679	-17.63970	-56.61217	SAX_RV_EPICARDIAL	2	1.0	19
-68.50224	-15.43017	-59.70733	SAX_RV_EPICARDIAL	2	1.0	19
-70.19881	-14.32540	-62.11333	SAX_RV_EPICARDIAL	2	1.0	19
-71.36425	-12.11587	-65.20849	SAX_RV_EPICARDIAL	2	1.0	19
-71.41586	-9.90633	-67.44523	SAX_RV_EPICARDIAL	2	1.0	19
-70.35361	-7.69680	-68.82354	SAX_RV_EPICARDIAL	2	1.0	19
-70.40522	-5.48726	-71.06028	SAX_RV_EPICARDIAL	2	1.0	19
-69.34297	-3.27772	-72.43859	SAX_RV_EPICARDIAL	2	1.0	19
-68.28073	-1.06819	-73.81691	SAX_RV_EPICARDIAL	2	1.0	19
-66.10465	1.14135	-74.33680	SAX_RV_EPICARDIAL	2	1.0	19
-65.04240	3.35089	-75.71511	SAX_RV_EPICARDIAL	2	1.0	19
-62.86632	5.56042	-76.23500	SAX_RV_EPICARDIAL	2	1.0	19
-61.80408	7.76996	-77.61331	SAX_RV_EPICARDIAL	2	1.0	19
-58.51415	9.97950	-77.27478	SAX_RV_EPICARDIAL	2	1.0	19
-56.33806	12.18904	-77.79467	SAX_RV_EPICARDIAL	2	1.0	19
-54.16197	14.39858	-78.31456	SAX_RV_EPICARDIAL	2	1.0	19
-50.87204	16.60811	-77.97603	SAX_RV_EPICARDIAL	2	1.0	19
-47.58211	18.81765	-77.63750	SAX_RV_EPICARDIAL	2	1.0	19
-44.82330	19.92242	-76.60981	SAX_RV_EPICARDIAL	2	1.0	19
-41.53337	22.13196	-76.27128	SAX_RV_EPICARDIAL	2	1.0	19
-38.77456	23.23673	-75.24359	SAX_RV_EPICARDIAL	2	1.0	19
-36.01575	24.34150	-74.21590	SAX_RV_EPICARDIAL	2	1.0	19
-33.78807	24.34151	-72.49905	SAX_RV_EPICARDIAL	2	1.0	19
-31.02926	25.44628	-71.47137	SAX_RV_EPICARDIAL	2	1.0	19
-28.80157	25.44628	-69.75452	SAX_RV_EPICARDIAL	2	1.0	19
-26.57388	25.44628	-68.03767	SAX_RV_EPICARDIAL	2	1.0	19
-24.87731	24.34151	-65.63167	SAX_RV_EPICARDIAL	2	1.0	19
-23.18074	23.23675	-63.22567	SAX_RV_EPICARDIAL	2	1.0	19
-24.24299	21.02721	-61.84736	SAX_RV_EPICARDIAL	2	1.0	19
10.85381	-3.27764	-10.63215	SAX_RV_EPICARDIAL	2	1.0	19
12.55038	-4.38241	-8.22615	SAX_RV_EPICARDIAL	2	1.0	19
13.71582	-6.59194	-5.13099	SAX_RV_EPICARDIAL	2	1.0	19
12.65358	-8.80148	-3.75268	SAX_RV_EPICARDIAL	2	1.0	19
10.47750	-11.01102	-3.23278	SAX_RV_EPICARDIAL	2	1.0	19
8.30141	-13.22056	-2.71289	SAX_RV_EPICARDIAL	2	1.0	19
5.54260	-14.32533	-3.74058	SAX_RV_EPICARDIAL	2	1.0	19
2.25267	-16.53487	-4.07912	SAX_RV_EPICARDIAL	2	1.0	19
-0.50614	-17.63964	-5.10680	SAX_RV_EPICARDIAL	2	1.0	19
-3.26495	-18.74441	-6.13449	SAX_RV_EPICARDIAL	2	1.0	19
-6.02376	-19.84918	-7.16218	SAX_RV_EPICARDIAL	2	1.0	19
-8.78257	-20.95395	-8.18987	SAX_RV_EPICARDIAL	2	1.0	19
-11.01026	-20.95395	-9.90672	SAX_RV_EPICARDIAL	2	1.0	19
-13.76906	-22.05872	-10.93441	SAX_RV_EPICARDIAL	2	1.0	19
-15.99675	-22.05872	-12.65125	SAX_RV_EPICARDIAL	2	1.0	19
-18.22444	-22.05872	-14.36810	SAX_RV_EPICARDIAL	2	1.0	19
-20.98325	-23.16350	-15.39579	SAX_RV_EPICARDIAL	2	1.0	19
-23.21094	-23.16350	-17.11263	SAX_RV_EPICARDIAL	2	1.0	19
-25.96975	-24.26827	-18.14032	SAX_RV_EPICARDIAL	2	1.0	19
-28.19744	-24.26827	-19.85717	SAX_RV_EPICARDIAL	2	1.0	19
-30.42513	-24.26827	-21.57401	SAX_RV_EPICARDIAL	2	1.0	19
-32.65281	-24.26827	-23.29086	SAX_RV_EPICARDIAL	2	1.0	19
-34.88050	-24.26828	-25.00770	SAX_RV_EPICARDIAL	2	1.0	19
-37.10819	-24.26828	-26.72455	SAX_RV_EPICARDIAL	2	1.0	19
-39.33588	-24.26828	-28.44139	SAX_RV_EPICARDIAL	2	1.0	19
-41.56357	-24.26828	-30.15824	SAX_RV_EPICARDIAL	2	1.0	19
-43.79126	-24.26829	-31.87508	SAX_RV_EPICARDIAL	2	1.0	19
-46.01894	-24.26829	-33.59193	SAX_RV_EPICARDIAL	2	1.0	19
-25.35683	21.02721	-62.70578	SAX_RV_SEPTUM	2	1.0	19
-24.19138	18.81768	-59.61062	SAX_RV_SEPTUM	2	1.0	19
-25.25363	16.60814	-58.23231	SAX_RV_SEPTUM	2	1.0	19
-25.20202	14.39860	-55.99557	SAX_RV_SEPTUM	2	1.0	19
-25.15042	12.18907	-53.75883	SAX_RV_SEPTUM	2	1.0	19
-25.09882	9.97953	-51.52210	SAX_RV_SEPTUM	2	1.0	19
-25.04722	7.77000	-49.28536	SAX_RV_SEPTUM	2	1.0	19
-24.99561	5.56046	-47.04863	SAX_RV_SEPTUM	2	1.0	19
-23.83017	3.35093	-43.95347	SAX_RV_SEPTUM	2	1.0	19
-22.66472	1.14139	-40.85831	SAX_RV_SEPTUM	2	1.0	19
-22.61312	-1.06814	-38.62157	SAX_RV_SEPTUM	2	1.0	19
-21.44767	-3.27768	-35.52641	SAX_RV_SEPTUM	2	1.0	19
-20.28223	-5.48721	-32.43125	SAX_RV_SEPTUM	2	1.0	19
-18.58566	-6.59198	-30.02525	SAX_RV_SEPTUM	2	1.0	19
-16.35797	-6.59197	-28.30840	SAX_RV_SEPTUM	2	1.0	19
-14.66140	-7.69674	-25.90240	SAX_RV_SEPTUM	2	1.0	19
-12.43371	-7.69674	-24.18556	SAX_RV_SEPTUM	2	1.0	19
-9.67490	-6.59197	-23.15787	SAX_RV_SEPTUM	2	1.0	19
-7.44722	-6.59197	-21.44102	SAX_RV_SEPTUM	2	1.0	19
-4.68841	-5.48720	-20.41333	SAX_RV_SEPTUM	2	1.0	19
-2.46072	-5.48719	-18.69649	SAX_RV_SEPTUM	2	1.0	19
0.29809	-4.38242	-17.66880	SAX_RV_SEPTUM	2	1.0	19
3.05690	-3.27765	-16.64111	SAX_RV_SEPTUM	2	1.0	19
5.81571	-2.17288	-15.61342	SAX_RV_SEPTUM	2	1.0	19
8.57452	-1.06811	-14.58573	SAX_RV_SEPTUM	2	1.0	19
10.80221	-1.06811	-12.86889	SAX_RV_SEPTUM	2	1.0	19
-21.00466	25.44629	-63.74556	SAX_LV_EPICARDIAL	2	1.0	19
-19.94242	27.65582	-65.12387	SAX_LV_EPICARDIAL	2	1.0	19
-17.76633	29.86536	-65.64376	SAX_LV_EPICARDIAL	2	1.0	19
-16.70409	32.07490	-67.02208	SAX_LV_EPICARDIAL	2	1.0	19
-14.52800	34.28443	-67.54197	SAX_LV_EPICARDIAL	2	1.0	19
-12.35192	36.49397	-68.06186	SAX_LV_EPICARDIAL	2	1.0	19
-9.06199	38.70351	-67.72333	SAX_LV_EPICARDIAL	2	1.0	19
-6.88590	40.91305	-68.24322	SAX_LV_EPICARDIAL	2	1.0	19
-3.59597	43.12259	-67.90469	SAX_LV_EPICARDIAL	2	1.0	19
-0.83716	44.22736	-66.87700	SAX_LV_EPICARDIAL	2	1.0	19
1.92165	45.33213	-65.84931	SAX_LV_EPICARDIAL	2	1.0	19
4.68046	46.43690	-64.82162	SAX_LV_EPICARDIAL	2	1.0	19
7.43927	47.54167	-63.79393	SAX_LV_EPICARDIAL	2	1.0	19
10.19808	48.64644	-62.76624	SAX_LV_EPICARDIAL	2	1.0	19
12.42577	48.64644	-61.04939	SAX_LV_EPICARDIAL	2	1.0	19
15.18457	49.75121	-60.02171	SAX_LV_EPICARDIAL	2	1.0	19
17.41226	49.75121	-58.30486	SAX_LV_EPICARDIAL	2	1.0	19
19.63995	49.75122	-56.58801	SAX_LV_EPICARDIAL	2	1.0	19
21.86764	49.75122	-54.87117	SAX_LV_EPICARDIAL	2	1.0	19
24.09533	49.75122	-53.15432	SAX_LV_EPICARDIAL	2	1.0	19
26.32302	49.75122	-51.43748	SAX_LV_EPICARDIAL	2	1.0	19
28.01958	48.64646	-49.03148	SAX_LV_EPICARDIAL	2	1.0	19
30.24727	48.64646	-47.31463	SAX_LV_EPICARDIAL	2	1.0	19
31.94384	47.54169	-44.90863	SAX_LV_EPICARDIAL	2	1.0	19
33.64041	46.43693	-42.50263	SAX_LV_EPICARDIAL	2	1.0	19
34.80585	44.22739	-39.40747	SAX_LV_EPICARDIAL	2	1.0	19
35.97130	42.01786	-36.31231	SAX_LV_EPICARDIAL	2	1.0	19
37.66787	40.91309	-33.90630	SAX_LV_EPICARDIAL	2	1.0	19
37.71947	38.70356	-31.66957	SAX_LV_EPICARDIAL	2	1.0	19
38.88492	36.49402	-28.57441	SAX_LV_EPICARDIAL	2	1.0	19
38.93652	34.28449	-26.33767	SAX_LV_EPICARDIAL	2	1.0	19
38.98812	32.07495	-24.10094	SAX_LV_EPICARDIAL	2	1.0	19
39.03972	29.86542	-21.86420	SAX_LV_EPICARDIAL	2	1.0	19
39.09133	27.65588	-19.62746	SAX_LV_EPICARDIAL	2	1.0	19
38.02908	25.44634	-18.24915	SAX_LV_EPICARDIAL	2	1.0	19
36.96684	23.23681	-16.87084	SAX_LV_EPICARDIAL	2	1.0	19
35.90460	21.02727	-15.49252	SAX_LV_EPICARDIAL	2	1.0	19
34.84236	18.81773	-14.11421	SAX_LV_EPICARDIAL	2	1.0	19
33.78012	16.60820	-12.73590	SAX_LV_EPICARDIAL	2	1.0	19
31.60403	14.39866	-12.21601	SAX_LV_EPICARDIAL	2	1.0	19
29.42795	12.18912	-11.69612	SAX_LV_EPICARDIAL	2	1.0	19
26.13801	9.97958	-12.03465	SAX_LV_EPICARDIAL	2	1.0	19
22.84808	7.77005	-12.37318	SAX_LV_EPICARDIAL	2	1.0	19
19.55815	5.56051	-12.71171	SAX_LV_EPICARDIAL	2	1.0	19
16.26822	3.35097	-13.05024	SAX_LV_EPICARDIAL	2	1.0	19
13.50941	2.24620	-14.07793	SAX_LV_EPICARDIAL	2	1.0	19
-13.75397	1.14140	-33.99092	SAX_LV_ENDOCARDIAL	2	1.0	19
-15.45054	2.24617	-36.39693	SAX_LV_ENDOCARDIAL	2	1.0	19
-17.14710	3.35093	-38.80293	SAX_LV_ENDOCARDIAL	2	1.0	19
-17.19870	5.56047	-41.03967	SAX_LV_ENDOCARDIAL	2	1.0	19
-18.36415	7.77000	-44.13482	SAX_LV_ENDOCARDIAL	2	1.0	19
-18.41575	9.97954	-46.37156	SAX_LV_ENDOCARDIAL	2	1.0	19
-18.46736	12.18908	-48.60830	SAX_LV_ENDOCARDIAL	2	1.0	19
-18.51896	14.39861	-50.84503	SAX_LV_ENDOCARDIAL	2	1.0	19
-17.45672	16.60815	-52.22335	SAX_LV_ENDOCARDIAL	2	1.0	19
-17.50832	18.81768	-54.46008	SAX_LV_ENDOCARDIAL	2	1.0	19
-16.44608	21.02722	-55.83840	SAX_LV_ENDOCARDIAL	2	1.0	19
-16.49768	23.23675	-58.07513	SAX_LV_ENDOCARDIAL	2	1.0	19
-15.43544	25.44629	-59.45345	SAX_LV_ENDOCARDIAL	2	1.0	19
-13.25935	27.65583	-59.97334	SAX_LV_ENDOCARDIAL	2	1.0	19
-11.08327	29.86537	-60.49323	SAX_LV_ENDOCARDIAL	2	1.0	19
-8.90718	32.07490	-61.01312	SAX_LV_ENDOCARDIAL	2	1.0	19
-5.61725	34.28444	-60.67459	SAX_LV_ENDOCARDIAL	2	1.0	19
-3.44116	36.49398	-61.19448	SAX_LV_ENDOCARDIAL	2	1.0	19
-0.68235	37.59875	-60.16679	SAX_LV_ENDOCARDIAL	2	1.0	19
2.60758	39.80829	-59.82826	SAX_LV_ENDOCARDIAL	2	1.0	19
5.36639	40.91306	-58.80057	SAX_LV_ENDOCARDIAL	2	1.0	19
8.12520	42.01783	-57.77288	SAX_LV_ENDOCARDIAL	2	1.0	19
10.88401	43.12260	-56.74519	SAX_LV_ENDOCARDIAL	2	1.0	19
13.11169	43.12260	-55.02834	SAX_LV_ENDOCARDIAL	2	1.0	19
15.87050	44.22737	-54.00065	SAX_LV_ENDOCARDIAL	2	1.0	19
18.09819	44.22738	-52.28381	SAX_LV_ENDOCARDIAL	2	1.0	19
20.32588	44.22738	-50.56696	SAX_LV_ENDOCARDIAL	2	1.0	19
22.02245	43.12261	-48.16096	SAX_LV_ENDOCARDIAL	2	1.0	19
24.25014	43.12261	-46.44411	SAX_LV_ENDOCARDIAL	2	1.0	19
25.94670	42.01785	-44.03811	SAX_LV_ENDOCARDIAL	2	1.0	19
27.64327	40.91308	-41.63211	SAX_LV_ENDOCARDIAL	2	1.0	19
28.80872	38.70355	-38.53695	SAX_LV_ENDOCARDIAL	2	1.0	19
29.97416	36.49401	-35.44179	SAX_LV_ENDOCARDIAL	2	1.0	19
31.13961	34.28448	-32.34663	SAX_LV_ENDOCARDIAL	2	1.0	19
32.30506	32.07495	-29.25147	SAX_LV_ENDOCARDIAL	2	1.0	19
33.47050	29.86541	-26.15631	SAX_LV_ENDOCARDIAL	2	1.0	19
33.52211	27.65588	-23.91958	SAX_LV_ENDOCARDIAL	2	1.0	19
32.45986	25.44634	-22.54127	SAX_LV_ENDOCARDIAL	2	1.0	19
32.51147	23.23680	-20.30453	SAX_LV_ENDOCARDIAL	2	1.0	19
30.33538	21.02727	-19.78464	SAX_LV_ENDOCARDIAL	2	1.0	19
28.15929	18.81773	-19.26475	SAX_LV_ENDOCARDIAL	2	1.0	19
25.98321	16.60819	-18.74486	SAX_LV_ENDOCARDIAL	2	1.0	19
23.80712	14.39865	-18.22497	SAX_LV_ENDOCARDIAL	2	1.0	19
21.04831	13.29388	-19.25266	SAX_LV_ENDOCARDIAL	2	1.0	19
17.75838	11.08434	-19.59119	SAX_LV_ENDOCARDIAL	2	1.0	19
14.99957	9.97957	-20.61888	SAX_LV_ENDOCARDIAL	2	1.0	19
12.24076	8.87480	-21.64657	SAX_LV_ENDOCARDIAL	2	1.0	19
9.48195	7.77003	-22.67425	SAX_LV_ENDOCARDIAL	2	1.0	19
6.72314	6.66526	-23.70194	SAX_LV_ENDOCARDIAL	2	1.0	19
3.96434	5.56049	-24.72963	SAX_LV_ENDOCARDIAL	2	1.0	19
1.20553	4.45572	-25.75732	SAX_LV_ENDOCARDIAL	2	1.0	19
-1.55328	3.35095	-26.78501	SAX_LV_ENDOCARDIAL	2	1.0	19
-4.31209	2.24618	-27.81270	SAX_LV_ENDOCARDIAL	2	1.0	19
-7.07090	1.14141	-28.84039	SAX_LV_ENDOCARDIAL	2	1.0	19
-9.29859	1.14141	-30.55723	SAX_LV_ENDOCARDIAL	2	1.0	19
-11.52628	1.14140	-32.27408	SAX_LV_ENDOCARDIAL	2	1.0	19
10.80221	-1.06811	-12.86889	RV_INSERT	2	1.0	19
-25.35683	21.02721	-62.70578	RV_INSERT	2	1.0	19
-46.59551	-28.59119	-58.18352	SAX_RV_FREEWALL	3	1.0	19
-48.29207	-27.48642	-60.58952	SAX_RV_FREEWALL	3	1.0	19
-49.98864	-26.38166	-62.99553	SAX_RV_FREEWALL	3	1.0	19
-52.21633	-26.38166	-64.71237	SAX_RV_FREEWALL	3	1.0	19
-53.38178	-24.17213	-67.80753	SAX_RV_FREEWALL	3	1.0	19
-55.07834	-23.06736	-70.21353	SAX_RV_FREEWALL	3	1.0	19
-56.77491	-21.96259	-72.61954	SAX_RV_FREEWALL	3	1.0	19
-57.94036	-19.75306	-75.71469	SAX_RV_FREEWALL	3	1.0	19
-59.10580	-17.54353	-78.80985	SAX_RV_FREEWALL	3	1.0	19
-59.15741	-15.33399	-81.04659	SAX_RV_FREEWALL	3	1.0	19
-59.20901	-13.12445	-83.28333	SAX_RV_FREEWALL	3	1.0	19
-58.14677	-10.91492	-84.66164	SAX_RV_FREEWALL	3	1.0	19
-55.97068	-8.70538	-85.18153	SAX_RV_FREEWALL	3	1.0	19
-53.79459	-6.49584	-85.70142	SAX_RV_FREEWALL	3	1.0	19
-50.50466	-4.28630	-85.36289	SAX_RV_FREEWALL	3	1.0	19
-47.21473	-2.07677	-85.02436	SAX_RV_FREEWALL	3	1.0	19
-43.92480	0.13277	-84.68582	SAX_RV_FREEWALL	3	1.0	19
-40.63487	2.34231	-84.34729	SAX_RV_FREEWALL	3	1.0	19
-37.34494	4.55185	-84.00876	SAX_RV_FREEWALL	3	1.0	19
-35.16886	6.76139	-84.52865	SAX_RV_FREEWALL	3	1.0	19
-32.41005	7.86616	-83.50096	SAX_RV_FREEWALL	3	1.0	19
-29.12012	10.07570	-83.16243	SAX_RV_FREEWALL	3	1.0	19
-25.83019	12.28524	-82.82390	SAX_RV_FREEWALL	3	1.0	19
-23.07138	13.39001	-81.79621	SAX_RV_FREEWALL	3	1.0	19
-20.31257	14.49478	-80.76852	SAX_RV_FREEWALL	3	1.0	19
-17.55376	15.59955	-79.74083	SAX_RV_FREEWALL	3	1.0	19
-15.32607	15.59955	-78.02399	SAX_RV_FREEWALL	3	1.0	19
5.49716	-17.54346	-29.02133	SAX_RV_FREEWALL	3	1.0	19
2.73835	-18.64823	-30.04902	SAX_RV_FREEWALL	3	1.0	19
0.51066	-18.64823	-31.76587	SAX_RV_FREEWALL	3	1.0	19
-2.24815	-19.75300	-32.79355	SAX_RV_FREEWALL	3	1.0	19
-5.00696	-20.85777	-33.82124	SAX_RV_FREEWALL	3	1.0	19
-8.29689	-23.06731	-34.15978	SAX_RV_FREEWALL	3	1.0	19
-11.05570	-24.17208	-35.18746	SAX_RV_FREEWALL	3	1.0	19
-14.34563	-26.38162	-35.52600	SAX_RV_FREEWALL	3	1.0	19
-17.10444	-27.48639	-36.55369	SAX_RV_FREEWALL	3	1.0	19
-19.33212	-27.48640	-38.27053	SAX_RV_FREEWALL	3	1.0	19
-22.09093	-28.59117	-39.29822	SAX_RV_FREEWALL	3	1.0	19
-24.31862	-28.59117	-41.01507	SAX_RV_FREEWALL	3	1.0	19
-26.54631	-28.59117	-42.73191	SAX_RV_FREEWALL	3	1.0	19
-28.77400	-28.59117	-44.44876	SAX_RV_FREEWALL	3	1.0	19
-31.00169	-28.59117	-46.16560	SAX_RV_FREEWALL	3	1.0	19
-33.22938	-28.59118	-47.88245	SAX_RV_FREEWALL	3	1.0	19
-35.45706	-28.59118	-49.59929	SAX_RV_FREEWALL	3	1.0	19
-37.68475	-28.59118	-51.31614	SAX_RV_FREEWALL	3	1.0	19
-39.91244	-28.59118	-53.03298	SAX_RV_FREEWALL	3	1.0	19
-42.14013	-28.59119	-54.74983	SAX_RV_FREEWALL	3	1.0	19
-44.36782	-28.59119	-56.46668	SAX_RV_FREEWALL	3	1.0	19
-47.07502	-31.90549	-55.25763	SAX_RV_EPICARDIAL	3	1.0	19
-48.77159	-30.80073	-57.66363	SAX_RV_EPICARDIAL	3	1.0	19
-50.99928	-30.80073	-59.38048	SAX_RV_EPICARDIAL	3	1.0	19
-52.69585	-29.69596	-61.78648	SAX_RV_EPICARDIAL	3	1.0	19
-54.39242	-28.59120	-64.19248	SAX_RV_EPICARDIAL	3	1.0	19
-56.08898	-27.48643	-66.59848	SAX_RV_EPICARDIAL	3	1.0	19
-57.78555	-26.38167	-69.00449	SAX_RV_EPICARDIAL	3	1.0	19
-58.95100	-24.17213	-72.09965	SAX_RV_EPICARDIAL	3	1.0	19
-60.11644	-21.96260	-75.19480	SAX_RV_EPICARDIAL	3	1.0	19
-61.28189	-19.75306	-78.28996	SAX_RV_EPICARDIAL	3	1.0	19
-62.44734	-17.54353	-81.38512	SAX_RV_EPICARDIAL	3	1.0	19
-62.49894	-15.33399	-83.62186	SAX_RV_EPICARDIAL	3	1.0	19
-61.43670	-13.12446	-85.00017	SAX_RV_EPICARDIAL	3	1.0	19
-60.37446	-10.91492	-86.37849	SAX_RV_EPICARDIAL	3	1.0	19
-58.19837	-8.70538	-86.89838	SAX_RV_EPICARDIAL	3	1.0	19
-56.02228	-6.49584	-87.41827	SAX_RV_EPICARDIAL	3	1.0	19
-53.84620	-4.28631	-87.93816	SAX_RV_EPICARDIAL	3	1.0	19
-50.55627	-2.07677	-87.59963	SAX_RV_EPICARDIAL	3	1.0	19
-48.38018	0.13277	-88.11952	SAX_RV_EPICARDIAL	3	1.0	19
-45.09025	2.34231	-87.78098	SAX_RV_EPICARDIAL	3	1.0	19
-41.80032	4.55185	-87.44245	SAX_RV_EPICARDIAL	3	1.0	19
-38.51039	6.76139	-87.10392	SAX_RV_EPICARDIAL	3	1.0	19
-35.22046	8.97092	-86.76539	SAX_RV_EPICARDIAL	3	1.0	19
-31.93053	11.18046	-86.42685	SAX_RV_EPICARDIAL	3	1.0	19
-29.17172	12.28523	-85.39917	SAX_RV_EPICARDIAL	3	1.0	19
-25.88179	14.49477	-85.06063	SAX_RV_EPICARDIAL	3	1.0	19
-23.12298	15.59954	-84.03294	SAX_RV_EPICARDIAL	3	1.0	19
-20.36417	16.70431	-83.00526	SAX_RV_EPICARDIAL	3	1.0	19
-17.60536	17.80908	-81.97757	SAX_RV_EPICARDIAL	3	1.0	19
-14.84655	18.91385	-80.94988	SAX_RV_EPICARDIAL	3	1.0	19
-12.61886	18.91386	-79.23303	SAX_RV_EPICARDIAL	3	1.0	19
-13.09838	15.59955	-76.30714	SAX_RV_EPICARDIAL	3	1.0	19
9.90094	-15.33392	-27.82438	SAX_RV_EPICARDIAL	3	1.0	19
9.95254	-17.54346	-25.58764	SAX_RV_EPICARDIAL	3	1.0	19
7.19373	-18.64823	-26.61533	SAX_RV_EPICARDIAL	3	1.0	19
4.43492	-19.75300	-27.64302	SAX_RV_EPICARDIAL	3	1.0	19
1.67611	-20.85777	-28.67071	SAX_RV_EPICARDIAL	3	1.0	19
-1.08270	-21.96254	-29.69840	SAX_RV_EPICARDIAL	3	1.0	19
-3.84151	-23.06731	-30.72608	SAX_RV_EPICARDIAL	3	1.0	19
-7.13144	-25.27685	-31.06462	SAX_RV_EPICARDIAL	3	1.0	19
-10.42137	-27.48639	-31.40315	SAX_RV_EPICARDIAL	3	1.0	19
-13.18018	-28.59116	-32.43084	SAX_RV_EPICARDIAL	3	1.0	19
-15.93899	-29.69593	-33.45853	SAX_RV_EPICARDIAL	3	1.0	19
-18.69780	-30.80070	-34.48622	SAX_RV_EPICARDIAL	3	1.0	19
-20.92549	-30.80070	-36.20306	SAX_RV_EPICARDIAL	3	1.0	19
-23.15317	-30.80070	-37.91991	SAX_RV_EPICARDIAL	3	1.0	19
-25.91198	-31.90547	-38.94760	SAX_RV_EPICARDIAL	3	1.0	19
-28.13967	-31.90548	-40.66444	SAX_RV_EPICARDIAL	3	1.0	19
-30.36736	-31.90548	-42.38129	SAX_RV_EPICARDIAL	3	1.0	19
-32.59505	-31.90548	-44.09813	SAX_RV_EPICARDIAL	3	1.0	19
-34.82274	-31.90548	-45.81498	SAX_RV_EPICARDIAL	3	1.0	19
-37.05043	-31.90548	-47.53182	SAX_RV_EPICARDIAL	3	1.0	19
-39.27811	-31.90549	-49.24867	SAX_RV_EPICARDIAL	3	1.0	19
-41.50580	-31.90549	-50.96551	SAX_RV_EPICARDIAL	3	1.0	19
-43.73349	-31.90549	-52.68236	SAX_RV_EPICARDIAL	3	1.0	19
-45.96118	-31.90549	-54.39921	SAX_RV_EPICARDIAL	3	1.0	19
-13.62950	14.49478	-75.61798	SAX_RV_SEPTUM	3	1.0	19
-14.69174	12.28525	-74.23967	SAX_RV_SEPTUM	3	1.0	19
-14.64014	10.07571	-72.00293	SAX_RV_SEPTUM	3	1.0	19
-14.58854	7.86618	-69.76620	SAX_RV_SEPTUM	3	1.0	19
-14.53694	5.65664	-67.52946	SAX_RV_SEPTUM	3	1.0	19
-14.48534	3.44711	-65.29272	SAX_RV_SEPTUM	3	1.0	19
-14.43373	1.23757	-63.05599	SAX_RV_SEPTUM	3	1.0	19
-14.38213	-0.97196	-60.81925	SAX_RV_SEPTUM	3	1.0	19
-14.33053	-3.18150	-58.58252	SAX_RV_SEPTUM	3	1.0	19
-13.16508	-5.39103	-55.48736	SAX_RV_SEPTUM	3	1.0	19
-11.99964	-7.60057	-52.39220	SAX_RV_SEPTUM	3	1.0	19
-10.83419	-9.81010	-49.29704	SAX_RV_SEPTUM	3	1.0	19
-9.13762	-10.91487	-46.89104	SAX_RV_SEPTUM	3	1.0	19
-7.44105	-12.01964	-44.48503	SAX_RV_SEPTUM	3	1.0	19
-5.74449	-13.12440	-42.07903	SAX_RV_SEPTUM	3	1.0	19
-4.04792	-14.22917	-39.67303	SAX_RV_SEPTUM	3	1.0	19
-1.82023	-14.22917	-37.95618	SAX_RV_SEPTUM	3	1.0	19
-0.12366	-15.33393	-35.55018	SAX_RV_SEPTUM	3	1.0	19
2.10403	-15.33393	-33.83334	SAX_RV_SEPTUM	3	1.0	19
4.33171	-15.33393	-32.11649	SAX_RV_SEPTUM	3	1.0	19
6.55940	-15.33392	-30.39964	SAX_RV_SEPTUM	3	1.0	19
8.78709	-15.33392	-28.68280	SAX_RV_SEPTUM	3	1.0	19
8.25597	-16.43869	-27.99364	SAX_RV_SEPTUM	3	1.0	19
-10.92230	17.80909	-76.82703	SAX_LV_EPICARDIAL	3	1.0	19
-9.86005	20.01863	-78.20534	SAX_LV_EPICARDIAL	3	1.0	19
-7.68397	22.22816	-78.72523	SAX_LV_EPICARDIAL	3	1.0	19
-5.50788	24.43770	-79.24512	SAX_LV_EPICARDIAL	3	1.0	19
-3.33180	26.64724	-79.76502	SAX_LV_EPICARDIAL	3	1.0	19
-0.04187	28.85678	-79.42648	SAX_LV_EPICARDIAL	3	1.0	19
3.24806	31.06632	-79.08795	SAX_LV_EPICARDIAL	3	1.0	19
6.53800	33.27586	-78.74942	SAX_LV_EPICARDIAL	3	1.0	19
9.29680	34.38063	-77.72173	SAX_LV_EPICARDIAL	3	1.0	19
12.58673	36.59017	-77.38320	SAX_LV_EPICARDIAL	3	1.0	19
15.34554	37.69494	-76.35551	SAX_LV_EPICARDIAL	3	1.0	19
18.10435	38.79971	-75.32782	SAX_LV_EPICARDIAL	3	1.0	19
20.86316	39.90448	-74.30013	SAX_LV_EPICARDIAL	3	1.0	19
23.09085	39.90448	-72.58329	SAX_LV_EPICARDIAL	3	1.0	19
25.84966	41.00925	-71.55560	SAX_LV_EPICARDIAL	3	1.0	19
28.07735	41.00925	-69.83875	SAX_LV_EPICARDIAL	3	1.0	19
30.30504	41.00925	-68.12191	SAX_LV_EPICARDIAL	3	1.0	19
32.53273	41.00926	-66.40506	SAX_LV_EPICARDIAL	3	1.0	19
34.76041	41.00926	-64.68821	SAX_LV_EPICARDIAL	3	1.0	19
36.98810	41.00926	-62.97137	SAX_LV_EPICARDIAL	3	1.0	19
38.68467	39.90449	-60.56537	SAX_LV_EPICARDIAL	3	1.0	19
40.91236	39.90450	-58.84852	SAX_LV_EPICARDIAL	3	1.0	19
42.60893	38.79973	-56.44252	SAX_LV_EPICARDIAL	3	1.0	19
44.30549	37.69497	-54.03652	SAX_LV_EPICARDIAL	3	1.0	19
46.00206	36.59020	-51.63051	SAX_LV_EPICARDIAL	3	1.0	19
47.16751	34.38066	-48.53535	SAX_LV_EPICARDIAL	3	1.0	19
48.33295	32.17113	-45.44020	SAX_LV_EPICARDIAL	3	1.0	19
49.49840	29.96160	-42.34504	SAX_LV_EPICARDIAL	3	1.0	19
49.55000	27.75206	-40.10830	SAX_LV_EPICARDIAL	3	1.0	19
50.71545	25.54253	-37.01314	SAX_LV_EPICARDIAL	3	1.0	19
50.76705	23.33299	-34.77640	SAX_LV_EPICARDIAL	3	1.0	19
50.81865	21.12346	-32.53967	SAX_LV_EPICARDIAL	3	1.0	19
49.75641	18.91392	-31.16136	SAX_LV_EPICARDIAL	3	1.0	19
49.80802	16.70438	-28.92462	SAX_LV_EPICARDIAL	3	1.0	19
48.74577	14.49485	-27.54631	SAX_LV_EPICARDIAL	3	1.0	19
47.68353	12.28531	-26.16799	SAX_LV_EPICARDIAL	3	1.0	19
46.62129	10.07577	-24.78968	SAX_LV_EPICARDIAL	3	1.0	19
45.55905	7.86624	-23.41137	SAX_LV_EPICARDIAL	3	1.0	19
44.49681	5.65670	-22.03305	SAX_LV_EPICARDIAL	3	1.0	19
42.32072	3.44716	-21.51316	SAX_LV_EPICARDIAL	3	1.0	19
40.14463	1.23763	-20.99327	SAX_LV_EPICARDIAL	3	1.0	19
37.96855	-0.97191	-20.47338	SAX_LV_EPICARDIAL	3	1.0	19
35.79246	-3.18145	-19.95349	SAX_LV_EPICARDIAL	3	1.0	19
33.61638	-5.39099	-19.43360	SAX_LV_EPICARDIAL	3	1.0	19
30.32645	-7.60053	-19.77213	SAX_LV_EPICARDIAL	3	1.0	19
27.03651	-9.81007	-20.11066	SAX_LV_EPICARDIAL	3	1.0	19
24.27771	-10.91484	-21.13835	SAX_LV_EPICARDIAL	3	1.0	19
21.51890	-12.01961	-22.16604	SAX_LV_EPICARDIAL	3	1.0	19
18.76009	-13.12438	-23.19373	SAX_LV_EPICARDIAL	3	1.0	19
16.00128	-14.22915	-24.22142	SAX_LV_EPICARDIAL	3	1.0	19
13.77359	-14.22915	-25.93826	SAX_LV_EPICARDIAL	3	1.0	19
12.50494	-7.60054	-33.50690	SAX_LV_ENDOCARDIAL	3	1.0	19
10.80837	-6.49578	-35.91290	SAX_LV_ENDOCARDIAL	3	1.0	19
8.58068	-6.49578	-37.62974	SAX_LV_ENDOCARDIAL	3	1.0	19
6.88411	-5.39101	-40.03575	SAX_LV_ENDOCARDIAL	3	1.0	19
4.65643	-5.39102	-41.75259	SAX_LV_ENDOCARDIAL	3	1.0	19
2.95986	-4.28625	-44.15859	SAX_LV_ENDOCARDIAL	3	1.0	19
1.26329	-3.18148	-46.56460	SAX_LV_ENDOCARDIAL	3	1.0	19
-0.43328	-2.07672	-48.97060	SAX_LV_ENDOCARDIAL	3	1.0	19
-2.12984	-0.97195	-51.37660	SAX_LV_ENDOCARDIAL	3	1.0	19
-3.29529	1.23758	-54.47176	SAX_LV_ENDOCARDIAL	3	1.0	19
-4.46074	3.44712	-57.56692	SAX_LV_ENDOCARDIAL	3	1.0	19
-4.51234	5.65665	-59.80366	SAX_LV_ENDOCARDIAL	3	1.0	19
-5.67779	7.86619	-62.89881	SAX_LV_ENDOCARDIAL	3	1.0	19
-5.72939	10.07572	-65.13555	SAX_LV_ENDOCARDIAL	3	1.0	19
-5.78099	12.28526	-67.37229	SAX_LV_ENDOCARDIAL	3	1.0	19
-4.71875	14.49479	-68.75060	SAX_LV_ENDOCARDIAL	3	1.0	19
-3.65651	16.70433	-70.12891	SAX_LV_ENDOCARDIAL	3	1.0	19
-2.59427	18.91387	-71.50723	SAX_LV_ENDOCARDIAL	3	1.0	19
-0.41818	21.12340	-72.02712	SAX_LV_ENDOCARDIAL	3	1.0	19
1.75791	23.33294	-72.54701	SAX_LV_ENDOCARDIAL	3	1.0	19
3.93399	25.54248	-73.06690	SAX_LV_ENDOCARDIAL	3	1.0	19
7.22392	27.75202	-72.72837	SAX_LV_ENDOCARDIAL	3	1.0	19
10.51385	29.96156	-72.38983	SAX_LV_ENDOCARDIAL	3	1.0	19
13.27266	31.06633	-71.36215	SAX_LV_ENDOCARDIAL	3	1.0	19
16.03147	32.17110	-70.33446	SAX_LV_ENDOCARDIAL	3	1.0	19
18.79028	33.27587	-69.30677	SAX_LV_ENDOCARDIAL	3	1.0	19
21.54909	34.38064	-68.27908	SAX_LV_ENDOCARDIAL	3	1.0	19
23.77678	34.38064	-66.56223	SAX_LV_ENDOCARDIAL	3	1.0	19
26.00447	34.38064	-64.84539	SAX_LV_ENDOCARDIAL	3	1.0	19
28.23216	34.38065	-63.12854	SAX_LV_ENDOCARDIAL	3	1.0	19
30.45984	34.38065	-61.41170	SAX_LV_ENDOCARDIAL	3	1.0	19
32.68753	34.38065	-59.69485	SAX_LV_ENDOCARDIAL	3	1.0	19
34.91522	34.38065	-57.97801	SAX_LV_ENDOCARDIAL	3	1.0	19
37.14291	34.38065	-56.26116	SAX_LV_ENDOCARDIAL	3	1.0	19
38.83948	33.27589	-53.85516	SAX_LV_ENDOCARDIAL	3	1.0	19
40.00492	31.06635	-50.76000	SAX_LV_ENDOCARDIAL	3	1.0	19
41.70149	29.96159	-48.35400	SAX_LV_ENDOCARDIAL	3	1.0	19
42.86694	27.75205	-45.25884	SAX_LV_ENDOCARDIAL	3	1.0	19
44.03238	25.54252	-42.16368	SAX_LV_ENDOCARDIAL	3	1.0	19
44.08399	23.33298	-39.92694	SAX_LV_ENDOCARDIAL	3	1.0	19
44.13559	21.12345	-37.69021	SAX_LV_ENDOCARDIAL	3	1.0	19
44.18719	18.91391	-35.45347	SAX_LV_ENDOCARDIAL	3	1.0	19
44.23879	16.70438	-33.21673	SAX_LV_ENDOCARDIAL	3	1.0	19
43.17655	14.49484	-31.83842	SAX_LV_ENDOCARDIAL	3	1.0	19
42.11431	12.28530	-30.46011	SAX_LV_ENDOCARDIAL	3	1.0	19
41.05207	10.07577	-29.08179	SAX_LV_ENDOCARDIAL	3	1.0	19
39.98983	7.86623	-27.70348	SAX_LV_ENDOCARDIAL	3	1.0	19
38.92758	5.65669	-26.32517	SAX_LV_ENDOCARDIAL	3	1.0	19
36.75150	3.44716	-25.80528	SAX_LV_ENDOCARDIAL	3	1.0	19
34.57541	1.23762	-25.28538	SAX_LV_ENDOCARDIAL	3	1.0	19
32.39933	-0.97192	-24.76549	SAX_LV_ENDOCARDIAL	3	1.0	19
29.10940	-3.18146	-25.10403	SAX_LV_ENDOCARDIAL	3	1.0	19
26.35059	-4.28623	-26.13171	SAX_LV_ENDOCARDIAL	3	1.0	19
23.59178	-5.39100	-27.15940	SAX_LV_ENDOCARDIAL	3	1.0	19
20.83297	-6.49577	-28.18709	SAX_LV_ENDOCARDIAL	3	1.0	19
18.60528	-6.49577	-29.90394	SAX_LV_ENDOCARDIAL	3	1.0	19
16.37759	-6.49577	-31.62078	SAX_LV_ENDOCARDIAL	3	1.0	19
13.61878	-7.60054	-32.64847	SAX_LV_ENDOCARDIAL	3	1.0	19
8.25597	-16.43869	-27.99364	RV_INSERT	3	1.0	19
-15.32607	15.59955	-78.02399	RV_INSERT	3	1.0	19
-37.73119	-31.80882	-76.59639	SAX_RV_FREEWALL	4	1.0	19
-39.42776	-30.70405	-79.00239	SAX_RV_FREEWALL	4	1.0	19
-41.12433	-29.59928	-81.40839	SAX_RV_FREEWALL	4	1.0	19
-42.82089	-28.49452	-83.81439	SAX_RV_FREEWALL	4	1.0	19
-44.51746	-27.38975	-86.22040	SAX_RV_FREEWALL	4	1.0	19
-45.68291	-25.18022	-89.31556	SAX_RV_FREEWALL	4	1.0	19
-45.73451	-22.97068	-91.55229	SAX_RV_FREEWALL	4	1.0	19
-45.78611	-20.76115	-93.78903	SAX_RV_FREEWALL	4	1.0	19
-44.72387	-18.55161	-95.16734	SAX_RV_FREEWALL	4	1.0	19
-41.43394	-16.34207	-94.82881	SAX_RV_FREEWALL	4	1.0	19
-38.14401	-14.13253	-94.49028	SAX_RV_FREEWALL	4	1.0	19
-35.38520	-13.02776	-93.46259	SAX_RV_FREEWALL	4	1.0	19
-32.09527	-10.81822	-93.12406	SAX_RV_FREEWALL	4	1.0	19
-28.80534	-8.60868	-92.78552	SAX_RV_FREEWALL	4	1.0	19
-25.51541	-6.39915	-92.44699	SAX_RV_FREEWALL	4	1.0	19
-22.75660	-5.29437	-91.41930	SAX_RV_FREEWALL	4	1.0	19
-19.46667	-3.08484	-91.08077	SAX_RV_FREEWALL	4	1.0	19
-16.17674	-0.87530	-90.74224	SAX_RV_FREEWALL	4	1.0	19
-12.88681	1.33424	-90.40371	SAX_RV_FREEWALL	4	1.0	19
-10.12800	2.43901	-89.37602	SAX_RV_FREEWALL	4	1.0	19
-7.36919	3.54378	-88.34833	SAX_RV_FREEWALL	4	1.0	19
-4.61038	4.64855	-87.32064	SAX_RV_FREEWALL	4	1.0	19
2.74351	-24.07540	-53.09253	SAX_RV_FREEWALL	4	1.0	19
-0.54642	-26.28494	-53.43106	SAX_RV_FREEWALL	4	1.0	19
-2.77410	-26.28494	-55.14791	SAX_RV_FREEWALL	4	1.0	19
-5.53291	-27.38971	-56.17560	SAX_RV_FREEWALL	4	1.0	19
-7.76060	-27.38972	-57.89244	SAX_RV_FREEWALL	4	1.0	19
-10.51941	-28.49449	-58.92013	SAX_RV_FREEWALL	4	1.0	19
-12.74710	-28.49449	-60.63698	SAX_RV_FREEWALL	4	1.0	19
-15.50591	-29.59926	-61.66467	SAX_RV_FREEWALL	4	1.0	19
-18.26472	-30.70403	-62.69236	SAX_RV_FREEWALL	4	1.0	19
-20.49241	-30.70403	-64.40920	SAX_RV_FREEWALL	4	1.0	19
-23.25122	-31.80880	-65.43689	SAX_RV_FREEWALL	4	1.0	19
-25.47891	-31.80880	-67.15374	SAX_RV_FREEWALL	4	1.0	19
-27.70659	-31.80881	-68.87058	SAX_RV_FREEWALL	4	1.0	19
-29.93428	-31.80881	-70.58743	SAX_RV_FREEWALL	4	1.0	19
-32.16197	-31.80881	-72.30427	SAX_RV_FREEWALL	4	1.0	19
-34.38966	-31.80881	-74.02112	SAX_RV_FREEWALL	4	1.0	19
-36.61735	-31.80881	-75.73796	SAX_RV_FREEWALL	4	1.0	19
-37.09687	-35.12312	-72.81207	SAX_RV_EPICARDIAL	4	1.0	19
-38.79343	-34.01835	-75.21807	SAX_RV_EPICARDIAL	4	1.0	19
-41.02112	-34.01835	-76.93492	SAX_RV_EPICARDIAL	4	1.0	19
-42.71769	-32.91359	-79.34092	SAX_RV_EPICARDIAL	4	1.0	19
-44.41426	-31.80882	-81.74692	SAX_RV_EPICARDIAL	4	1.0	19
-46.11082	-30.70406	-84.15293	SAX_RV_EPICARDIAL	4	1.0	19
-47.80739	-29.59929	-86.55893	SAX_RV_EPICARDIAL	4	1.0	19
-48.97284	-27.38976	-89.65409	SAX_RV_EPICARDIAL	4	1.0	19
-50.13829	-25.18022	-92.74925	SAX_RV_EPICARDIAL	4	1.0	19
-49.07604	-22.97069	-94.12756	SAX_RV_EPICARDIAL	4	1.0	19
-49.12765	-20.76115	-96.36430	SAX_RV_EPICARDIAL	4	1.0	19
-46.95156	-18.55161	-96.88419	SAX_RV_EPICARDIAL	4	1.0	19
-45.88932	-16.34208	-98.26250	SAX_RV_EPICARDIAL	4	1.0	19
-42.59939	-14.13254	-97.92397	SAX_RV_EPICARDIAL	4	1.0	19
-39.84058	-13.02777	-96.89628	SAX_RV_EPICARDIAL	4	1.0	19
-36.55065	-10.81823	-96.55775	SAX_RV_EPICARDIAL	4	1.0	19
-33.26072	-8.60869	-96.21922	SAX_RV_EPICARDIAL	4	1.0	19
-29.97079	-6.39915	-95.88068	SAX_RV_EPICARDIAL	4	1.0	19
-26.68086	-4.18961	-95.54215	SAX_RV_EPICARDIAL	4	1.0	19
-23.92205	-3.08484	-94.51446	SAX_RV_EPICARDIAL	4	1.0	19
-20.63212	-0.87530	-94.17593	SAX_RV_EPICARDIAL	4	1.0	19
-17.87331	0.22947	-93.14824	SAX_RV_EPICARDIAL	4	1.0	19
-14.58338	2.43901	-92.80971	SAX_RV_EPICARDIAL	4	1.0	19
-11.29345	4.64855	-92.47118	SAX_RV_EPICARDIAL	4	1.0	19
-8.53464	5.75332	-91.44349	SAX_RV_EPICARDIAL	4	1.0	19
-5.77583	6.85809	-90.41580	SAX_RV_EPICARDIAL	4	1.0	19
-3.01702	7.96286	-89.38811	SAX_RV_EPICARDIAL	4	1.0	19
-0.25821	9.06763	-88.36042	SAX_RV_EPICARDIAL	4	1.0	19
-0.73773	5.75332	-85.43453	SAX_RV_EPICARDIAL	4	1.0	19
7.73001	-22.97063	-50.34800	SAX_RV_EPICARDIAL	4	1.0	19
7.19889	-24.07540	-49.65884	SAX_RV_EPICARDIAL	4	1.0	19
3.90896	-26.28494	-49.99737	SAX_RV_EPICARDIAL	4	1.0	19
1.15015	-27.38971	-51.02506	SAX_RV_EPICARDIAL	4	1.0	19
-1.60866	-28.49448	-52.05275	SAX_RV_EPICARDIAL	4	1.0	19
-3.83635	-28.49448	-53.76960	SAX_RV_EPICARDIAL	4	1.0	19
-6.59516	-29.59925	-54.79728	SAX_RV_EPICARDIAL	4	1.0	19
-9.35397	-30.70402	-55.82497	SAX_RV_EPICARDIAL	4	1.0	19
-11.58165	-30.70402	-57.54182	SAX_RV_EPICARDIAL	4	1.0	19
-14.34046	-31.80879	-58.56951	SAX_RV_EPICARDIAL	4	1.0	19
-17.09927	-32.91356	-59.59720	SAX_RV_EPICARDIAL	4	1.0	19
-19.85808	-34.01833	-60.62489	SAX_RV_EPICARDIAL	4	1.0	19
-22.08577	-34.01834	-62.34173	SAX_RV_EPICARDIAL	4	1.0	19
-24.31346	-34.01834	-64.05858	SAX_RV_EPICARDIAL	4	1.0	19
-27.07227	-35.12311	-65.08627	SAX_RV_EPICARDIAL	4	1.0	19
-29.29996	-35.12311	-66.80311	SAX_RV_EPICARDIAL	4	1.0	19
-31.52765	-35.12311	-68.51996	SAX_RV_EPICARDIAL	4	1.0	19
-33.75533	-35.12312	-70.23680	SAX_RV_EPICARDIAL	4	1.0	19
-35.98302	-35.12312	-71.95365	SAX_RV_EPICARDIAL	4	1.0	19
-2.38269	4.64856	-85.60379	SAX_RV_SEPTUM	4	1.0	19
-2.33109	2.43902	-83.36706	SAX_RV_SEPTUM	4	1.0	19
-3.39333	0.22948	-81.98874	SAX_RV_SEPTUM	4	1.0	19
-4.45557	-1.98005	-80.61043	SAX_RV_SEPTUM	4	1.0	19
-5.51782	-4.18959	-79.23212	SAX_RV_SEPTUM	4	1.0	19
-5.46621	-6.39913	-76.99538	SAX_RV_SEPTUM	4	1.0	19
-5.41461	-8.60866	-74.75864	SAX_RV_SEPTUM	4	1.0	19
-5.36301	-10.81820	-72.52191	SAX_RV_SEPTUM	4	1.0	19
-4.19756	-13.02773	-69.42675	SAX_RV_SEPTUM	4	1.0	19
-3.03212	-15.23727	-66.33159	SAX_RV_SEPTUM	4	1.0	19
-1.86667	-17.44680	-63.23643	SAX_RV_SEPTUM	4	1.0	19
-0.17010	-18.55157	-60.83043	SAX_RV_SEPTUM	4	1.0	19
1.52647	-19.65633	-58.42443	SAX_RV_SEPTUM	4	1.0	19
3.22303	-20.76110	-56.01842	SAX_RV_SEPTUM	4	1.0	19
4.91960	-21.86586	-53.61242	SAX_RV_SEPTUM	4	1.0	19
5.50232	-22.97063	-52.06484	SAX_RV_SEPTUM	4	1.0	19
1.43836	7.96286	-85.95442	SAX_LV_EPICARDIAL	4	1.0	19
3.61444	10.17240	-86.47431	SAX_LV_EPICARDIAL	4	1.0	19
5.79053	12.38194	-86.99420	SAX_LV_EPICARDIAL	4	1.0	19
7.96662	14.59148	-87.51409	SAX_LV_EPICARDIAL	4	1.0	19
10.14270	16.80101	-88.03398	SAX_LV_EPICARDIAL	4	1.0	19
13.43263	19.01055	-87.69545	SAX_LV_EPICARDIAL	4	1.0	19
16.72256	21.22009	-87.35692	SAX_LV_EPICARDIAL	4	1.0	19
19.48137	22.32486	-86.32923	SAX_LV_EPICARDIAL	4	1.0	19
22.77130	24.53440	-85.99070	SAX_LV_EPICARDIAL	4	1.0	19
25.53011	25.63917	-84.96301	SAX_LV_EPICARDIAL	4	1.0	19
28.28892	26.74394	-83.93532	SAX_LV_EPICARDIAL	4	1.0	19
30.51661	26.74394	-82.21847	SAX_LV_EPICARDIAL	4	1.0	19
32.74430	26.74395	-80.50163	SAX_LV_EPICARDIAL	4	1.0	19
34.97199	26.74395	-78.78478	SAX_LV_EPICARDIAL	4	1.0	19
37.19968	26.74395	-77.06794	SAX_LV_EPICARDIAL	4	1.0	19
39.42736	26.74395	-75.35109	SAX_LV_EPICARDIAL	4	1.0	19
41.65505	26.74395	-73.63424	SAX_LV_EPICARDIAL	4	1.0	19
43.88274	26.74396	-71.91740	SAX_LV_EPICARDIAL	4	1.0	19
45.57931	25.63919	-69.51140	SAX_LV_EPICARDIAL	4	1.0	19
47.27588	24.53442	-67.10539	SAX_LV_EPICARDIAL	4	1.0	19
48.97244	23.42966	-64.69939	SAX_LV_EPICARDIAL	4	1.0	19
50.66901	22.32489	-62.29339	SAX_LV_EPICARDIAL	4	1.0	19
52.36558	21.22013	-59.88739	SAX_LV_EPICARDIAL	4	1.0	19
53.53102	19.01059	-56.79223	SAX_LV_EPICARDIAL	4	1.0	19
54.69647	16.80106	-53.69707	SAX_LV_EPICARDIAL	4	1.0	19
54.74807	14.59152	-51.46033	SAX_LV_EPICARDIAL	4	1.0	19
54.79968	12.38199	-49.22360	SAX_LV_EPICARDIAL	4	1.0	19
54.85128	10.17245	-46.98686	SAX_LV_EPICARDIAL	4	1.0	19
53.78904	7.96291	-45.60855	SAX_LV_EPICARDIAL	4	1.0	19
53.84064	5.75338	-43.37181	SAX_LV_EPICARDIAL	4	1.0	19
52.77840	3.54384	-41.99350	SAX_LV_EPICARDIAL	4	1.0	19
51.71615	1.33431	-40.61518	SAX_LV_EPICARDIAL	4	1.0	19
49.54007	-0.87523	-40.09529	SAX_LV_EPICARDIAL	4	1.0	19
48.47783	-3.08477	-38.71698	SAX_LV_EPICARDIAL	4	1.0	19
46.30174	-5.29431	-38.19709	SAX_LV_EPICARDIAL	4	1.0	19
45.23950	-7.50384	-36.81878	SAX_LV_EPICARDIAL	4	1.0	19
41.94957	-9.71338	-37.15731	SAX_LV_EPICARDIAL	4	1.0	19
39.77348	-11.92292	-36.63742	SAX_LV_EPICARDIAL	4	1.0	19
36.48355	-14.13246	-36.97595	SAX_LV_EPICARDIAL	4	1.0	19
33.19362	-16.34200	-37.31448	SAX_LV_EPICARDIAL	4	1.0	19
30.43481	-17.44677	-38.34217	SAX_LV_EPICARDIAL	4	1.0	19
27.14488	-19.65631	-38.68070	SAX_LV_EPICARDIAL	4	1.0	19
24.38607	-20.76108	-39.70839	SAX_LV_EPICARDIAL	4	1.0	19
22.15838	-20.76108	-41.42524	SAX_LV_EPICARDIAL	4	1.0	19
19.39957	-21.86585	-42.45293	SAX_LV_EPICARDIAL	4	1.0	19
17.17189	-21.86585	-44.16977	SAX_LV_EPICARDIAL	4	1.0	19
14.94420	-21.86585	-45.88662	SAX_LV_EPICARDIAL	4	1.0	19
12.71651	-21.86586	-47.60346	SAX_LV_EPICARDIAL	4	1.0	19
10.48882	-21.86586	-49.32031	SAX_LV_EPICARDIAL	4	1.0	19
18.13092	-15.23724	-50.02156	SAX_LV_ENDOCARDIAL	4	1.0	19
16.43436	-14.13248	-52.42756	SAX_LV_ENDOCARDIAL	4	1.0	19
14.20667	-14.13248	-54.14441	SAX_LV_ENDOCARDIAL	4	1.0	19
11.97898	-14.13248	-55.86125	SAX_LV_ENDOCARDIAL	4	1.0	19
10.28241	-13.02772	-58.26725	SAX_LV_ENDOCARDIAL	4	1.0	19
8.58584	-11.92295	-60.67326	SAX_LV_ENDOCARDIAL	4	1.0	19
6.35816	-11.92295	-62.39010	SAX_LV_ENDOCARDIAL	4	1.0	19
5.19271	-9.71342	-65.48526	SAX_LV_ENDOCARDIAL	4	1.0	19
4.02726	-7.50388	-68.58042	SAX_LV_ENDOCARDIAL	4	1.0	19
3.97566	-5.29435	-70.81716	SAX_LV_ENDOCARDIAL	4	1.0	19
3.92406	-3.08481	-73.05389	SAX_LV_ENDOCARDIAL	4	1.0	19
3.87246	-0.87528	-75.29063	SAX_LV_ENDOCARDIAL	4	1.0	19
3.82085	1.33426	-77.52736	SAX_LV_ENDOCARDIAL	4	1.0	19
4.88310	3.54379	-78.90568	SAX_LV_ENDOCARDIAL	4	1.0	19
5.94534	5.75333	-80.28399	SAX_LV_ENDOCARDIAL	4	1.0	19
8.12142	7.96287	-80.80388	SAX_LV_ENDOCARDIAL	4	1.0	19
9.18367	10.17241	-82.18220	SAX_LV_ENDOCARDIAL	4	1.0	19
11.35975	12.38194	-82.70209	SAX_LV_ENDOCARDIAL	4	1.0	19
13.53584	14.59148	-83.22198	SAX_LV_ENDOCARDIAL	4	1.0	19
16.82577	16.80102	-82.88344	SAX_LV_ENDOCARDIAL	4	1.0	19
19.58458	17.90579	-81.85576	SAX_LV_ENDOCARDIAL	4	1.0	19
22.34339	19.01056	-80.82807	SAX_LV_ENDOCARDIAL	4	1.0	19
25.10220	20.11533	-79.80038	SAX_LV_ENDOCARDIAL	4	1.0	19
27.32988	20.11533	-78.08353	SAX_LV_ENDOCARDIAL	4	1.0	19
30.08869	21.22010	-77.05584	SAX_LV_ENDOCARDIAL	4	1.0	19
32.31638	21.22011	-75.33900	SAX_LV_ENDOCARDIAL	4	1.0	19
34.54407	21.22011	-73.62215	SAX_LV_ENDOCARDIAL	4	1.0	19
36.77176	21.22011	-71.90531	SAX_LV_ENDOCARDIAL	4	1.0	19
38.99945	21.22011	-70.18846	SAX_LV_ENDOCARDIAL	4	1.0	19
41.22714	21.22011	-68.47161	SAX_LV_ENDOCARDIAL	4	1.0	19
42.92370	20.11535	-66.06561	SAX_LV_ENDOCARDIAL	4	1.0	19
44.62027	19.01058	-63.65961	SAX_LV_ENDOCARDIAL	4	1.0	19
46.31684	17.90582	-61.25361	SAX_LV_ENDOCARDIAL	4	1.0	19
48.01341	16.80105	-58.84761	SAX_LV_ENDOCARDIAL	4	1.0	19
49.17885	14.59152	-55.75245	SAX_LV_ENDOCARDIAL	4	1.0	19
49.23045	12.38198	-53.51571	SAX_LV_ENDOCARDIAL	4	1.0	19
49.28206	10.17245	-51.27897	SAX_LV_ENDOCARDIAL	4	1.0	19
49.33366	7.96291	-49.04224	SAX_LV_ENDOCARDIAL	4	1.0	19
48.27142	5.75337	-47.66392	SAX_LV_ENDOCARDIAL	4	1.0	19
47.20918	3.54384	-46.28561	SAX_LV_ENDOCARDIAL	4	1.0	19
46.14693	1.33430	-44.90730	SAX_LV_ENDOCARDIAL	4	1.0	19
43.97085	-0.87524	-44.38741	SAX_LV_ENDOCARDIAL	4	1.0	19
41.79476	-3.08478	-43.86752	SAX_LV_ENDOCARDIAL	4	1.0	19
40.73252	-5.29431	-42.48920	SAX_LV_ENDOCARDIAL	4	1.0	19
37.44259	-7.50385	-42.82773	SAX_LV_ENDOCARDIAL	4	1.0	19
35.26650	-9.71339	-42.30784	SAX_LV_ENDOCARDIAL	4	1.0	19
32.50769	-10.81816	-43.33553	SAX_LV_ENDOCARDIAL	4	1.0	19
29.21776	-13.02770	-43.67407	SAX_LV_ENDOCARDIAL	4	1.0	19
26.45895	-14.13247	-44.70175	SAX_LV_ENDOCARDIAL	4	1.0	19
24.23127	-14.13247	-46.41860	SAX_LV_ENDOCARDIAL	4	1.0	19
21.47246	-15.23724	-47.44629	SAX_LV_ENDOCARDIAL	4	1.0	19
19.24477	-15.23724	-49.16313	SAX_LV_ENDOCARDIAL	4	1.0	19
5.50232	-22.97063	-52.06484	RV_INSERT	4	1.0	19
-2.38269	4.64856	-85.60379	RV_INSERT	4	1.0	19
-22.28702	-30.60736	-94.33269	SAX_RV_FREEWALL	5	1.0	19
-23.98358	-29.50260	-96.73869	SAX_RV_FREEWALL	5	1.0	19
-24.56631	-28.39783	-98.28627	SAX_RV_FREEWALL	5	1.0	19
-23.50407	-26.18829	-99.66458	SAX_RV_FREEWALL	5	1.0	19
-21.32798	-23.97876	-100.18447	SAX_RV_FREEWALL	5	1.0	19
-18.03805	-21.76922	-99.84594	SAX_RV_FREEWALL	5	1.0	19
-15.86196	-19.55968	-100.36583	SAX_RV_FREEWALL	5	1.0	19
-12.57203	-17.35014	-100.02730	SAX_RV_FREEWALL	5	1.0	19
-9.28210	-15.14060	-99.68877	SAX_RV_FREEWALL	5	1.0	19
-5.99217	-12.93106	-99.35024	SAX_RV_FREEWALL	5	1.0	19
-3.23336	-11.82629	-98.32255	SAX_RV_FREEWALL	5	1.0	19
0.05657	-9.61675	-97.98402	SAX_RV_FREEWALL	5	1.0	19
3.34650	-7.40722	-97.64548	SAX_RV_FREEWALL	5	1.0	19
6.10531	-6.30244	-96.61779	SAX_RV_FREEWALL	5	1.0	19
8.86412	-5.19767	-95.59011	SAX_RV_FREEWALL	5	1.0	19
9.32854	-25.08349	-75.45948	SAX_RV_FREEWALL	5	1.0	19
7.10085	-25.08350	-77.17632	SAX_RV_FREEWALL	5	1.0	19
4.34204	-26.18827	-78.20401	SAX_RV_FREEWALL	5	1.0	19
2.11435	-26.18827	-79.92086	SAX_RV_FREEWALL	5	1.0	19
-0.11334	-26.18827	-81.63770	SAX_RV_FREEWALL	5	1.0	19
-2.87215	-27.29304	-82.66539	SAX_RV_FREEWALL	5	1.0	19
-5.63096	-28.39781	-83.69308	SAX_RV_FREEWALL	5	1.0	19
-7.85864	-28.39781	-85.40993	SAX_RV_FREEWALL	5	1.0	19
-10.61745	-29.50258	-86.43762	SAX_RV_FREEWALL	5	1.0	19
-13.37626	-30.60735	-87.46531	SAX_RV_FREEWALL	5	1.0	19
-15.60395	-30.60736	-89.18215	SAX_RV_FREEWALL	5	1.0	19
-17.83164	-30.60736	-90.89900	SAX_RV_FREEWALL	5	1.0	19
-20.05933	-30.60736	-92.61584	SAX_RV_FREEWALL	5	1.0	19
-22.76654	-33.92167	-91.40680	SAX_RV_EPICARDIAL	5	1.0	19
-24.46310	-32.81690	-93.81280	SAX_RV_EPICARDIAL	5	1.0	19
-26.69079	-32.81690	-95.52964	SAX_RV_EPICARDIAL	5	1.0	19
-27.85624	-30.60737	-98.62480	SAX_RV_EPICARDIAL	5	1.0	19
-26.79400	-28.39783	-100.00312	SAX_RV_EPICARDIAL	5	1.0	19
-25.73175	-26.18830	-101.38143	SAX_RV_EPICARDIAL	5	1.0	19
-23.55567	-23.97876	-101.90132	SAX_RV_EPICARDIAL	5	1.0	19
-21.37958	-21.76922	-102.42121	SAX_RV_EPICARDIAL	5	1.0	19
-18.08965	-19.55968	-102.08268	SAX_RV_EPICARDIAL	5	1.0	19
-15.91357	-17.35014	-102.60257	SAX_RV_EPICARDIAL	5	1.0	19
-12.62364	-15.14061	-102.26404	SAX_RV_EPICARDIAL	5	1.0	19
-9.33371	-12.93107	-101.92550	SAX_RV_EPICARDIAL	5	1.0	19
-6.04378	-10.72153	-101.58697	SAX_RV_EPICARDIAL	5	1.0	19
-2.75384	-8.51199	-101.24844	SAX_RV_EPICARDIAL	5	1.0	19
0.53609	-6.30245	-100.90991	SAX_RV_EPICARDIAL	5	1.0	19
3.29489	-5.19768	-99.88222	SAX_RV_EPICARDIAL	5	1.0	19
6.58483	-2.98814	-99.54369	SAX_RV_EPICARDIAL	5	1.0	19
9.34363	-1.88337	-98.51600	SAX_RV_EPICARDIAL	5	1.0	19
11.57132	-1.88337	-96.79915	SAX_RV_EPICARDIAL	5	1.0	19
13.79901	-1.88337	-95.08231	SAX_RV_EPICARDIAL	5	1.0	19
12.20565	-5.19767	-93.01484	SAX_RV_EPICARDIAL	5	1.0	19
14.36664	-26.18826	-70.47821	SAX_RV_EPICARDIAL	5	1.0	19
11.60783	-27.29303	-71.50590	SAX_RV_EPICARDIAL	5	1.0	19
9.38014	-27.29303	-73.22274	SAX_RV_EPICARDIAL	5	1.0	19
7.15245	-27.29303	-74.93959	SAX_RV_EPICARDIAL	5	1.0	19
4.39364	-28.39780	-75.96728	SAX_RV_EPICARDIAL	5	1.0	19
2.16595	-28.39780	-77.68412	SAX_RV_EPICARDIAL	5	1.0	19
-0.59286	-29.50257	-78.71181	SAX_RV_EPICARDIAL	5	1.0	19
-2.82054	-29.50258	-80.42866	SAX_RV_EPICARDIAL	5	1.0	19
-5.57935	-30.60735	-81.45635	SAX_RV_EPICARDIAL	5	1.0	19
-8.33816	-31.71212	-82.48404	SAX_RV_EPICARDIAL	5	1.0	19
-11.09697	-32.81689	-83.51172	SAX_RV_EPICARDIAL	5	1.0	19
-13.32466	-32.81689	-85.22857	SAX_RV_EPICARDIAL	5	1.0	19
-15.55235	-32.81689	-86.94542	SAX_RV_EPICARDIAL	5	1.0	19
-17.78004	-32.81689	-88.66226	SAX_RV_EPICARDIAL	5	1.0	19
-20.53885	-33.92167	-89.68995	SAX_RV_EPICARDIAL	5	1.0	19
11.09180	-5.19767	-93.87326	SAX_RV_SEPTUM	5	1.0	19
11.14341	-7.40721	-91.63652	SAX_RV_SEPTUM	5	1.0	19
10.08116	-9.61674	-90.25821	SAX_RV_SEPTUM	5	1.0	19
10.13277	-11.82628	-88.02147	SAX_RV_SEPTUM	5	1.0	19
9.07053	-14.03582	-86.64316	SAX_RV_SEPTUM	5	1.0	19
9.12213	-16.24535	-84.40642	SAX_RV_SEPTUM	5	1.0	19
10.28757	-18.45489	-81.31126	SAX_RV_SEPTUM	5	1.0	19
11.45302	-20.66442	-78.21611	SAX_RV_SEPTUM	5	1.0	19
12.61847	-22.87395	-75.12095	SAX_RV_SEPTUM	5	1.0	19
12.08735	-23.97872	-74.43179	SAX_RV_SEPTUM	5	1.0	19
21.04970	-26.18825	-65.32767	SAX_LV_EPICARDIAL	5	1.0	19
19.35313	-25.08348	-67.73367	SAX_LV_EPICARDIAL	5	1.0	19
17.12545	-25.08349	-69.45052	SAX_LV_EPICARDIAL	5	1.0	19
15.42888	-23.97872	-71.85652	SAX_LV_EPICARDIAL	5	1.0	19
15.49558	-2.98813	-92.67630	SAX_LV_EPICARDIAL	5	1.0	19
17.67167	-0.77859	-93.19620	SAX_LV_EPICARDIAL	5	1.0	19
19.84775	1.43094	-93.71609	SAX_LV_EPICARDIAL	5	1.0	19
23.13768	3.64048	-93.37755	SAX_LV_EPICARDIAL	5	1.0	19
25.89649	4.74525	-92.34986	SAX_LV_EPICARDIAL	5	1.0	19
29.18642	6.95479	-92.01133	SAX_LV_EPICARDIAL	5	1.0	19
31.94523	8.05956	-90.98364	SAX_LV_EPICARDIAL	5	1.0	19
34.17292	8.05956	-89.26680	SAX_LV_EPICARDIAL	5	1.0	19
36.93173	9.16433	-88.23911	SAX_LV_EPICARDIAL	5	1.0	19
39.15942	9.16434	-86.52226	SAX_LV_EPICARDIAL	5	1.0	19
41.38711	9.16434	-84.80542	SAX_LV_EPICARDIAL	5	1.0	19
43.61479	9.16434	-83.08857	SAX_LV_EPICARDIAL	5	1.0	19
45.84248	9.16434	-81.37173	SAX_LV_EPICARDIAL	5	1.0	19
47.53905	8.05958	-78.96572	SAX_LV_EPICARDIAL	5	1.0	19
49.76674	8.05958	-77.24888	SAX_LV_EPICARDIAL	5	1.0	19
51.46331	6.95481	-74.84288	SAX_LV_EPICARDIAL	5	1.0	19
53.15987	5.85005	-72.43687	SAX_LV_EPICARDIAL	5	1.0	19
54.32532	3.64051	-69.34171	SAX_LV_EPICARDIAL	5	1.0	19
55.49077	1.43098	-66.24656	SAX_LV_EPICARDIAL	5	1.0	19
55.54237	-0.77856	-64.00982	SAX_LV_EPICARDIAL	5	1.0	19
55.59397	-2.98809	-61.77308	SAX_LV_EPICARDIAL	5	1.0	19
54.53173	-5.19763	-60.39477	SAX_LV_EPICARDIAL	5	1.0	19
53.46949	-7.40717	-59.01646	SAX_LV_EPICARDIAL	5	1.0	19
52.40725	-9.61670	-57.63814	SAX_LV_EPICARDIAL	5	1.0	19
51.34500	-11.82624	-56.25983	SAX_LV_EPICARDIAL	5	1.0	19
49.16892	-14.03578	-55.73994	SAX_LV_EPICARDIAL	5	1.0	19
46.99283	-16.24531	-55.22005	SAX_LV_EPICARDIAL	5	1.0	19
44.81674	-18.45485	-54.70016	SAX_LV_EPICARDIAL	5	1.0	19
41.52681	-20.66439	-55.03869	SAX_LV_EPICARDIAL	5	1.0	19
38.23688	-22.87393	-55.37722	SAX_LV_EPICARDIAL	5	1.0	19
35.47808	-23.97870	-56.40491	SAX_LV_EPICARDIAL	5	1.0	19
32.71927	-25.08347	-57.43260	SAX_LV_EPICARDIAL	5	1.0	19
30.49158	-25.08347	-59.14945	SAX_LV_EPICARDIAL	5	1.0	19
28.26389	-25.08347	-60.86629	SAX_LV_EPICARDIAL	5	1.0	19
26.03620	-25.08348	-62.58314	SAX_LV_EPICARDIAL	5	1.0	19
23.27739	-26.18825	-63.61083	SAX_LV_EPICARDIAL	5	1.0	19
23.12258	-19.55964	-70.32103	SAX_LV_ENDOCARDIAL	5	1.0	19
21.42602	-18.45487	-72.72704	SAX_LV_ENDOCARDIAL	5	1.0	19
19.72945	-17.35011	-75.13304	SAX_LV_ENDOCARDIAL	5	1.0	19
18.56400	-15.14057	-78.22820	SAX_LV_ENDOCARDIAL	5	1.0	19
16.86743	-14.03581	-80.63420	SAX_LV_ENDOCARDIAL	5	1.0	19
16.81583	-11.82627	-82.87094	SAX_LV_ENDOCARDIAL	5	1.0	19
16.76423	-9.61674	-85.10767	SAX_LV_ENDOCARDIAL	5	1.0	19
17.82647	-7.40720	-86.48599	SAX_LV_ENDOCARDIAL	5	1.0	19
18.88871	-5.19766	-87.86430	SAX_LV_ENDOCARDIAL	5	1.0	19
21.06480	-2.98813	-88.38419	SAX_LV_ENDOCARDIAL	5	1.0	19
23.24089	-0.77859	-88.90408	SAX_LV_ENDOCARDIAL	5	1.0	19
25.99970	0.32618	-87.87639	SAX_LV_ENDOCARDIAL	5	1.0	19
29.28963	2.53572	-87.53786	SAX_LV_ENDOCARDIAL	5	1.0	19
32.04844	3.64049	-86.51017	SAX_LV_ENDOCARDIAL	5	1.0	19
34.27612	3.64049	-84.79333	SAX_LV_ENDOCARDIAL	5	1.0	19
37.03493	4.74526	-83.76564	SAX_LV_ENDOCARDIAL	5	1.0	19
39.26262	4.74527	-82.04879	SAX_LV_ENDOCARDIAL	5	1.0	19
41.49031	4.74527	-80.33195	SAX_LV_ENDOCARDIAL	5	1.0	19
43.18688	3.64050	-77.92594	SAX_LV_ENDOCARDIAL	5	1.0	19
45.41457	3.64050	-76.20910	SAX_LV_ENDOCARDIAL	5	1.0	19
47.11113	2.53574	-73.80309	SAX_LV_ENDOCARDIAL	5	1.0	19
48.27658	0.32620	-70.70794	SAX_LV_ENDOCARDIAL	5	1.0	19
49.44203	-1.88333	-67.61278	SAX_LV_ENDOCARDIAL	5	1.0	19
49.49363	-4.09287	-65.37604	SAX_LV_ENDOCARDIAL	5	1.0	19
48.43139	-6.30240	-63.99773	SAX_LV_ENDOCARDIAL	5	1.0	19
47.36914	-8.51194	-62.61941	SAX_LV_ENDOCARDIAL	5	1.0	19
45.19306	-10.72148	-62.09952	SAX_LV_ENDOCARDIAL	5	1.0	19
43.01697	-12.93101	-61.57963	SAX_LV_ENDOCARDIAL	5	1.0	19
40.84089	-15.14055	-61.05974	SAX_LV_ENDOCARDIAL	5	1.0	19
38.08208	-16.24532	-62.08743	SAX_LV_ENDOCARDIAL	5	1.0	19
34.79215	-18.45486	-62.42596	SAX_LV_ENDOCARDIAL	5	1.0	19
32.56446	-18.45486	-64.14281	SAX_LV_ENDOCARDIAL	5	1.0	19
29.80565	-19.55963	-65.17050	SAX_LV_ENDOCARDIAL	5	1.0	19
27.57796	-19.55964	-66.88734	SAX_LV_ENDOCARDIAL	5	1.0	19
25.35027	-19.55964	-68.60419	SAX_LV_ENDOCARDIAL	5	1.0	19
12.08735	-23.97872	-74.43179	RV_INSERT	5	1.0	19
11.09180	-5.19767	-93.87326	RV_INSERT	5	1.0	19
8.70037	-27.19736	-102.28781	SAX_RV_FREEWALL	6	1.0	19
7.00381	-26.09259	-104.69381	SAX_RV_FREEWALL	6	1.0	19
6.95220	-23.88306	-106.93054	SAX_RV_FREEWALL	6	1.0	19
8.01445	-21.67352	-108.30886	SAX_RV_FREEWALL	6	1.0	19
11.30438	-19.46398	-107.97033	SAX_RV_FREEWALL	6	1.0	19
14.06319	-18.35921	-106.94264	SAX_RV_FREEWALL	6	1.0	19
16.82200	-17.25444	-105.91495	SAX_RV_FREEWALL	6	1.0	19
19.04968	-17.25444	-104.19810	SAX_RV_FREEWALL	6	1.0	19
16.49728	-27.19735	-96.27885	SAX_RV_FREEWALL	6	1.0	19
14.26960	-27.19735	-97.99569	SAX_RV_FREEWALL	6	1.0	19
12.04191	-27.19736	-99.71254	SAX_RV_FREEWALL	6	1.0	19
9.81422	-27.19736	-101.42938	SAX_RV_FREEWALL	6	1.0	19
5.41044	-29.40690	-102.62634	SAX_RV_EPICARDIAL	6	1.0	19
4.24500	-27.19736	-105.72150	SAX_RV_EPICARDIAL	6	1.0	19
4.19339	-24.98783	-107.95823	SAX_RV_EPICARDIAL	6	1.0	19
5.25564	-22.77829	-109.33655	SAX_RV_EPICARDIAL	6	1.0	19
7.43172	-20.56876	-109.85644	SAX_RV_EPICARDIAL	6	1.0	19
9.60781	-18.35922	-110.37633	SAX_RV_EPICARDIAL	6	1.0	19
12.36662	-17.25445	-109.34864	SAX_RV_EPICARDIAL	6	1.0	19
15.12543	-16.14968	-108.32095	SAX_RV_EPICARDIAL	6	1.0	19
17.35312	-16.14967	-106.60411	SAX_RV_EPICARDIAL	6	1.0	19
19.58080	-16.14967	-104.88726	SAX_RV_EPICARDIAL	6	1.0	19
21.80849	-16.14967	-103.17041	SAX_RV_EPICARDIAL	6	1.0	19
21.27737	-17.25444	-102.48126	SAX_RV_EPICARDIAL	6	1.0	19
20.42154	-28.30212	-92.15600	SAX_RV_EPICARDIAL	6	1.0	19
17.66273	-29.40689	-93.18369	SAX_RV_EPICARDIAL	6	1.0	19
15.43504	-29.40689	-94.90053	SAX_RV_EPICARDIAL	6	1.0	19
13.20735	-29.40689	-96.61738	SAX_RV_EPICARDIAL	6	1.0	19
10.97966	-29.40689	-98.33422	SAX_RV_EPICARDIAL	6	1.0	19
8.75198	-29.40690	-100.05107	SAX_RV_EPICARDIAL	6	1.0	19
6.52429	-29.40690	-101.76792	SAX_RV_EPICARDIAL	6	1.0	19
20.21513	-19.46397	-101.10294	SAX_RV_SEPTUM	6	1.0	19
20.26673	-21.67351	-98.86621	SAX_RV_SEPTUM	6	1.0	19
20.31833	-23.88305	-96.62947	SAX_RV_SEPTUM	6	1.0	19
19.25609	-26.09258	-95.25116	SAX_RV_SEPTUM	6	1.0	19
28.27005	-30.51164	-83.91030	SAX_LV_EPICARDIAL	6	1.0	19
26.57348	-29.40688	-86.31631	SAX_LV_EPICARDIAL	6	1.0	19
24.87692	-28.30211	-88.72231	SAX_LV_EPICARDIAL	6	1.0	19
23.18035	-27.19735	-91.12831	SAX_LV_EPICARDIAL	6	1.0	19
22.59763	-26.09258	-92.67589	SAX_LV_EPICARDIAL	6	1.0	19
24.56730	-15.04490	-102.14272	SAX_LV_EPICARDIAL	6	1.0	19
26.74339	-12.83536	-102.66262	SAX_LV_EPICARDIAL	6	1.0	19
28.91947	-10.62582	-103.18251	SAX_LV_EPICARDIAL	6	1.0	19
31.67828	-9.52105	-102.15482	SAX_LV_EPICARDIAL	6	1.0	19
34.43709	-8.41628	-101.12713	SAX_LV_EPICARDIAL	6	1.0	19
37.19590	-7.31151	-100.09944	SAX_LV_EPICARDIAL	6	1.0	19
39.95471	-6.20674	-99.07175	SAX_LV_EPICARDIAL	6	1.0	19
42.18240	-6.20674	-97.35490	SAX_LV_EPICARDIAL	6	1.0	19
44.41009	-6.20674	-95.63806	SAX_LV_EPICARDIAL	6	1.0	19
46.10666	-7.31150	-93.23206	SAX_LV_EPICARDIAL	6	1.0	19
48.33434	-7.31150	-91.51521	SAX_LV_EPICARDIAL	6	1.0	19
50.03091	-8.41627	-89.10921	SAX_LV_EPICARDIAL	6	1.0	19
51.19636	-10.62580	-86.01405	SAX_LV_EPICARDIAL	6	1.0	19
51.24796	-12.83534	-83.77731	SAX_LV_EPICARDIAL	6	1.0	19
51.29956	-15.04487	-81.54058	SAX_LV_EPICARDIAL	6	1.0	19
50.23732	-17.25441	-80.16226	SAX_LV_EPICARDIAL	6	1.0	19
49.17508	-19.46395	-78.78395	SAX_LV_EPICARDIAL	6	1.0	19
48.11284	-21.67348	-77.40564	SAX_LV_EPICARDIAL	6	1.0	19
45.93675	-23.88302	-76.88575	SAX_LV_EPICARDIAL	6	1.0	19
43.76067	-26.09256	-76.36586	SAX_LV_EPICARDIAL	6	1.0	19
41.00186	-27.19733	-77.39354	SAX_LV_EPICARDIAL	6	1.0	19
37.71193	-29.40687	-77.73208	SAX_LV_EPICARDIAL	6	1.0	19
35.48424	-29.40687	-79.44892	SAX_LV_EPICARDIAL	6	1.0	19
32.72543	-30.51164	-80.47661	SAX_LV_EPICARDIAL	6	1.0	19
30.49774	-30.51164	-82.19346	SAX_LV_EPICARDIAL	6	1.0	19
28.69797	-24.98781	-89.07293	SAX_LV_ENDOCARDIAL	6	1.0	19
27.53252	-22.77827	-92.16809	SAX_LV_ENDOCARDIAL	6	1.0	19
27.48092	-20.56874	-94.40483	SAX_LV_ENDOCARDIAL	6	1.0	19
26.31547	-18.35920	-97.49999	SAX_LV_ENDOCARDIAL	6	1.0	19
27.37771	-16.14966	-98.87830	SAX_LV_ENDOCARDIAL	6	1.0	19
29.55380	-13.94013	-99.39819	SAX_LV_ENDOCARDIAL	6	1.0	19
32.84373	-11.73059	-99.05966	SAX_LV_ENDOCARDIAL	6	1.0	19
35.60254	-10.62582	-98.03197	SAX_LV_ENDOCARDIAL	6	1.0	19
38.36135	-9.52105	-97.00428	SAX_LV_ENDOCARDIAL	6	1.0	19
40.58904	-9.52104	-95.28743	SAX_LV_ENDOCARDIAL	6	1.0	19
42.28560	-10.62581	-92.88143	SAX_LV_ENDOCARDIAL	6	1.0	19
43.98217	-11.73058	-90.47543	SAX_LV_ENDOCARDIAL	6	1.0	19
44.56490	-12.83534	-88.92785	SAX_LV_ENDOCARDIAL	6	1.0	19
45.73034	-15.04488	-85.83269	SAX_LV_ENDOCARDIAL	6	1.0	19
44.66810	-17.25441	-84.45438	SAX_LV_ENDOCARDIAL	6	1.0	19
43.60586	-19.46395	-83.07606	SAX_LV_ENDOCARDIAL	6	1.0	19
42.54362	-21.67349	-81.69775	SAX_LV_ENDOCARDIAL	6	1.0	19
39.25369	-23.88303	-82.03628	SAX_LV_ENDOCARDIAL	6	1.0	19
36.49488	-24.98780	-83.06397	SAX_LV_ENDOCARDIAL	6	1.0	19
34.26719	-24.98780	-84.78082	SAX_LV_ENDOCARDIAL	6	1.0	19
32.03950	-24.98780	-86.49766	SAX_LV_ENDOCARDIAL	6	1.0	19
29.81181	-24.98780	-88.21451	SAX_LV_ENDOCARDIAL	6	1.0	19
19.25609	-26.09258	-95.25116	RV_INSERT	6	1.0	19
19.04968	-17.25444	-104.19810	RV_INSERT	6	1.0	19
8.39003	19.21714	-18.51165	LAX_LV_ENDOCARDIAL	9	1.0	19
10.19282	17.04881	-19.90304	LAX_LV_ENDOCARDIAL	9	1.0	19
11.99561	14.88047	-21.29443	LAX_LV_ENDOCARDIAL	9	1.0	19
13.74336	12.67699	-21.28108	LAX_LV_ENDOCARDIAL	9	1.0	19
15.54615	10.50865	-22.67247	LAX_LV_ENDOCARDIAL	9	1.0	19
17.34894	8.34032	-24.06386	LAX_LV_ENDOCARDIAL	9	1.0	19
19.09669	6.13683	-24.05051	LAX_LV_ENDOCARDIAL	9	1.0	19
20.84443	3.93334	-24.03716	LAX_LV_ENDOCARDIAL	9	1.0	19
22.59218	1.72986	-24.02382	LAX_LV_ENDOCARDIAL	9	1.0	19
24.39497	-0.43848	-25.41521	LAX_LV_ENDOCARDIAL	9	1.0	19
26.14272	-2.64197	-25.40186	LAX_LV_ENDOCARDIAL	9	1.0	19
28.00055	-4.77515	-28.19798	LAX_LV_ENDOCARDIAL	9	1.0	19
29.85839	-6.90833	-30.99410	LAX_LV_ENDOCARDIAL	9	1.0	19
30.84235	-7.93977	-33.79689	LAX_LV_ENDOCARDIAL	9	1.0	19
31.82631	-8.97121	-36.59968	LAX_LV_ENDOCARDIAL	9	1.0	19
32.81028	-10.00265	-39.40248	LAX_LV_ENDOCARDIAL	9	1.0	19
33.79424	-11.03409	-42.20527	LAX_LV_ENDOCARDIAL	9	1.0	19
34.77820	-12.06553	-45.00806	LAX_LV_ENDOCARDIAL	9	1.0	19
34.88829	-11.99523	-47.81753	LAX_LV_ENDOCARDIAL	9	1.0	19
35.87225	-13.02667	-50.62032	LAX_LV_ENDOCARDIAL	9	1.0	19
36.85621	-14.05811	-53.42311	LAX_LV_ENDOCARDIAL	9	1.0	19
37.84018	-15.08954	-56.22590	LAX_LV_ENDOCARDIAL	9	1.0	19
38.82414	-16.12098	-59.02870	LAX_LV_ENDOCARDIAL	9	1.0	19
38.93423	-16.05068	-61.83816	LAX_LV_ENDOCARDIAL	9	1.0	19
39.91819	-17.08212	-64.64095	LAX_LV_ENDOCARDIAL	9	1.0	19
40.90215	-18.11356	-67.44375	LAX_LV_ENDOCARDIAL	9	1.0	19
41.01224	-18.04326	-70.25321	LAX_LV_ENDOCARDIAL	9	1.0	19
41.99620	-19.07470	-73.05600	LAX_LV_ENDOCARDIAL	9	1.0	19
42.10629	-19.00439	-75.86547	LAX_LV_ENDOCARDIAL	9	1.0	19
43.09026	-20.03583	-78.66826	LAX_LV_ENDOCARDIAL	9	1.0	19
43.20035	-19.96553	-81.47773	LAX_LV_ENDOCARDIAL	9	1.0	19
43.31043	-19.89522	-84.28719	LAX_LV_ENDOCARDIAL	9	1.0	19
42.54665	-18.72318	-87.10333	LAX_LV_ENDOCARDIAL	9	1.0	19
42.65674	-18.65287	-89.91280	LAX_LV_ENDOCARDIAL	9	1.0	19
41.89295	-17.48083	-92.72893	LAX_LV_ENDOCARDIAL	9	1.0	19
42.00304	-17.41052	-95.53840	LAX_LV_ENDOCARDIAL	9	1.0	19
40.36539	-15.13673	-98.36121	LAX_LV_ENDOCARDIAL	9	1.0	19
38.67268	-12.89809	-99.77929	LAX_LV_ENDOCARDIAL	9	1.0	19
36.86989	-10.72976	-98.38790	LAX_LV_ENDOCARDIAL	9	1.0	19
35.12215	-8.52627	-98.40125	LAX_LV_ENDOCARDIAL	9	1.0	19
33.31936	-6.35794	-97.00986	LAX_LV_ENDOCARDIAL	9	1.0	19
31.51656	-4.18960	-95.61847	LAX_LV_ENDOCARDIAL	9	1.0	19
29.71377	-2.02127	-94.22709	LAX_LV_ENDOCARDIAL	9	1.0	19
27.91098	0.14707	-92.83570	LAX_LV_ENDOCARDIAL	9	1.0	19
26.10819	2.31540	-91.44431	LAX_LV_ENDOCARDIAL	9	1.0	19
24.30540	4.48374	-90.05293	LAX_LV_ENDOCARDIAL	9	1.0	19
22.50261	6.65207	-88.66154	LAX_LV_ENDOCARDIAL	9	1.0	19
20.69982	8.82041	-87.27015	LAX_LV_ENDOCARDIAL	9	1.0	19
18.95207	11.02390	-87.28350	LAX_LV_ENDOCARDIAL	9	1.0	19
17.14928	13.19223	-85.89211	LAX_LV_ENDOCARDIAL	9	1.0	19
15.34649	15.36057	-84.50073	LAX_LV_ENDOCARDIAL	9	1.0	19
13.59874	17.56405	-84.51407	LAX_LV_ENDOCARDIAL	9	1.0	19
11.74091	19.69724	-81.71795	LAX_LV_ENDOCARDIAL	9	1.0	19
9.93812	21.86557	-80.32656	LAX_LV_ENDOCARDIAL	9	1.0	19
8.13532	24.03391	-78.93518	LAX_LV_ENDOCARDIAL	9	1.0	19
6.33253	26.20224	-77.54379	LAX_LV_ENDOCARDIAL	9	1.0	19
4.47470	28.33542	-74.74767	LAX_LV_ENDOCARDIAL	9	1.0	19
2.67191	30.50376	-73.35628	LAX_LV_ENDOCARDIAL	9	1.0	19
1.68794	31.53520	-70.55349	LAX_LV_ENDOCARDIAL	9	1.0	19
0.70398	32.56664	-67.75070	LAX_LV_ENDOCARDIAL	9	1.0	19
-1.15385	34.69982	-64.95458	LAX_LV_ENDOCARDIAL	9	1.0	19
-2.13782	35.73126	-62.15179	LAX_LV_ENDOCARDIAL	9	1.0	19
-3.12178	36.76270	-59.34900	LAX_LV_ENDOCARDIAL	9	1.0	19
-4.97961	38.89588	-56.55288	LAX_LV_ENDOCARDIAL	9	1.0	19
16.03471	9.16085	-12.83267	LAX_LV_EPICARDIAL	9	1.0	19
17.83750	6.99251	-14.22406	LAX_LV_EPICARDIAL	9	1.0	19
19.58525	4.78902	-14.21071	LAX_LV_EPICARDIAL	9	1.0	19
21.38804	2.62069	-15.60210	LAX_LV_EPICARDIAL	9	1.0	19
23.19083	0.45235	-16.99348	LAX_LV_EPICARDIAL	9	1.0	19
24.99362	-1.71598	-18.38487	LAX_LV_EPICARDIAL	9	1.0	19
26.79641	-3.88432	-19.77626	LAX_LV_EPICARDIAL	9	1.0	19
28.59920	-6.05265	-21.16764	LAX_LV_EPICARDIAL	9	1.0	19
30.40199	-8.22099	-22.55903	LAX_LV_EPICARDIAL	9	1.0	19
31.38596	-9.25243	-25.36182	LAX_LV_EPICARDIAL	9	1.0	19
33.24379	-11.38561	-28.15794	LAX_LV_EPICARDIAL	9	1.0	19
34.22775	-12.41705	-30.96073	LAX_LV_EPICARDIAL	9	1.0	19
36.08559	-14.55023	-33.75685	LAX_LV_EPICARDIAL	9	1.0	19
37.06955	-15.58167	-36.55965	LAX_LV_EPICARDIAL	9	1.0	19
38.05352	-16.61311	-39.36244	LAX_LV_EPICARDIAL	9	1.0	19
39.03748	-17.64455	-42.16523	LAX_LV_EPICARDIAL	9	1.0	19
39.14757	-17.57425	-44.97470	LAX_LV_EPICARDIAL	9	1.0	19
40.13153	-18.60569	-47.77749	LAX_LV_EPICARDIAL	9	1.0	19
41.11549	-19.63713	-50.58028	LAX_LV_EPICARDIAL	9	1.0	19
42.09945	-20.66857	-53.38307	LAX_LV_EPICARDIAL	9	1.0	19
42.20954	-20.59826	-56.19254	LAX_LV_EPICARDIAL	9	1.0	19
43.19351	-21.62970	-58.99533	LAX_LV_EPICARDIAL	9	1.0	19
44.17747	-22.66114	-61.79812	LAX_LV_EPICARDIAL	9	1.0	19
44.28756	-22.59084	-64.60759	LAX_LV_EPICARDIAL	9	1.0	19
45.27152	-23.62228	-67.41038	LAX_LV_EPICARDIAL	9	1.0	19
45.38161	-23.55197	-70.21985	LAX_LV_EPICARDIAL	9	1.0	19
46.36557	-24.58341	-73.02264	LAX_LV_EPICARDIAL	9	1.0	19
46.47566	-24.51311	-75.83211	LAX_LV_EPICARDIAL	9	1.0	19
46.58575	-24.44281	-78.64157	LAX_LV_EPICARDIAL	9	1.0	19
46.69584	-24.37250	-81.45104	LAX_LV_EPICARDIAL	9	1.0	19
46.80593	-24.30220	-84.26050	LAX_LV_EPICARDIAL	9	1.0	19
46.04214	-23.13015	-87.07664	LAX_LV_EPICARDIAL	9	1.0	19
46.15223	-23.05985	-89.88610	LAX_LV_EPICARDIAL	9	1.0	19
45.38845	-21.88780	-92.70224	LAX_LV_EPICARDIAL	9	1.0	19
44.62466	-20.71575	-95.51838	LAX_LV_EPICARDIAL	9	1.0	19
43.86088	-19.54371	-98.33452	LAX_LV_EPICARDIAL	9	1.0	19
43.09710	-18.37166	-101.15066	LAX_LV_EPICARDIAL	9	1.0	19
42.33331	-17.19961	-103.96680	LAX_LV_EPICARDIAL	9	1.0	19
40.58556	-14.99612	-103.98014	LAX_LV_EPICARDIAL	9	1.0	19
38.89286	-12.75749	-105.39822	LAX_LV_EPICARDIAL	9	1.0	19
37.09007	-10.58915	-104.00683	LAX_LV_EPICARDIAL	9	1.0	19
35.34233	-8.38566	-104.02018	LAX_LV_EPICARDIAL	9	1.0	19
33.53953	-6.21733	-102.62879	LAX_LV_EPICARDIAL	9	1.0	19
31.73674	-4.04899	-101.23741	LAX_LV_EPICARDIAL	9	1.0	19
29.93395	-1.88066	-99.84602	LAX_LV_EPICARDIAL	9	1.0	19
28.13116	0.28768	-98.45463	LAX_LV_EPICARDIAL	9	1.0	19
26.38341	2.49116	-98.46798	LAX_LV_EPICARDIAL	9	1.0	19
24.58062	4.65950	-97.07659	LAX_LV_EPICARDIAL	9	1.0	19
22.83288	6.86299	-97.08994	LAX_LV_EPICARDIAL	9	1.0	19
21.03009	9.03132	-95.69855	LAX_LV_EPICARDIAL	9	1.0	19
19.22729	11.19966	-94.30716	LAX_LV_EPICARDIAL	9	1.0	19
17.47955	13.40314	-94.32051	LAX_LV_EPICARDIAL	9	1.0	19
15.67676	15.57148	-92.92912	LAX_LV_EPICARDIAL	9	1.0	19
13.87397	17.73981	-91.53773	LAX_LV_EPICARDIAL	9	1.0	19
12.07117	19.90815	-90.14635	LAX_LV_EPICARDIAL	9	1.0	19
10.26838	22.07648	-88.75496	LAX_LV_EPICARDIAL	9	1.0	19
8.46559	24.24482	-87.36357	LAX_LV_EPICARDIAL	9	1.0	19
6.71785	26.44830	-87.37692	LAX_LV_EPICARDIAL	9	1.0	19
4.91505	28.61664	-85.98553	LAX_LV_EPICARDIAL	9	1.0	19
3.05722	30.74982	-83.18941	LAX_LV_EPICARDIAL	9	1.0	19
1.25443	32.91816	-81.79803	LAX_LV_EPICARDIAL	9	1.0	19
-0.54836	35.08649	-80.40664	LAX_LV_EPICARDIAL	9	1.0	19
-2.40620	37.21968	-77.61052	LAX_LV_EPICARDIAL	9	1.0	19
-4.26403	39.35286	-74.81440	LAX_LV_EPICARDIAL	9	1.0	19
-6.12187	41.48604	-72.01828	LAX_LV_EPICARDIAL	9	1.0	19
-7.10583	42.51748	-69.21549	LAX_LV_EPICARDIAL	9	1.0	19
-7.21592	42.44718	-66.40602	LAX_LV_EPICARDIAL	9	1.0	19
-7.32601	42.37687	-63.59656	LAX_LV_EPICARDIAL	9	1.0	19
-8.30997	43.40831	-60.79377	LAX_LV_EPICARDIAL	9	1.0	19
-7.54619	42.23627	-57.97763	LAX_LV_EPICARDIAL	9	1.0	19
-5.85349	39.99763	-56.55955	LAX_LV_EPICARDIAL	9	1.0	19
7.40607	20.24858	-15.70886	LAX_LV_EPICARDIAL	9	1.0	19
9.09877	18.00994	-14.29078	LAX_LV_EPICARDIAL	9	1.0	19
10.79147	15.77131	-12.87271	LAX_LV_EPICARDIAL	9	1.0	19
12.53922	13.56782	-12.85936	LAX_LV_EPICARDIAL	9	1.0	19
14.28696	11.36433	-12.84601	LAX_LV_EPICARDIAL	9	1.0	19
6.64228	21.42063	-18.52500	MITRAL_VALVE	9	1.0	19
-3.34196	36.62209	-53.73006	MITRAL_VALVE	9	1.0	19
-30.41680	-11.88040	-3.36686	LAX_RV_FREEWALL	8	1.0	1.0
-28.89183	-13.23885	-5.75784	LAX_RV_FREEWALL	8	1.0	1.0
-27.36686	-14.59730	-8.14882	LAX_RV_FREEWALL	8	1.0	1.0
-25.84189	-15.95575	-10.53979	LAX_RV_FREEWALL	8	1.0	1.0
-24.31692	-17.31420	-12.93077	LAX_RV_FREEWALL	8	1.0	1.0
-22.79195	-18.67265	-15.32175	LAX_RV_FREEWALL	8	1.0	1.0
-21.26699	-20.03110	-17.71273	LAX_RV_FREEWALL	8	1.0	1.0
-19.74202	-21.38955	-20.10371	LAX_RV_FREEWALL	8	1.0	1.0
-18.21705	-22.74800	-22.49469	LAX_RV_FREEWALL	8	1.0	1.0
-16.69208	-24.10645	-24.88567	LAX_RV_FREEWALL	8	1.0	1.0
-14.88820	-24.10646	-27.04349	LAX_RV_FREEWALL	8	1.0	1.0
-13.08432	-24.10646	-29.20131	LAX_RV_FREEWALL	8	1.0	1.0
-11.28044	-24.10646	-31.35912	LAX_RV_FREEWALL	8	1.0	1.0
-9.47655	-24.10646	-33.51694	LAX_RV_FREEWALL	8	1.0	1.0
-7.67267	-24.10646	-35.67476	LAX_RV_FREEWALL	8	1.0	1.0
-5.58988	-22.74802	-37.59941	LAX_RV_FREEWALL	8	1.0	1.0
-3.78600	-22.74802	-39.75723	LAX_RV_FREEWALL	8	1.0	1.0
-2.26103	-24.10647	-42.14821	LAX_RV_FREEWALL	8	1.0	1.0
-0.45715	-24.10647	-44.30603	LAX_RV_FREEWALL	8	1.0	1.0
1.06782	-25.46492	-46.69701	LAX_RV_FREEWALL	8	1.0	1.0
2.87170	-25.46492	-48.85483	LAX_RV_FREEWALL	8	1.0	1.0
4.95450	-24.10648	-50.77948	LAX_RV_FREEWALL	8	1.0	1.0
-13.34513	-7.80507	-22.08773	LAX_RV_FREEWALL	8	1.0	1.0
-15.42792	-9.16352	-20.16307	LAX_RV_FREEWALL	8	1.0	1.0
-17.23180	-9.16351	-18.00526	LAX_RV_FREEWALL	8	1.0	1.0
-18.75677	-7.80506	-15.61428	LAX_RV_FREEWALL	8	1.0	1.0
-20.56065	-7.80506	-13.45646	LAX_RV_FREEWALL	8	1.0	1.0
-22.36453	-7.80506	-11.29864	LAX_RV_FREEWALL	8	1.0	1.0
-23.88950	-6.44661	-8.90766	LAX_RV_FREEWALL	8	1.0	1.0
-25.97229	-7.80506	-6.98301	LAX_RV_FREEWALL	8	1.0	1.0
-27.77618	-7.80506	-4.82519	LAX_RV_FREEWALL	8	1.0	1.0
-29.85897	-9.16350	-2.90053	LAX_RV_FREEWALL	8	1.0	1.0
-32.49959	-13.23885	-1.44220	LAX_RV_EPICARDIAL	8	1.0	1.0
-31.25353	-15.95575	-4.06634	LAX_RV_EPICARDIAL	8	1.0	1.0
-29.72857	-17.31420	-6.45732	LAX_RV_EPICARDIAL	8	1.0	1.0
-28.20360	-18.67265	-8.84830	LAX_RV_EPICARDIAL	8	1.0	1.0
-26.67863	-20.03110	-11.23928	LAX_RV_EPICARDIAL	8	1.0	1.0
-25.15366	-21.38955	-13.63026	LAX_RV_EPICARDIAL	8	1.0	1.0
-23.62869	-22.74800	-16.02124	LAX_RV_EPICARDIAL	8	1.0	1.0
-22.10372	-24.10645	-18.41222	LAX_RV_EPICARDIAL	8	1.0	1.0
-20.57876	-25.46490	-20.80320	LAX_RV_EPICARDIAL	8	1.0	1.0
-19.05379	-26.82335	-23.19418	LAX_RV_EPICARDIAL	8	1.0	1.0
-17.24991	-26.82335	-25.35199	LAX_RV_EPICARDIAL	8	1.0	1.0
-15.44602	-26.82335	-27.50981	LAX_RV_EPICARDIAL	8	1.0	1.0
-13.64214	-26.82336	-29.66763	LAX_RV_EPICARDIAL	8	1.0	1.0
-11.83826	-26.82336	-31.82545	LAX_RV_EPICARDIAL	8	1.0	1.0
-10.03438	-26.82336	-33.98326	LAX_RV_EPICARDIAL	8	1.0	1.0
-8.23050	-26.82336	-36.14108	LAX_RV_EPICARDIAL	8	1.0	1.0
-6.42662	-26.82336	-38.29890	LAX_RV_EPICARDIAL	8	1.0	1.0
-4.62274	-26.82336	-40.45672	LAX_RV_EPICARDIAL	8	1.0	1.0
-2.81886	-26.82337	-42.61453	LAX_RV_EPICARDIAL	8	1.0	1.0
-1.01497	-26.82337	-44.77235	LAX_RV_EPICARDIAL	8	1.0	1.0
0.78891	-26.82337	-46.93017	LAX_RV_EPICARDIAL	8	1.0	1.0
2.59279	-26.82337	-49.08799	LAX_RV_EPICARDIAL	8	1.0	1.0
4.39667	-26.82337	-51.24580	LAX_RV_EPICARDIAL	8	1.0	1.0
6.47946	-25.46493	-53.17046	LAX_RV_EPICARDIAL	8	1.0	1.0
8.28334	-25.46493	-55.32828	LAX_RV_EPICARDIAL	8	1.0	1.0
-13.41033	-3.72972	-20.30933	LAX_RV_EPICARDIAL	8	1.0	1.0
-15.49312	-5.08817	-18.38468	LAX_RV_EPICARDIAL	8	1.0	1.0
-17.29700	-5.08817	-16.22686	LAX_RV_EPICARDIAL	8	1.0	1.0
-19.10088	-5.08817	-14.06904	LAX_RV_EPICARDIAL	8	1.0	1.0
-20.62585	-3.72972	-11.67806	LAX_RV_EPICARDIAL	8	1.0	1.0
-22.70865	-5.08816	-9.75341	LAX_RV_EPICARDIAL	8	1.0	1.0
-24.51253	-5.08816	-7.59559	LAX_RV_EPICARDIAL	8	1.0	1.0
-26.31641	-5.08816	-5.43777	LAX_RV_EPICARDIAL	8	1.0	1.0
-28.39920	-6.44661	-3.51312	LAX_RV_EPICARDIAL	8	1.0	1.0
-30.48200	-7.80505	-1.58846	LAX_RV_EPICARDIAL	8	1.0	1.0
-31.94176	-10.52195	-0.97588	LAX_RV_EPICARDIAL	8	1.0	1.0
7.03729	-22.74803	-52.70414	LAX_RV_SEPTUM	8	1.0	1.0
7.31620	-21.38958	-52.47097	LAX_RV_SEPTUM	8	1.0	1.0
5.79123	-20.03113	-50.08000	LAX_RV_SEPTUM	8	1.0	1.0
4.26627	-18.67268	-47.68902	LAX_RV_SEPTUM	8	1.0	1.0
2.46238	-18.67268	-45.53120	LAX_RV_SEPTUM	8	1.0	1.0
0.93742	-17.31423	-43.14022	LAX_RV_SEPTUM	8	1.0	1.0
-0.58755	-15.95578	-40.74924	LAX_RV_SEPTUM	8	1.0	1.0
-2.11252	-14.59733	-38.35826	LAX_RV_SEPTUM	8	1.0	1.0
-3.63749	-13.23887	-35.96728	LAX_RV_SEPTUM	8	1.0	1.0
-5.16246	-11.88042	-33.57630	LAX_RV_SEPTUM	8	1.0	1.0
-6.68743	-10.52197	-31.18532	LAX_RV_SEPTUM	8	1.0	1.0
-8.21240	-9.16352	-28.79434	LAX_RV_SEPTUM	8	1.0	1.0
-10.01628	-9.16352	-26.63653	LAX_RV_SEPTUM	8	1.0	1.0
-11.54124	-7.80507	-24.24555	LAX_RV_SEPTUM	8	1.0	1.0
-10.98342	-5.08817	-23.77922	LAX_LV_EPICARDIAL	8	1.0	1.0
9.74311	-22.74803	-55.94086	LAX_LV_EPICARDIAL	8	1.0	1.0
11.26808	-24.10648	-58.33184	LAX_LV_EPICARDIAL	8	1.0	1.0
13.07196	-24.10648	-60.48966	LAX_LV_EPICARDIAL	8	1.0	1.0
14.87584	-24.10648	-62.64748	LAX_LV_EPICARDIAL	8	1.0	1.0
16.40081	-25.46494	-65.03846	LAX_LV_EPICARDIAL	8	1.0	1.0
18.20469	-25.46494	-67.19627	LAX_LV_EPICARDIAL	8	1.0	1.0
19.72966	-26.82339	-69.58725	LAX_LV_EPICARDIAL	8	1.0	1.0
21.53354	-26.82339	-71.74507	LAX_LV_EPICARDIAL	8	1.0	1.0
23.33742	-26.82339	-73.90289	LAX_LV_EPICARDIAL	8	1.0	1.0
25.14130	-26.82339	-76.06071	LAX_LV_EPICARDIAL	8	1.0	1.0
26.66627	-28.18184	-78.45169	LAX_LV_EPICARDIAL	8	1.0	1.0
28.47015	-28.18184	-80.60950	LAX_LV_EPICARDIAL	8	1.0	1.0
30.27403	-28.18185	-82.76732	LAX_LV_EPICARDIAL	8	1.0	1.0
32.07792	-28.18185	-84.92514	LAX_LV_EPICARDIAL	8	1.0	1.0
33.88180	-28.18185	-87.08296	LAX_LV_EPICARDIAL	8	1.0	1.0
35.96459	-26.82340	-89.00761	LAX_LV_EPICARDIAL	8	1.0	1.0
37.76847	-26.82340	-91.16543	LAX_LV_EPICARDIAL	8	1.0	1.0
39.85127	-25.46496	-93.09008	LAX_LV_EPICARDIAL	8	1.0	1.0
42.21297	-22.74806	-94.78158	LAX_LV_EPICARDIAL	8	1.0	1.0
43.67274	-20.03117	-95.39416	LAX_LV_EPICARDIAL	8	1.0	1.0
45.13251	-17.31427	-96.00675	LAX_LV_EPICARDIAL	8	1.0	1.0
46.59227	-14.59737	-96.61933	LAX_LV_EPICARDIAL	8	1.0	1.0
47.15010	-11.88047	-96.15301	LAX_LV_EPICARDIAL	8	1.0	1.0
47.70792	-9.16358	-95.68669	LAX_LV_EPICARDIAL	8	1.0	1.0
47.36381	-6.44668	-94.14145	LAX_LV_EPICARDIAL	8	1.0	1.0
47.01969	-3.72978	-92.59622	LAX_LV_EPICARDIAL	8	1.0	1.0
46.67558	-1.01288	-91.05099	LAX_LV_EPICARDIAL	8	1.0	1.0
45.42952	1.70402	-88.42685	LAX_LV_EPICARDIAL	8	1.0	1.0
45.08541	4.42092	-86.88161	LAX_LV_EPICARDIAL	8	1.0	1.0
44.74129	7.13781	-85.33638	LAX_LV_EPICARDIAL	8	1.0	1.0
44.39718	9.85471	-83.79115	LAX_LV_EPICARDIAL	8	1.0	1.0
44.05306	12.57161	-82.24592	LAX_LV_EPICARDIAL	8	1.0	1.0
43.70895	15.28851	-80.70068	LAX_LV_EPICARDIAL	8	1.0	1.0
43.36483	18.00541	-79.15545	LAX_LV_EPICARDIAL	8	1.0	1.0
42.11878	20.72231	-76.53131	LAX_LV_EPICARDIAL	8	1.0	1.0
41.77466	23.43921	-74.98608	LAX_LV_EPICARDIAL	8	1.0	1.0
41.43055	26.15610	-73.44084	LAX_LV_EPICARDIAL	8	1.0	1.0
41.08643	28.87300	-71.89561	LAX_LV_EPICARDIAL	8	1.0	1.0
40.74232	31.58990	-70.35038	LAX_LV_EPICARDIAL	8	1.0	1.0
40.39820	34.30680	-68.80515	LAX_LV_EPICARDIAL	8	1.0	1.0
39.15215	37.02370	-66.18101	LAX_LV_EPICARDIAL	8	1.0	1.0
37.90609	39.74060	-63.55686	LAX_LV_EPICARDIAL	8	1.0	1.0
36.66004	42.45750	-60.93272	LAX_LV_EPICARDIAL	8	1.0	1.0
35.41398	45.17440	-58.30858	LAX_LV_EPICARDIAL	8	1.0	1.0
33.88901	46.53285	-55.91760	LAX_LV_EPICARDIAL	8	1.0	1.0
32.36404	47.89130	-53.52662	LAX_LV_EPICARDIAL	8	1.0	1.0
30.83907	49.24975	-51.13564	LAX_LV_EPICARDIAL	8	1.0	1.0
29.31411	50.60820	-48.74467	LAX_LV_EPICARDIAL	8	1.0	1.0
27.51022	50.60820	-46.58685	LAX_LV_EPICARDIAL	8	1.0	1.0
25.98526	51.96665	-44.19587	LAX_LV_EPICARDIAL	8	1.0	1.0
24.18138	51.96665	-42.03805	LAX_LV_EPICARDIAL	8	1.0	1.0
22.37749	51.96665	-39.88023	LAX_LV_EPICARDIAL	8	1.0	1.0
20.57361	51.96665	-37.72242	LAX_LV_EPICARDIAL	8	1.0	1.0
18.49082	50.60821	-35.79776	LAX_LV_EPICARDIAL	8	1.0	1.0
16.12911	47.89131	-34.10627	LAX_LV_EPICARDIAL	8	1.0	1.0
-4.50322	22.08080	-20.19489	LAX_LV_EPICARDIAL	8	1.0	1.0
-6.30710	22.08080	-18.03708	LAX_LV_EPICARDIAL	8	1.0	1.0
-8.06389	0.34562	-25.00439	LAX_LV_ENDOCARDIAL	8	1.0	1.0
-5.98109	1.70407	-26.92905	LAX_LV_ENDOCARDIAL	8	1.0	1.0
-4.17721	1.70407	-29.08686	LAX_LV_ENDOCARDIAL	8	1.0	1.0
-2.09442	3.06251	-31.01152	LAX_LV_ENDOCARDIAL	8	1.0	1.0
-0.56945	1.70406	-33.40250	LAX_LV_ENDOCARDIAL	8	1.0	1.0
0.95552	0.34561	-35.79348	LAX_LV_ENDOCARDIAL	8	1.0	1.0
2.48049	-1.01284	-38.18446	LAX_LV_ENDOCARDIAL	8	1.0	1.0
4.00546	-2.37129	-40.57544	LAX_LV_ENDOCARDIAL	8	1.0	1.0
5.25151	-5.08819	-43.19958	LAX_LV_ENDOCARDIAL	8	1.0	1.0
6.77648	-6.44664	-45.59056	LAX_LV_ENDOCARDIAL	8	1.0	1.0
8.30145	-7.80509	-47.98154	LAX_LV_ENDOCARDIAL	8	1.0	1.0
9.54750	-10.52199	-50.60568	LAX_LV_ENDOCARDIAL	8	1.0	1.0
11.07247	-11.88044	-52.99666	LAX_LV_ENDOCARDIAL	8	1.0	1.0
12.59744	-13.23889	-55.38764	LAX_LV_ENDOCARDIAL	8	1.0	1.0
14.12241	-14.59734	-57.77862	LAX_LV_ENDOCARDIAL	8	1.0	1.0
15.92629	-14.59734	-59.93644	LAX_LV_ENDOCARDIAL	8	1.0	1.0
17.45126	-15.95579	-62.32741	LAX_LV_ENDOCARDIAL	8	1.0	1.0
19.25514	-15.95579	-64.48523	LAX_LV_ENDOCARDIAL	8	1.0	1.0
20.78011	-17.31425	-66.87621	LAX_LV_ENDOCARDIAL	8	1.0	1.0
22.30508	-18.67270	-69.26719	LAX_LV_ENDOCARDIAL	8	1.0	1.0
24.10896	-18.67270	-71.42501	LAX_LV_ENDOCARDIAL	8	1.0	1.0
25.63393	-20.03115	-73.81599	LAX_LV_ENDOCARDIAL	8	1.0	1.0
27.15890	-21.38960	-76.20697	LAX_LV_ENDOCARDIAL	8	1.0	1.0
28.96278	-21.38960	-78.36478	LAX_LV_ENDOCARDIAL	8	1.0	1.0
30.76666	-21.38960	-80.52260	LAX_LV_ENDOCARDIAL	8	1.0	1.0
32.29163	-22.74805	-82.91358	LAX_LV_ENDOCARDIAL	8	1.0	1.0
34.09551	-22.74805	-85.07140	LAX_LV_ENDOCARDIAL	8	1.0	1.0
35.89939	-22.74806	-87.22922	LAX_LV_ENDOCARDIAL	8	1.0	1.0
37.70327	-22.74806	-89.38703	LAX_LV_ENDOCARDIAL	8	1.0	1.0
39.78606	-21.38961	-91.31169	LAX_LV_ENDOCARDIAL	8	1.0	1.0
40.96692	-20.03116	-92.15744	LAX_LV_ENDOCARDIAL	8	1.0	1.0
43.32862	-17.31427	-93.84893	LAX_LV_ENDOCARDIAL	8	1.0	1.0
43.88645	-14.59737	-93.38261	LAX_LV_ENDOCARDIAL	8	1.0	1.0
43.54234	-11.88047	-91.83737	LAX_LV_ENDOCARDIAL	8	1.0	1.0
43.19822	-9.16357	-90.29214	LAX_LV_ENDOCARDIAL	8	1.0	1.0
42.85411	-6.44667	-88.74691	LAX_LV_ENDOCARDIAL	8	1.0	1.0
42.50999	-3.72978	-87.20168	LAX_LV_ENDOCARDIAL	8	1.0	1.0
41.26393	-1.01288	-84.57754	LAX_LV_ENDOCARDIAL	8	1.0	1.0
40.91982	1.70402	-83.03230	LAX_LV_ENDOCARDIAL	8	1.0	1.0
40.57570	4.42092	-81.48707	LAX_LV_ENDOCARDIAL	8	1.0	1.0
39.32965	7.13782	-78.86293	LAX_LV_ENDOCARDIAL	8	1.0	1.0
38.98553	9.85472	-77.31770	LAX_LV_ENDOCARDIAL	8	1.0	1.0
38.64142	12.57162	-75.77246	LAX_LV_ENDOCARDIAL	8	1.0	1.0
38.29730	15.28851	-74.22723	LAX_LV_ENDOCARDIAL	8	1.0	1.0
37.95319	18.00541	-72.68200	LAX_LV_ENDOCARDIAL	8	1.0	1.0
37.60907	20.72231	-71.13677	LAX_LV_ENDOCARDIAL	8	1.0	1.0
36.36302	23.43921	-68.51262	LAX_LV_ENDOCARDIAL	8	1.0	1.0
36.01890	26.15611	-66.96739	LAX_LV_ENDOCARDIAL	8	1.0	1.0
34.77285	28.87301	-64.34325	LAX_LV_ENDOCARDIAL	8	1.0	1.0
33.52679	31.58991	-61.71911	LAX_LV_ENDOCARDIAL	8	1.0	1.0
32.28074	34.30681	-59.09497	LAX_LV_ENDOCARDIAL	8	1.0	1.0
30.75577	35.66526	-56.70399	LAX_LV_ENDOCARDIAL	8	1.0	1.0
29.23080	37.02371	-54.31301	LAX_LV_ENDOCARDIAL	8	1.0	1.0
27.70583	38.38216	-51.92203	LAX_LV_ENDOCARDIAL	8	1.0	1.0
26.45978	41.09906	-49.29789	LAX_LV_ENDOCARDIAL	8	1.0	1.0
24.93481	42.45751	-46.90691	LAX_LV_ENDOCARDIAL	8	1.0	1.0
23.40984	43.81596	-44.51593	LAX_LV_ENDOCARDIAL	8	1.0	1.0
21.88487	45.17441	-42.12495	LAX_LV_ENDOCARDIAL	8	1.0	1.0
19.80208	43.81596	-40.20030	LAX_LV_ENDOCARDIAL	8	1.0	1.0
17.99820	43.81596	-38.04248	LAX_LV_ENDOCARDIAL	8	1.0	1.0
-4.50322	22.08080	-20.19489	LAX_LV_ENDOCARDIAL	8	1.0	1.0
-6.30710	22.08080	-18.03708	LAX_LV_ENDOCARDIAL	8	1.0	1.0
-32.49959	-13.23885	-1.44220	LAX_RV_EPICARDIAL	8	1.0	1.0
-31.25353	-15.95575	-4.06634	LAX_RV_EPICARDIAL	8	1.0	1.0
-29.72857	-17.31420	-6.45732	LAX_RV_EPICARDIAL	8	1.0	1.0
-28.20360	-18.67265	-8.84830	LAX_RV_EPICARDIAL	8	1.0	1.0
-26.67863	-20.03110	-11.23928	LAX_RV_EPICARDIAL	8	1.0	1.0
-25.15366	-21.38955	-13.63026	LAX_RV_EPICARDIAL	8	1.0	1.0
-23.62869	-22.74800	-16.02124	LAX_RV_EPICARDIAL	8	1.0	1.0
-22.10372	-24.10645	-18.41222	LAX_RV_EPICARDIAL	8	1.0	1.0
-20.57876	-25.46490	-20.80320	LAX_RV_EPICARDIAL	8	1.0	1.0
-19.05379	-26.82335	-23.19418	LAX_RV_EPICARDIAL	8	1.0	1.0
-17.24991	-26.82335	-25.35199	LAX_RV_EPICARDIAL	8	1.0	1.0
-15.44602	-26.82335	-27.50981	LAX_RV_EPICARDIAL	8	1.0	1.0
-13.64214	-26.82336	-29.66763	LAX_RV_EPICARDIAL	8	1.0	1.0
-11.83826	-26.82336	-31.82545	LAX_RV_EPICARDIAL	8	1.0	1.0
-10.03438	-26.82336	-33.98326	LAX_RV_EPICARDIAL	8	1.0	1.0
-8.23050	-26.82336	-36.14108	LAX_RV_EPICARDIAL	8	1.0	1.0
-6.42662	-26.82336	-38.29890	LAX_RV_EPICARDIAL	8	1.0	1.0
-4.62274	-26.82336	-40.45672	LAX_RV_EPICARDIAL	8	1.0	1.0
-2.81886	-26.82337	-42.61453	LAX_RV_EPICARDIAL	8	1.0	1.0
-1.01497	-26.82337	-44.77235	LAX_RV_EPICARDIAL	8	1.0	1.0
0.78891	-26.82337	-46.93017	LAX_RV_EPICARDIAL	8	1.0	1.0
2.59279	-26.82337	-49.08799	LAX_RV_EPICARDIAL	8	1.0	1.0
4.39667	-26.82337	-51.24580	LAX_RV_EPICARDIAL	8	1.0	1.0
6.47946	-25.46493	-53.17046	LAX_RV_EPICARDIAL	8	1.0	1.0
8.28334	-25.46493	-55.32828	LAX_RV_EPICARDIAL	8	1.0	1.0
-13.41033	-3.72972	-20.30933	LAX_RV_EPICARDIAL	8	1.0	1.0
-15.49312	-5.08817	-18.38468	LAX_RV_EPICARDIAL	8	1.0	1.0
-17.29700	-5.08817	-16.22686	LAX_RV_EPICARDIAL	8	1.0	1.0
-19.10088	-5.08817	-14.06904	LAX_RV_EPICARDIAL	8	1.0	1.0
-20.62585	-3.72972	-11.67806	LAX_RV_EPICARDIAL	8	1.0	1.0
-22.70865	-5.08816	-9.75341	LAX_RV_EPICARDIAL	8	1.0	1.0
-24.51253	-5.08816	-7.59559	LAX_RV_EPICARDIAL	8	1.0	1.0
-26.31641	-5.08816	-5.43777	LAX_RV_EPICARDIAL	8	1.0	1.0
-28.39920	-6.44661	-3.51312	LAX_RV_EPICARDIAL	8	1.0	1.0
-30.48200	-7.80505	-1.58846	LAX_RV_EPICARDIAL	8	1.0	1.0
-31.94176	-10.52195	-0.97588	LAX_RV_EPICARDIAL	8	1.0	1.0
15.63649	41.09907	-36.35098	MITRAL_VALVE	8	1.0	1.0
-2.42043	23.43925	-22.11955	MITRAL_VALVE	8	1.0	1.0
-8.38990	20.72236	-16.11242	AORTA_VALVE	8	1.0	1.0
-11.04862	-1.01283	-22.00083	AORTA_VALVE	8	1.0	1.0
-60.51600	6.29087	-70.01921	LAX_RV_FREEWALL	7	1.0	19
-63.09405	4.68958	-72.59017	LAX_RV_FREEWALL	7	1.0	19
-64.27232	3.08829	-75.02640	LAX_RV_FREEWALL	7	1.0	19
-64.05081	1.48700	-77.32791	LAX_RV_FREEWALL	7	1.0	19
-63.82930	-0.11429	-79.62942	LAX_RV_FREEWALL	7	1.0	19
-62.20800	-1.71558	-81.79621	LAX_RV_FREEWALL	7	1.0	19
-61.98649	-3.31687	-84.09772	LAX_RV_FREEWALL	7	1.0	19
-60.36519	-4.91816	-86.26451	LAX_RV_FREEWALL	7	1.0	19
-58.74390	-6.51946	-88.43129	LAX_RV_FREEWALL	7	1.0	19
-57.12261	-8.12075	-90.59808	LAX_RV_FREEWALL	7	1.0	19
-54.21229	-8.92139	-91.47939	LAX_RV_FREEWALL	7	1.0	19
-51.19121	-10.52269	-93.51145	LAX_RV_FREEWALL	7	1.0	19
-48.17014	-12.12398	-95.54351	LAX_RV_FREEWALL	7	1.0	19
-45.25982	-12.92462	-96.42481	LAX_RV_FREEWALL	7	1.0	19
-42.23874	-14.52592	-98.45688	LAX_RV_FREEWALL	7	1.0	19
-39.32842	-15.32656	-99.33818	LAX_RV_FREEWALL	7	1.0	19
-36.41810	-16.12721	-100.21949	LAX_RV_FREEWALL	7	1.0	19
-33.50778	-16.92786	-101.10079	LAX_RV_FREEWALL	7	1.0	19
-30.59747	-17.72850	-101.98210	LAX_RV_FREEWALL	7	1.0	19
-27.68715	-18.52915	-102.86341	LAX_RV_FREEWALL	7	1.0	19
-24.88758	-18.52915	-102.59396	LAX_RV_FREEWALL	7	1.0	19
-21.97726	-19.32980	-103.47526	LAX_RV_FREEWALL	7	1.0	19
-19.06695	-20.13044	-104.35657	LAX_RV_FREEWALL	7	1.0	19
-16.15663	-20.93109	-105.23788	LAX_RV_FREEWALL	7	1.0	19
-13.24631	-21.73174	-106.11918	LAX_RV_FREEWALL	7	1.0	19
-10.44675	-21.73174	-105.84973	LAX_RV_FREEWALL	7	1.0	19
-7.53643	-22.53238	-106.73104	LAX_RV_FREEWALL	7	1.0	19
-4.73686	-22.53238	-106.46159	LAX_RV_FREEWALL	7	1.0	19
-1.93730	-22.53238	-106.19214	LAX_RV_FREEWALL	7	1.0	19
0.97302	-23.33303	-107.07345	LAX_RV_FREEWALL	7	1.0	19
3.77258	-23.33303	-106.80400	LAX_RV_FREEWALL	7	1.0	19
6.68290	-24.13368	-107.68530	LAX_RV_FREEWALL	7	1.0	19
9.48246	-24.13368	-107.41585	LAX_RV_FREEWALL	7	1.0	19
12.39278	-24.93432	-108.29716	LAX_RV_FREEWALL	7	1.0	19
15.19234	-24.93433	-108.02771	LAX_RV_FREEWALL	7	1.0	19
17.99191	-24.93433	-107.75826	LAX_RV_FREEWALL	7	1.0	19
20.68071	-24.13368	-106.33806	LAX_RV_FREEWALL	7	1.0	19
23.25876	-22.53239	-103.76710	LAX_RV_FREEWALL	7	1.0	19
-60.73752	7.89217	-67.71769	LAX_RV_EPICARDIAL	7	1.0	19
-63.64784	8.69281	-66.83639	LAX_RV_EPICARDIAL	7	1.0	19
-66.22589	7.09152	-69.40735	LAX_RV_EPICARDIAL	7	1.0	19
-67.40415	5.49023	-71.84358	LAX_RV_EPICARDIAL	7	1.0	19
-68.58242	3.88894	-74.27982	LAX_RV_EPICARDIAL	7	1.0	19
-69.76069	2.28765	-76.71606	LAX_RV_EPICARDIAL	7	1.0	19
-69.53918	0.68636	-79.01757	LAX_RV_EPICARDIAL	7	1.0	19
-69.31766	-0.91493	-81.31908	LAX_RV_EPICARDIAL	7	1.0	19
-67.69637	-2.51623	-83.48586	LAX_RV_EPICARDIAL	7	1.0	19
-66.07508	-4.11752	-85.65265	LAX_RV_EPICARDIAL	7	1.0	19
-64.45378	-5.71881	-87.81944	LAX_RV_EPICARDIAL	7	1.0	19
-64.23227	-7.32010	-90.12095	LAX_RV_EPICARDIAL	7	1.0	19
-62.61097	-8.92139	-92.28773	LAX_RV_EPICARDIAL	7	1.0	19
-59.58990	-10.52268	-94.31979	LAX_RV_EPICARDIAL	7	1.0	19
-56.56882	-12.12398	-96.35186	LAX_RV_EPICARDIAL	7	1.0	19
-53.54775	-13.72527	-98.38392	LAX_RV_EPICARDIAL	7	1.0	19
-50.63743	-14.52591	-99.26522	LAX_RV_EPICARDIAL	7	1.0	19
-47.61635	-16.12721	-101.29729	LAX_RV_EPICARDIAL	7	1.0	19
-44.70603	-16.92785	-102.17859	LAX_RV_EPICARDIAL	7	1.0	19
-41.79572	-17.72850	-103.05990	LAX_RV_EPICARDIAL	7	1.0	19
-38.88540	-18.52915	-103.94120	LAX_RV_EPICARDIAL	7	1.0	19
-35.97508	-19.32979	-104.82251	LAX_RV_EPICARDIAL	7	1.0	19
-33.17551	-19.32979	-104.55306	LAX_RV_EPICARDIAL	7	1.0	19
-30.26520	-20.13044	-105.43437	LAX_RV_EPICARDIAL	7	1.0	19
-27.35488	-20.93109	-106.31567	LAX_RV_EPICARDIAL	7	1.0	19
-24.44456	-21.73173	-107.19698	LAX_RV_EPICARDIAL	7	1.0	19
-21.53424	-22.53238	-108.07829	LAX_RV_EPICARDIAL	7	1.0	19
-18.73468	-22.53238	-107.80884	LAX_RV_EPICARDIAL	7	1.0	19
-15.82436	-23.33303	-108.69014	LAX_RV_EPICARDIAL	7	1.0	19
-12.91404	-24.13367	-109.57145	LAX_RV_EPICARDIAL	7	1.0	19
-10.11448	-24.13367	-109.30200	LAX_RV_EPICARDIAL	7	1.0	19
-7.20416	-24.93432	-110.18331	LAX_RV_EPICARDIAL	7	1.0	19
-4.40459	-24.93432	-109.91386	LAX_RV_EPICARDIAL	7	1.0	19
-1.60503	-24.93432	-109.64441	LAX_RV_EPICARDIAL	7	1.0	19
1.19453	-24.93432	-109.37496	LAX_RV_EPICARDIAL	7	1.0	19
3.99409	-24.93432	-109.10551	LAX_RV_EPICARDIAL	7	1.0	19
6.90441	-25.73497	-109.98681	LAX_RV_EPICARDIAL	7	1.0	19
9.70398	-25.73497	-109.71737	LAX_RV_EPICARDIAL	7	1.0	19
12.50354	-25.73497	-109.44792	LAX_RV_EPICARDIAL	7	1.0	19
15.41386	-26.53562	-110.32922	LAX_RV_EPICARDIAL	7	1.0	19
18.21342	-26.53562	-110.05977	LAX_RV_EPICARDIAL	7	1.0	19
20.90223	-25.73497	-108.63957	LAX_RV_EPICARDIAL	7	1.0	19
23.59103	-24.93433	-107.21936	LAX_RV_EPICARDIAL	7	1.0	19
26.27984	-24.13368	-105.79916	LAX_RV_EPICARDIAL	7	1.0	19
23.03725	-20.93110	-101.46559	LAX_RV_SEPTUM	7	1.0	19
20.12693	-20.13045	-100.58428	LAX_RV_SEPTUM	7	1.0	19
17.10585	-18.52916	-98.55222	LAX_RV_SEPTUM	7	1.0	19
14.08478	-16.92787	-96.52016	LAX_RV_SEPTUM	7	1.0	19
11.06370	-15.32658	-94.48809	LAX_RV_SEPTUM	7	1.0	19
8.04263	-13.72529	-92.45603	LAX_RV_SEPTUM	7	1.0	19
5.02155	-12.12399	-90.42397	LAX_RV_SEPTUM	7	1.0	19
2.00048	-10.52270	-88.39191	LAX_RV_SEPTUM	7	1.0	19
-1.02060	-8.92141	-86.35985	LAX_RV_SEPTUM	7	1.0	19
-2.64189	-7.32012	-84.19306	LAX_RV_SEPTUM	7	1.0	19
-5.66297	-5.71883	-82.16100	LAX_RV_SEPTUM	7	1.0	19
-7.28426	-4.11753	-79.99421	LAX_RV_SEPTUM	7	1.0	19
-8.90556	-2.51624	-77.82743	LAX_RV_SEPTUM	7	1.0	19
-10.52685	-0.91495	-75.66064	LAX_RV_SEPTUM	7	1.0	19
-12.14815	0.68634	-73.49386	LAX_RV_SEPTUM	7	1.0	19
-13.76944	2.28763	-71.32707	LAX_RV_SEPTUM	7	1.0	19
-15.39074	3.88892	-69.16028	LAX_RV_SEPTUM	7	1.0	19
-17.01203	5.49022	-66.99350	LAX_RV_SEPTUM	7	1.0	19
-20.03311	7.09151	-64.96143	LAX_RV_SEPTUM	7	1.0	19
-21.65440	8.69280	-62.79465	LAX_RV_SEPTUM	7	1.0	19
-21.87591	10.29409	-60.49314	LAX_RV_SEPTUM	7	1.0	19
-23.49721	11.89538	-58.32635	LAX_RV_SEPTUM	7	1.0	19
-25.11850	13.49667	-56.15957	LAX_RV_SEPTUM	7	1.0	19
19.04061	38.31668	-15.90551	LAX_LV_EPICARDIAL	7	1.0	19
-22.35899	23.90507	-40.79557	LAX_LV_EPICARDIAL	7	1.0	19
-22.13748	22.30378	-43.09708	LAX_LV_EPICARDIAL	7	1.0	19
-23.31575	20.70248	-45.53332	LAX_LV_EPICARDIAL	7	1.0	19
-24.49402	19.10119	-47.96955	LAX_LV_EPICARDIAL	7	1.0	19
-24.27250	17.49990	-50.27106	LAX_LV_EPICARDIAL	7	1.0	19
-25.45077	15.89861	-52.70730	LAX_LV_EPICARDIAL	7	1.0	19
25.94757	-21.73175	-102.34689	LAX_LV_EPICARDIAL	7	1.0	19
28.74713	-21.73175	-102.07744	LAX_LV_EPICARDIAL	7	1.0	19
31.65745	-22.53239	-102.95875	LAX_LV_EPICARDIAL	7	1.0	19
34.45701	-22.53239	-102.68930	LAX_LV_EPICARDIAL	7	1.0	19
37.14582	-21.73175	-101.26909	LAX_LV_EPICARDIAL	7	1.0	19
39.94538	-21.73175	-100.99965	LAX_LV_EPICARDIAL	7	1.0	19
42.52343	-20.13046	-98.42869	LAX_LV_EPICARDIAL	7	1.0	19
45.10148	-18.52917	-95.85773	LAX_LV_EPICARDIAL	7	1.0	19
47.67953	-16.92788	-93.28676	LAX_LV_EPICARDIAL	7	1.0	19
48.85780	-15.32659	-90.85053	LAX_LV_EPICARDIAL	7	1.0	19
50.03606	-13.72530	-88.41429	LAX_LV_EPICARDIAL	7	1.0	19
51.21433	-12.12401	-85.97806	LAX_LV_EPICARDIAL	7	1.0	19
52.39260	-10.52272	-83.54182	LAX_LV_EPICARDIAL	7	1.0	19
53.57087	-8.92142	-81.10559	LAX_LV_EPICARDIAL	7	1.0	19
54.74914	-7.32013	-78.66935	LAX_LV_EPICARDIAL	7	1.0	19
55.92741	-5.71884	-76.23312	LAX_LV_EPICARDIAL	7	1.0	19
55.70589	-4.11755	-73.93160	LAX_LV_EPICARDIAL	7	1.0	19
56.88416	-2.51626	-71.49537	LAX_LV_EPICARDIAL	7	1.0	19
56.66265	-0.91497	-69.19386	LAX_LV_EPICARDIAL	7	1.0	19
56.44113	0.68632	-66.89235	LAX_LV_EPICARDIAL	7	1.0	19
56.21962	2.28761	-64.59084	LAX_LV_EPICARDIAL	7	1.0	19
55.99811	3.88890	-62.28933	LAX_LV_EPICARDIAL	7	1.0	19
55.77660	5.49020	-59.98781	LAX_LV_EPICARDIAL	7	1.0	19
55.55508	7.09149	-57.68630	LAX_LV_EPICARDIAL	7	1.0	19
55.33357	8.69278	-55.38479	LAX_LV_EPICARDIAL	7	1.0	19
53.71227	10.29407	-53.21801	LAX_LV_EPICARDIAL	7	1.0	19
53.49076	11.89536	-50.91650	LAX_LV_EPICARDIAL	7	1.0	19
53.26925	13.49665	-48.61498	LAX_LV_EPICARDIAL	7	1.0	19
53.04774	15.09794	-46.31347	LAX_LV_EPICARDIAL	7	1.0	19
51.42644	16.69924	-44.14669	LAX_LV_EPICARDIAL	7	1.0	19
51.20493	18.30053	-41.84518	LAX_LV_EPICARDIAL	7	1.0	19
49.58363	19.90182	-39.67839	LAX_LV_EPICARDIAL	7	1.0	19
49.36212	21.50311	-37.37688	LAX_LV_EPICARDIAL	7	1.0	19
47.74083	23.10440	-35.21009	LAX_LV_EPICARDIAL	7	1.0	19
47.51931	24.70569	-32.90858	LAX_LV_EPICARDIAL	7	1.0	19
45.89802	26.30698	-30.74180	LAX_LV_EPICARDIAL	7	1.0	19
44.27672	27.90828	-28.57501	LAX_LV_EPICARDIAL	7	1.0	19
42.65543	29.50957	-26.40822	LAX_LV_EPICARDIAL	7	1.0	19
39.63436	31.11086	-24.37616	LAX_LV_EPICARDIAL	7	1.0	19
38.01306	32.71215	-22.20938	LAX_LV_EPICARDIAL	7	1.0	19
34.99199	34.31344	-20.17731	LAX_LV_EPICARDIAL	7	1.0	19
31.97091	35.91473	-18.14525	LAX_LV_EPICARDIAL	7	1.0	19
29.06059	36.71538	-17.26395	LAX_LV_EPICARDIAL	7	1.0	19
26.03952	38.31667	-15.23188	LAX_LV_EPICARDIAL	7	1.0	19
23.23995	38.31667	-15.50133	LAX_LV_EPICARDIAL	7	1.0	19
20.44039	38.31667	-15.77078	LAX_LV_EPICARDIAL	7	1.0	19
-17.93814	22.30377	-42.69291	LAX_LV_ENDOCARDIAL	7	1.0	19
-19.11640	20.70248	-45.12914	LAX_LV_ENDOCARDIAL	7	1.0	19
-18.89489	19.10119	-47.43065	LAX_LV_ENDOCARDIAL	7	1.0	19
-18.67338	17.49990	-49.73216	LAX_LV_ENDOCARDIAL	7	1.0	19
-17.05208	15.89861	-51.89895	LAX_LV_ENDOCARDIAL	7	1.0	19
-15.43079	14.29732	-54.06574	LAX_LV_ENDOCARDIAL	7	1.0	19
-13.80949	12.69603	-56.23252	LAX_LV_ENDOCARDIAL	7	1.0	19
-12.18820	11.09473	-58.39931	LAX_LV_ENDOCARDIAL	7	1.0	19
-10.56691	9.49344	-60.56610	LAX_LV_ENDOCARDIAL	7	1.0	19
-7.54583	7.89215	-62.59816	LAX_LV_ENDOCARDIAL	7	1.0	19
-4.52475	6.29086	-64.63022	LAX_LV_ENDOCARDIAL	7	1.0	19
-2.90346	4.68957	-66.79701	LAX_LV_ENDOCARDIAL	7	1.0	19
-1.28217	3.08827	-68.96379	LAX_LV_ENDOCARDIAL	7	1.0	19
0.33913	1.48698	-71.13058	LAX_LV_ENDOCARDIAL	7	1.0	19
1.96042	-0.11431	-73.29736	LAX_LV_ENDOCARDIAL	7	1.0	19
3.58172	-1.71560	-75.46415	LAX_LV_ENDOCARDIAL	7	1.0	19
5.20301	-3.31689	-77.63094	LAX_LV_ENDOCARDIAL	7	1.0	19
6.82431	-4.91818	-79.79772	LAX_LV_ENDOCARDIAL	7	1.0	19
8.44560	-6.51947	-81.96451	LAX_LV_ENDOCARDIAL	7	1.0	19
11.46668	-8.12077	-83.99657	LAX_LV_ENDOCARDIAL	7	1.0	19
13.08797	-9.72206	-86.16336	LAX_LV_ENDOCARDIAL	7	1.0	19
16.10905	-11.32335	-88.19542	LAX_LV_ENDOCARDIAL	7	1.0	19
19.13012	-12.92464	-90.22748	LAX_LV_ENDOCARDIAL	7	1.0	19
20.75141	-14.52593	-92.39427	LAX_LV_ENDOCARDIAL	7	1.0	19
23.77249	-16.12723	-94.42633	LAX_LV_ENDOCARDIAL	7	1.0	19
26.68281	-16.92787	-95.30763	LAX_LV_ENDOCARDIAL	7	1.0	19
29.70389	-18.52916	-97.33970	LAX_LV_ENDOCARDIAL	7	1.0	19
32.61420	-19.32981	-98.22100	LAX_LV_ENDOCARDIAL	7	1.0	19
35.52452	-20.13046	-99.10231	LAX_LV_ENDOCARDIAL	7	1.0	19
38.32409	-20.13046	-98.83286	LAX_LV_ENDOCARDIAL	7	1.0	19
40.90214	-18.52917	-96.26190	LAX_LV_ENDOCARDIAL	7	1.0	19
42.08040	-16.92788	-93.82566	LAX_LV_ENDOCARDIAL	7	1.0	19
43.25867	-15.32659	-91.38943	LAX_LV_ENDOCARDIAL	7	1.0	19
44.43694	-13.72530	-88.95319	LAX_LV_ENDOCARDIAL	7	1.0	19
45.61521	-12.12400	-86.51696	LAX_LV_ENDOCARDIAL	7	1.0	19
45.39369	-10.52271	-84.21545	LAX_LV_ENDOCARDIAL	7	1.0	19
46.57196	-8.92142	-81.77921	LAX_LV_ENDOCARDIAL	7	1.0	19
46.35045	-7.32013	-79.47770	LAX_LV_ENDOCARDIAL	7	1.0	19
47.52872	-5.71884	-77.04146	LAX_LV_ENDOCARDIAL	7	1.0	19
47.30720	-4.11755	-74.73995	LAX_LV_ENDOCARDIAL	7	1.0	19
48.48547	-2.51626	-72.30372	LAX_LV_ENDOCARDIAL	7	1.0	19
48.26396	-0.91497	-70.00221	LAX_LV_ENDOCARDIAL	7	1.0	19
49.44223	0.68632	-67.56597	LAX_LV_ENDOCARDIAL	7	1.0	19
49.22072	2.28762	-65.26446	LAX_LV_ENDOCARDIAL	7	1.0	19
48.99920	3.88891	-62.96295	LAX_LV_ENDOCARDIAL	7	1.0	19
48.77769	5.49020	-60.66144	LAX_LV_ENDOCARDIAL	7	1.0	19
48.55618	7.09149	-58.35993	LAX_LV_ENDOCARDIAL	7	1.0	19
48.33466	8.69278	-56.05842	LAX_LV_ENDOCARDIAL	7	1.0	19
48.11315	10.29407	-53.75690	LAX_LV_ENDOCARDIAL	7	1.0	19
46.49186	11.89536	-51.59012	LAX_LV_ENDOCARDIAL	7	1.0	19
46.27034	13.49665	-49.28861	LAX_LV_ENDOCARDIAL	7	1.0	19
46.04883	15.09795	-46.98710	LAX_LV_ENDOCARDIAL	7	1.0	19
44.42754	16.69924	-44.82031	LAX_LV_ENDOCARDIAL	7	1.0	19
44.20602	18.30053	-42.51880	LAX_LV_ENDOCARDIAL	7	1.0	19
42.58473	19.90182	-40.35201	LAX_LV_ENDOCARDIAL	7	1.0	19
40.96343	21.50311	-38.18523	LAX_LV_ENDOCARDIAL	7	1.0	19
39.34214	23.10440	-36.01844	LAX_LV_ENDOCARDIAL	7	1.0	19
37.72084	24.70570	-33.85165	LAX_LV_ENDOCARDIAL	7	1.0	19
36.09955	26.30699	-31.68487	LAX_LV_ENDOCARDIAL	7	1.0	19
34.47826	27.90828	-29.51808	LAX_LV_ENDOCARDIAL	7	1.0	19
31.45718	29.50957	-27.48602	LAX_LV_ENDOCARDIAL	7	1.0	19
29.83589	31.11086	-25.31923	LAX_LV_ENDOCARDIAL	7	1.0	19
26.92557	31.91151	-24.43793	LAX_LV_ENDOCARDIAL	7	1.0	19
23.90449	33.51280	-22.40587	LAX_LV_ENDOCARDIAL	7	1.0	19
20.99417	34.31345	-21.52456	LAX_LV_ENDOCARDIAL	7	1.0	19
-60.73752	7.89217	-67.71769	LAX_RV_EPICARDIAL	7	1.0	19
-63.64784	8.69281	-66.83639	LAX_RV_EPICARDIAL	7	1.0	19
-66.22589	7.09152	-69.40735	LAX_RV_EPICARDIAL	7	1.0	19
-67.40415	5.49023	-71.84358	LAX_RV_EPICARDIAL	7	1.0	19
-68.58242	3.88894	-74.27982	LAX_RV_EPICARDIAL	7	1.0	19
-69.76069	2.28765	-76.71606	LAX_RV_EPICARDIAL	7	1.0	19
-69.53918	0.68636	-79.01757	LAX_RV_EPICARDIAL	7	1.0	19
-69.31766	-0.91493	-81.31908	LAX_RV_EPICARDIAL	7	1.0	19
-67.69637	-2.51623	-83.48586	LAX_RV_EPICARDIAL	7	1.0	19
-66.07508	-4.11752	-85.65265	LAX_RV_EPICARDIAL	7	1.0	19
-64.45378	-5.71881	-87.81944	LAX_RV_EPICARDIAL	7	1.0	19
-64.23227	-7.32010	-90.12095	LAX_RV_EPICARDIAL	7	1.0	19
-62.61097	-8.92139	-92.28773	LAX_RV_EPICARDIAL	7	1.0	19
-59.58990	-10.52268	-94.31979	LAX_RV_EPICARDIAL	7	1.0	19
-56.56882	-12.12398	-96.35186	LAX_RV_EPICARDIAL	7	1.0	19
-53.54775	-13.72527	-98.38392	LAX_RV_EPICARDIAL	7	1.0	19
-50.63743	-14.52591	-99.26522	LAX_RV_EPICARDIAL	7	1.0	19
-47.61635	-16.12721	-101.29729	LAX_RV_EPICARDIAL	7	1.0	19
-44.70603	-16.92785	-102.17859	LAX_RV_EPICARDIAL	7	1.0	19
-41.79572	-17.72850	-103.05990	LAX_RV_EPICARDIAL	7	1.0	19
-38.88540	-18.52915	-103.94120	LAX_RV_EPICARDIAL	7	1.0	19
-35.97508	-19.32979	-104.82251	LAX_RV_EPICARDIAL	7	1.0	19
-33.17551	-19.32979	-104.55306	LAX_RV_EPICARDIAL	7	1.0	19
-30.26520	-20.13044	-105.43437	LAX_RV_EPICARDIAL	7	1.0	19
-27.35488	-20.93109	-106.31567	LAX_RV_EPICARDIAL	7	1.0	19
-24.44456	-21.73173	-107.19698	LAX_RV_EPICARDIAL	7	1.0	19
-21.53424	-22.53238	-108.07829	LAX_RV_EPICARDIAL	7	1.0	19
-18.73468	-22.53238	-107.80884	LAX_RV_EPICARDIAL	7	1.0	19
-15.82436	-23.33303	-108.69014	LAX_RV_EPICARDIAL	7	1.0	19
-12.91404	-24.13367	-109.57145	LAX_RV_EPICARDIAL	7	1.0	19
-10.11448	-24.13367	-109.30200	LAX_RV_EPICARDIAL	7	1.0	19
-7.20416	-24.93432	-110.18331	LAX_RV_EPICARDIAL	7	1.0	19
-4.40459	-24.93432	-109.91386	LAX_RV_EPICARDIAL	7	1.0	19
-1.60503	-24.93432	-109.64441	LAX_RV_EPICARDIAL	7	1.0	19
1.19453	-24.93432	-109.37496	LAX_RV_EPICARDIAL	7	1.0	19
3.99409	-24.93432	-109.10551	LAX_RV_EPICARDIAL	7	1.0	19
6.90441	-25.73497	-109.98681	LAX_RV_EPICARDIAL	7	1.0	19
9.70398	-25.73497	-109.71737	LAX_RV_EPICARDIAL	7	1.0	19
12.50354	-25.73497	-109.44792	LAX_RV_EPICARDIAL	7	1.0	19
15.41386	-26.53562	-110.32922	LAX_RV_EPICARDIAL	7	1.0	19
18.21342	-26.53562	-110.05977	LAX_RV_EPICARDIAL	7	1.0	19
20.90223	-25.73497	-108.63957	LAX_RV_EPICARDIAL	7	1.0	19
23.59103	-24.93433	-107.21936	LAX_RV_EPICARDIAL	7	1.0	19
26.27984	-24.13368	-105.79916	LAX_RV_EPICARDIAL	7	1.0	19
-18.27041	24.70571	-39.24064	MITRAL_VALVE	7	1.0	19
16.68407	35.11409	-20.77798	MITRAL_VALVE	7	1.0	19
-58.04871	8.69281	-66.29749	TRICUSPID_VALVE	7	1.0	19
-28.02882	14.29732	-55.27826	TRICUSPID_VALVE	7	1.0	19
39.94538	-21.73175	-100.99965	APEX_POINT	7	1.0	19
-11.34903	-15.79741	0.21895	LAX_RV_FREEWALL	11	1.0	19
-10.97072	-15.78753	-2.56797	LAX_RV_FREEWALL	11	1.0	19
-10.50699	-17.18129	-5.34827	LAX_RV_FREEWALL	11	1.0	19
-10.04327	-18.57505	-8.12858	LAX_RV_FREEWALL	11	1.0	19
-9.66495	-18.56517	-10.91550	LAX_RV_FREEWALL	11	1.0	19
-9.20123	-19.95893	-13.69580	LAX_RV_FREEWALL	11	1.0	19
-8.73750	-21.35269	-16.47611	LAX_RV_FREEWALL	11	1.0	19
-8.27377	-22.74645	-19.25641	LAX_RV_FREEWALL	11	1.0	19
-7.89546	-22.73657	-22.04333	LAX_RV_FREEWALL	11	1.0	19
-7.51715	-22.72669	-24.83026	LAX_RV_FREEWALL	11	1.0	19
-7.05342	-24.12045	-27.61056	LAX_RV_FREEWALL	11	1.0	19
-6.67510	-24.11057	-30.39748	LAX_RV_FREEWALL	11	1.0	19
-6.29679	-24.10070	-33.18441	LAX_RV_FREEWALL	11	1.0	19
-5.91848	-24.09082	-35.97133	LAX_RV_FREEWALL	11	1.0	19
-5.54017	-24.08094	-38.75825	LAX_RV_FREEWALL	11	1.0	19
-5.07644	-25.47470	-41.53856	LAX_RV_FREEWALL	11	1.0	19
-4.69813	-25.46482	-44.32548	LAX_RV_FREEWALL	11	1.0	19
-4.31982	-25.45494	-47.11240	LAX_RV_FREEWALL	11	1.0	19
-3.94150	-25.44506	-49.89933	LAX_RV_FREEWALL	11	1.0	19
-3.47778	-26.83882	-52.67963	LAX_RV_FREEWALL	11	1.0	19
-3.09946	-26.82894	-55.46655	LAX_RV_FREEWALL	11	1.0	19
-2.72115	-26.81906	-58.25348	LAX_RV_FREEWALL	11	1.0	19
-2.34284	-26.80918	-61.04040	LAX_RV_FREEWALL	11	1.0	19
-1.87911	-28.20294	-63.82070	LAX_RV_FREEWALL	11	1.0	19
-1.50080	-28.19307	-66.60763	LAX_RV_FREEWALL	11	1.0	19
-1.12249	-28.18319	-69.39455	LAX_RV_FREEWALL	11	1.0	19
-0.74417	-28.17331	-72.18147	LAX_RV_FREEWALL	11	1.0	19
-0.45128	-26.75979	-74.97502	LAX_RV_FREEWALL	11	1.0	19
-0.07297	-26.74991	-77.76194	LAX_RV_FREEWALL	11	1.0	19
0.39076	-28.14367	-80.54224	LAX_RV_FREEWALL	11	1.0	19
0.68366	-26.73015	-83.33579	LAX_RV_FREEWALL	11	1.0	19
1.06197	-26.72028	-86.12271	LAX_RV_FREEWALL	11	1.0	19
1.44028	-26.71040	-88.90963	LAX_RV_FREEWALL	11	1.0	19
1.81859	-26.70052	-91.69655	LAX_RV_FREEWALL	11	1.0	19
2.19691	-26.69064	-94.48348	LAX_RV_FREEWALL	11	1.0	19
2.57522	-26.68076	-97.27040	LAX_RV_FREEWALL	11	1.0	19
2.95353	-26.67088	-100.05732	LAX_RV_FREEWALL	11	1.0	19
3.33184	-26.66100	-102.84425	LAX_RV_FREEWALL	11	1.0	19
3.62474	-25.24749	-105.63779	LAX_RV_FREEWALL	11	1.0	19
3.91764	-23.83397	-108.43133	LAX_RV_FREEWALL	11	1.0	19
3.93596	-21.02175	-109.83803	LAX_RV_FREEWALL	11	1.0	19
3.76513	-18.21447	-109.85127	LAX_RV_FREEWALL	11	1.0	19
3.40514	-15.41214	-108.47105	LAX_RV_FREEWALL	11	1.0	19
3.04515	-12.60980	-107.09083	LAX_RV_FREEWALL	11	1.0	19
2.68517	-9.80746	-105.71060	LAX_RV_FREEWALL	11	1.0	19
2.32518	-7.00512	-104.33038	LAX_RV_FREEWALL	11	1.0	19
1.96519	-4.20279	-102.95016	LAX_RV_FREEWALL	11	1.0	19
1.41605	-1.40539	-100.17647	LAX_RV_FREEWALL	11	1.0	19
1.05606	1.39695	-98.79625	LAX_RV_FREEWALL	11	1.0	19
0.59233	2.79071	-96.01595	LAX_RV_FREEWALL	11	1.0	19
0.12860	4.18447	-93.23564	LAX_RV_FREEWALL	11	1.0	19
-0.23139	6.98681	-91.85542	LAX_RV_FREEWALL	11	1.0	19
-0.69511	8.38057	-89.07512	LAX_RV_FREEWALL	11	1.0	19
-0.71344	5.56835	-87.66842	LAX_RV_FREEWALL	11	1.0	19
-0.54261	2.76107	-87.65518	LAX_RV_SEPTUM	11	1.0	19
-0.56093	-0.05114	-86.24848	LAX_RV_SEPTUM	11	1.0	19
-0.76841	-2.86830	-83.44831	LAX_RV_SEPTUM	11	1.0	19
-0.97589	-5.68545	-80.64815	LAX_RV_SEPTUM	11	1.0	19
-0.99422	-8.49767	-79.24145	LAX_RV_SEPTUM	11	1.0	19
-1.20170	-11.31483	-76.44129	LAX_RV_SEPTUM	11	1.0	19
-1.49459	-12.72834	-73.64775	LAX_RV_SEPTUM	11	1.0	19
-1.87291	-12.73822	-70.86083	LAX_RV_SEPTUM	11	1.0	19
-2.25122	-12.74810	-68.07390	LAX_RV_SEPTUM	11	1.0	19
-2.54411	-14.16162	-65.28036	LAX_RV_SEPTUM	11	1.0	19
-2.92243	-14.17150	-62.49344	LAX_RV_SEPTUM	11	1.0	19
-3.30074	-14.18138	-59.70651	LAX_RV_SEPTUM	11	1.0	19
-3.67905	-14.19126	-56.91959	LAX_RV_SEPTUM	11	1.0	19
-3.97195	-15.60477	-54.12605	LAX_RV_SEPTUM	11	1.0	19
-4.35026	-15.61465	-51.33912	LAX_RV_SEPTUM	11	1.0	19
-4.72857	-15.62453	-48.55220	LAX_RV_SEPTUM	11	1.0	19
-5.10688	-15.63441	-45.76528	LAX_RV_SEPTUM	11	1.0	19
-5.57061	-14.24065	-42.98497	LAX_RV_SEPTUM	11	1.0	19
-5.94892	-14.25053	-40.19805	LAX_RV_SEPTUM	11	1.0	19
-6.41265	-12.85677	-37.41775	LAX_RV_SEPTUM	11	1.0	19
-6.87638	-11.46301	-34.63744	LAX_RV_SEPTUM	11	1.0	19
-7.25469	-11.47289	-31.85052	LAX_RV_SEPTUM	11	1.0	19
-7.71842	-10.07913	-29.07022	LAX_RV_SEPTUM	11	1.0	19
-8.18215	-8.68537	-26.28991	LAX_RV_SEPTUM	11	1.0	19
-8.56046	-8.69525	-23.50299	LAX_RV_SEPTUM	11	1.0	19
-9.02419	-7.30149	-20.72269	LAX_RV_SEPTUM	11	1.0	19
-9.48792	-5.90773	-17.94238	LAX_RV_SEPTUM	11	1.0	19
-9.95164	-4.51397	-15.16208	LAX_RV_SEPTUM	11	1.0	19
-10.41537	-3.12021	-12.38178	LAX_RV_SEPTUM	11	1.0	19
-10.79368	-3.13009	-9.59485	LAX_RV_SEPTUM	11	1.0	19
-11.91650	-15.81223	4.39934	LAX_RV_EPICARDIAL	11	1.0	19
-11.45277	-17.20599	1.61903	LAX_RV_EPICARDIAL	11	1.0	19
-10.90363	-20.00339	-1.15465	LAX_RV_EPICARDIAL	11	1.0	19
-10.52532	-19.99351	-3.94157	LAX_RV_EPICARDIAL	11	1.0	19
-10.06159	-21.38727	-6.72188	LAX_RV_EPICARDIAL	11	1.0	19
-9.59786	-22.78103	-9.50218	LAX_RV_EPICARDIAL	11	1.0	19
-9.13413	-24.17479	-12.28248	LAX_RV_EPICARDIAL	11	1.0	19
-8.75582	-24.16491	-15.06941	LAX_RV_EPICARDIAL	11	1.0	19
-8.29209	-25.55867	-17.84971	LAX_RV_EPICARDIAL	11	1.0	19
-7.82837	-26.95243	-20.63002	LAX_RV_EPICARDIAL	11	1.0	19
-7.45005	-26.94255	-23.41694	LAX_RV_EPICARDIAL	11	1.0	19
-7.07174	-26.93267	-26.20386	LAX_RV_EPICARDIAL	11	1.0	19
-6.60801	-28.32643	-28.98417	LAX_RV_EPICARDIAL	11	1.0	19
-6.22970	-28.31655	-31.77109	LAX_RV_EPICARDIAL	11	1.0	19
-5.85139	-28.30667	-34.55801	LAX_RV_EPICARDIAL	11	1.0	19
-5.47308	-28.29679	-37.34493	LAX_RV_EPICARDIAL	11	1.0	19
-5.09476	-28.28691	-40.13186	LAX_RV_EPICARDIAL	11	1.0	19
-4.71645	-28.27704	-42.91878	LAX_RV_EPICARDIAL	11	1.0	19
-4.33814	-28.26716	-45.70570	LAX_RV_EPICARDIAL	11	1.0	19
-3.95983	-28.25728	-48.49263	LAX_RV_EPICARDIAL	11	1.0	19
-3.58152	-28.24740	-51.27955	LAX_RV_EPICARDIAL	11	1.0	19
-3.20320	-28.23752	-54.06647	LAX_RV_EPICARDIAL	11	1.0	19
-2.73948	-29.63128	-56.84678	LAX_RV_EPICARDIAL	11	1.0	19
-2.27575	-31.02504	-59.62708	LAX_RV_EPICARDIAL	11	1.0	19
-1.89744	-31.01516	-62.41400	LAX_RV_EPICARDIAL	11	1.0	19
-1.51912	-31.00528	-65.20093	LAX_RV_EPICARDIAL	11	1.0	19
-1.14081	-30.99540	-67.98785	LAX_RV_EPICARDIAL	11	1.0	19
-0.76250	-30.98552	-70.77477	LAX_RV_EPICARDIAL	11	1.0	19
-0.38419	-30.97565	-73.56170	LAX_RV_EPICARDIAL	11	1.0	19
-0.00587	-30.96577	-76.34862	LAX_RV_EPICARDIAL	11	1.0	19
0.28702	-29.55225	-79.14216	LAX_RV_EPICARDIAL	11	1.0	19
0.66533	-29.54237	-81.92909	LAX_RV_EPICARDIAL	11	1.0	19
1.04365	-29.53249	-84.71601	LAX_RV_EPICARDIAL	11	1.0	19
1.42196	-29.52261	-87.50293	LAX_RV_EPICARDIAL	11	1.0	19
1.80027	-29.51273	-90.28985	LAX_RV_EPICARDIAL	11	1.0	19
2.17858	-29.50286	-93.07678	LAX_RV_EPICARDIAL	11	1.0	19
2.55690	-29.49298	-95.86370	LAX_RV_EPICARDIAL	11	1.0	19
2.93521	-29.48310	-98.65062	LAX_RV_EPICARDIAL	11	1.0	19
3.31352	-29.47322	-101.43755	LAX_RV_EPICARDIAL	11	1.0	19
3.60642	-28.05970	-104.23109	LAX_RV_EPICARDIAL	11	1.0	19
3.98473	-28.04982	-107.01801	LAX_RV_EPICARDIAL	11	1.0	19
4.27762	-26.63631	-109.81156	LAX_RV_EPICARDIAL	11	1.0	19
4.57052	-25.22279	-112.60510	LAX_RV_EPICARDIAL	11	1.0	19
4.58884	-22.41057	-114.01180	LAX_RV_EPICARDIAL	11	1.0	19
4.41801	-19.60329	-114.02504	LAX_RV_EPICARDIAL	11	1.0	19
4.24718	-16.79602	-114.03828	LAX_RV_EPICARDIAL	11	1.0	19
3.88719	-13.99368	-112.65805	LAX_RV_EPICARDIAL	11	1.0	19
3.52721	-11.19134	-111.27783	LAX_RV_EPICARDIAL	11	1.0	19
3.16722	-8.38900	-109.89761	LAX_RV_EPICARDIAL	11	1.0	19
2.80723	-5.58667	-108.51738	LAX_RV_EPICARDIAL	11	1.0	19
2.44724	-2.78433	-107.13716	LAX_RV_EPICARDIAL	11	1.0	19
1.89810	0.01307	-104.36348	LAX_RV_EPICARDIAL	11	1.0	19
1.53811	2.81541	-102.98325	LAX_RV_EPICARDIAL	11	1.0	19
0.98897	5.61281	-100.20957	LAX_RV_EPICARDIAL	11	1.0	19
0.52524	7.00657	-97.42927	LAX_RV_EPICARDIAL	11	1.0	19
-0.02391	9.80396	-94.65558	LAX_RV_EPICARDIAL	11	1.0	19
-0.38389	12.60630	-93.27536	LAX_RV_EPICARDIAL	11	1.0	19
-0.84762	14.00006	-90.49506	LAX_RV_EPICARDIAL	11	1.0	19
-0.86595	11.18785	-89.08835	LAX_RV_EPICARDIAL	11	1.0	19
-0.69511	8.38057	-89.07512	LAX_RV_EPICARDIAL	11	1.0	19
-11.53199	-0.33763	-5.42771	PULMONARY_VALVE	11	1.0	19
-12.08733	-13.00495	4.38610	PULMONARY_VALVE	11	1.0	19
