x	y	z	contour type	frameID	weight	time frame
-22.14254	-26.38163	-41.53496	SAX_RV_FREEWALL	3	1.0	9
-23.83910	-25.27686	-43.94096	SAX_RV_FREEWALL	3	1.0	9
-26.06679	-25.27687	-45.65780	SAX_RV_FREEWALL	3	1.0	9
-28.29448	-25.27687	-47.37465	SAX_RV_FREEWALL	3	1.0	9
-29.99105	-24.17210	-49.78065	SAX_RV_FREEWALL	3	1.0	9
-32.21874	-24.17211	-51.49750	SAX_RV_FREEWALL	3	1.0	9
-34.44642	-24.17211	-53.21434	SAX_RV_FREEWALL	3	1.0	9
-36.14299	-23.06734	-55.62035	SAX_RV_FREEWALL	3	1.0	9
-37.83956	-21.96258	-58.02635	SAX_RV_FREEWALL	3	1.0	9
-39.53613	-20.85781	-60.43235	SAX_RV_FREEWALL	3	1.0	9
-41.23269	-19.75304	-62.83835	SAX_RV_FREEWALL	3	1.0	9
-42.92926	-18.64828	-65.24436	SAX_RV_FREEWALL	3	1.0	9
-44.09471	-16.43874	-68.33951	SAX_RV_FREEWALL	3	1.0	9
-45.26015	-14.22921	-71.43467	SAX_RV_FREEWALL	3	1.0	9
-45.31176	-12.01967	-73.67141	SAX_RV_FREEWALL	3	1.0	9
-44.24952	-9.81014	-75.04972	SAX_RV_FREEWALL	3	1.0	9
-44.30112	-7.60060	-77.28646	SAX_RV_FREEWALL	3	1.0	9
-42.12503	-5.39106	-77.80635	SAX_RV_FREEWALL	3	1.0	9
-39.94895	-3.18153	-78.32624	SAX_RV_FREEWALL	3	1.0	9
-37.77286	-0.97199	-78.84613	SAX_RV_FREEWALL	3	1.0	9
-35.59677	1.23755	-79.36602	SAX_RV_FREEWALL	3	1.0	9
-33.42069	3.44709	-79.88591	SAX_RV_FREEWALL	3	1.0	9
-30.13076	5.65663	-79.54738	SAX_RV_FREEWALL	3	1.0	9
-26.84083	7.86617	-79.20885	SAX_RV_FREEWALL	3	1.0	9
-24.08202	8.97094	-78.18116	SAX_RV_FREEWALL	3	1.0	9
-20.79209	11.18047	-77.84263	SAX_RV_FREEWALL	3	1.0	9
-18.56440	11.18048	-76.12578	SAX_RV_FREEWALL	3	1.0	9
-16.33671	11.18048	-74.40894	SAX_RV_FREEWALL	3	1.0	9
7.14213	-16.43869	-28.85206	SAX_RV_FREEWALL	3	1.0	9
3.85220	-18.64823	-29.19060	SAX_RV_FREEWALL	3	1.0	9
1.09339	-19.75300	-30.21829	SAX_RV_FREEWALL	3	1.0	9
-1.66542	-20.85777	-31.24597	SAX_RV_FREEWALL	3	1.0	9
-4.42423	-21.96254	-32.27366	SAX_RV_FREEWALL	3	1.0	9
-7.18304	-23.06731	-33.30135	SAX_RV_FREEWALL	3	1.0	9
-9.94185	-24.17208	-34.32904	SAX_RV_FREEWALL	3	1.0	9
-12.70066	-25.27685	-35.35673	SAX_RV_FREEWALL	3	1.0	9
-14.92835	-25.27686	-37.07358	SAX_RV_FREEWALL	3	1.0	9
-17.15604	-25.27686	-38.79042	SAX_RV_FREEWALL	3	1.0	9
-19.91485	-26.38163	-39.81811	SAX_RV_FREEWALL	3	1.0	9
-25.96359	-29.69594	-41.18433	SAX_RV_EPICARDIAL	3	1.0	9
-27.66015	-28.59117	-43.59033	SAX_RV_EPICARDIAL	3	1.0	9
-29.88784	-28.59117	-45.30718	SAX_RV_EPICARDIAL	3	1.0	9
-32.11553	-28.59118	-47.02403	SAX_RV_EPICARDIAL	3	1.0	9
-33.81210	-27.48641	-49.43003	SAX_RV_EPICARDIAL	3	1.0	9
-36.03979	-27.48641	-51.14687	SAX_RV_EPICARDIAL	3	1.0	9
-38.26748	-27.48641	-52.86372	SAX_RV_EPICARDIAL	3	1.0	9
-39.96404	-26.38165	-55.26972	SAX_RV_EPICARDIAL	3	1.0	9
-42.19173	-26.38165	-56.98657	SAX_RV_EPICARDIAL	3	1.0	9
-43.88830	-25.27688	-59.39257	SAX_RV_EPICARDIAL	3	1.0	9
-45.58487	-24.17212	-61.79857	SAX_RV_EPICARDIAL	3	1.0	9
-47.28143	-23.06735	-64.20457	SAX_RV_EPICARDIAL	3	1.0	9
-47.33304	-20.85782	-66.44131	SAX_RV_EPICARDIAL	3	1.0	9
-48.49848	-18.64828	-69.53647	SAX_RV_EPICARDIAL	3	1.0	9
-49.66393	-16.43875	-72.63163	SAX_RV_EPICARDIAL	3	1.0	9
-48.60169	-14.22921	-74.00994	SAX_RV_EPICARDIAL	3	1.0	9
-48.65329	-12.01968	-76.24668	SAX_RV_EPICARDIAL	3	1.0	9
-47.59105	-9.81014	-77.62499	SAX_RV_EPICARDIAL	3	1.0	9
-46.52881	-7.60060	-79.00330	SAX_RV_EPICARDIAL	3	1.0	9
-45.46656	-5.39107	-80.38162	SAX_RV_EPICARDIAL	3	1.0	9
-44.40432	-3.18153	-81.75993	SAX_RV_EPICARDIAL	3	1.0	9
-42.22824	-0.97199	-82.27982	SAX_RV_EPICARDIAL	3	1.0	9
-40.05215	1.23755	-82.79971	SAX_RV_EPICARDIAL	3	1.0	9
-37.87606	3.44708	-83.31960	SAX_RV_EPICARDIAL	3	1.0	9
-34.58613	5.65662	-82.98107	SAX_RV_EPICARDIAL	3	1.0	9
-31.29620	7.86616	-82.64254	SAX_RV_EPICARDIAL	3	1.0	9
-28.00627	10.07570	-82.30401	SAX_RV_EPICARDIAL	3	1.0	9
-25.24746	11.18047	-81.27632	SAX_RV_EPICARDIAL	3	1.0	9
-21.95753	13.39001	-80.93779	SAX_RV_EPICARDIAL	3	1.0	9
-19.19872	14.49478	-79.91010	SAX_RV_EPICARDIAL	3	1.0	9
-16.43991	15.59955	-78.88241	SAX_RV_EPICARDIAL	3	1.0	9
-14.21223	15.59955	-77.16556	SAX_RV_EPICARDIAL	3	1.0	9
-11.45342	16.70432	-76.13787	SAX_RV_EPICARDIAL	3	1.0	9
-11.93294	13.39002	-73.21198	SAX_RV_EPICARDIAL	3	1.0	9
-12.99518	11.18048	-71.83367	SAX_RV_EPICARDIAL	3	1.0	9
10.96318	-13.12438	-29.20269	SAX_RV_EPICARDIAL	3	1.0	9
14.88743	-14.22915	-25.07984	SAX_RV_EPICARDIAL	3	1.0	9
12.71135	-16.43869	-24.55995	SAX_RV_EPICARDIAL	3	1.0	9
9.42142	-18.64823	-24.89848	SAX_RV_EPICARDIAL	3	1.0	9
6.13149	-20.85776	-25.23702	SAX_RV_EPICARDIAL	3	1.0	9
3.37268	-21.96253	-26.26470	SAX_RV_EPICARDIAL	3	1.0	9
0.08275	-24.17207	-26.60324	SAX_RV_EPICARDIAL	3	1.0	9
-2.67606	-25.27684	-27.63093	SAX_RV_EPICARDIAL	3	1.0	9
-5.43487	-26.38161	-28.65861	SAX_RV_EPICARDIAL	3	1.0	9
-8.19368	-27.48638	-29.68630	SAX_RV_EPICARDIAL	3	1.0	9
-10.95249	-28.59116	-30.71399	SAX_RV_EPICARDIAL	3	1.0	9
-13.18018	-28.59116	-32.43084	SAX_RV_EPICARDIAL	3	1.0	9
-15.93899	-29.69593	-33.45853	SAX_RV_EPICARDIAL	3	1.0	9
-18.16668	-29.69593	-35.17537	SAX_RV_EPICARDIAL	3	1.0	9
-20.39437	-29.69593	-36.89222	SAX_RV_EPICARDIAL	3	1.0	9
-22.62205	-29.69593	-38.60906	SAX_RV_EPICARDIAL	3	1.0	9
-24.84974	-29.69594	-40.32591	SAX_RV_EPICARDIAL	3	1.0	9
-14.10902	11.18048	-72.69209	SAX_RV_SEPTUM	3	1.0	9
-12.41245	10.07571	-70.28609	SAX_RV_SEPTUM	3	1.0	9
-12.36085	7.86618	-68.04935	SAX_RV_SEPTUM	3	1.0	9
-12.30925	5.65664	-65.81262	SAX_RV_SEPTUM	3	1.0	9
-12.25765	3.44711	-63.57588	SAX_RV_SEPTUM	3	1.0	9
-12.20604	1.23757	-61.33914	SAX_RV_SEPTUM	3	1.0	9
-12.15444	-0.97196	-59.10241	SAX_RV_SEPTUM	3	1.0	9
-10.98900	-3.18150	-56.00725	SAX_RV_SEPTUM	3	1.0	9
-10.93739	-5.39103	-53.77051	SAX_RV_SEPTUM	3	1.0	9
-9.77195	-7.60057	-50.67535	SAX_RV_SEPTUM	3	1.0	9
-8.07538	-8.70533	-48.26935	SAX_RV_SEPTUM	3	1.0	9
-6.90993	-10.91487	-45.17419	SAX_RV_SEPTUM	3	1.0	9
-5.21337	-12.01963	-42.76819	SAX_RV_SEPTUM	3	1.0	9
-2.98568	-12.01963	-41.05134	SAX_RV_SEPTUM	3	1.0	9
-1.28911	-13.12440	-38.64534	SAX_RV_SEPTUM	3	1.0	9
0.93858	-13.12439	-36.92849	SAX_RV_SEPTUM	3	1.0	9
3.16627	-13.12439	-35.21165	SAX_RV_SEPTUM	3	1.0	9
5.39396	-13.12439	-33.49480	SAX_RV_SEPTUM	3	1.0	9
7.62164	-13.12439	-31.77796	SAX_RV_SEPTUM	3	1.0	9
9.84933	-13.12439	-30.06111	SAX_RV_SEPTUM	3	1.0	9
10.43206	-14.22915	-28.51353	SAX_RV_SEPTUM	3	1.0	9
-9.75685	15.59956	-73.73187	SAX_LV_EPICARDIAL	3	1.0	9
-8.69461	17.80909	-75.11018	SAX_LV_EPICARDIAL	3	1.0	9
-6.51852	20.01863	-75.63008	SAX_LV_EPICARDIAL	3	1.0	9
-5.45628	22.22817	-77.00839	SAX_LV_EPICARDIAL	3	1.0	9
-3.28019	24.43770	-77.52828	SAX_LV_EPICARDIAL	3	1.0	9
-1.10411	26.64724	-78.04817	SAX_LV_EPICARDIAL	3	1.0	9
1.07198	28.85678	-78.56806	SAX_LV_EPICARDIAL	3	1.0	9
4.36191	31.06632	-78.22953	SAX_LV_EPICARDIAL	3	1.0	9
7.65184	33.27586	-77.89100	SAX_LV_EPICARDIAL	3	1.0	9
10.41065	34.38063	-76.86331	SAX_LV_EPICARDIAL	3	1.0	9
13.70058	36.59017	-76.52478	SAX_LV_EPICARDIAL	3	1.0	9
16.45939	37.69494	-75.49709	SAX_LV_EPICARDIAL	3	1.0	9
18.68708	37.69494	-73.78024	SAX_LV_EPICARDIAL	3	1.0	9
21.44589	38.79971	-72.75255	SAX_LV_EPICARDIAL	3	1.0	9
24.20470	39.90448	-71.72486	SAX_LV_EPICARDIAL	3	1.0	9
26.43238	39.90448	-70.00802	SAX_LV_EPICARDIAL	3	1.0	9
28.66007	39.90449	-68.29117	SAX_LV_EPICARDIAL	3	1.0	9
30.88776	39.90449	-66.57433	SAX_LV_EPICARDIAL	3	1.0	9
33.11545	39.90449	-64.85748	SAX_LV_EPICARDIAL	3	1.0	9
35.34314	39.90449	-63.14063	SAX_LV_EPICARDIAL	3	1.0	9
37.57083	39.90449	-61.42379	SAX_LV_EPICARDIAL	3	1.0	9
39.26739	38.79973	-59.01779	SAX_LV_EPICARDIAL	3	1.0	9
40.96396	37.69496	-56.61178	SAX_LV_EPICARDIAL	3	1.0	9
42.66053	36.59020	-54.20578	SAX_LV_EPICARDIAL	3	1.0	9
43.82598	34.38066	-51.11062	SAX_LV_EPICARDIAL	3	1.0	9
44.99142	32.17113	-48.01546	SAX_LV_EPICARDIAL	3	1.0	9
45.04302	29.96159	-45.77873	SAX_LV_EPICARDIAL	3	1.0	9
46.20847	27.75206	-42.68357	SAX_LV_EPICARDIAL	3	1.0	9
46.26007	25.54252	-40.44683	SAX_LV_EPICARDIAL	3	1.0	9
45.19783	23.33299	-39.06852	SAX_LV_EPICARDIAL	3	1.0	9
45.24943	21.12345	-36.83178	SAX_LV_EPICARDIAL	3	1.0	9
44.18719	18.91391	-35.45347	SAX_LV_EPICARDIAL	3	1.0	9
44.23879	16.70438	-33.21673	SAX_LV_EPICARDIAL	3	1.0	9
43.17655	14.49484	-31.83842	SAX_LV_EPICARDIAL	3	1.0	9
42.11431	12.28530	-30.46011	SAX_LV_EPICARDIAL	3	1.0	9
41.05207	10.07577	-29.08179	SAX_LV_EPICARDIAL	3	1.0	9
38.87598	7.86623	-28.56190	SAX_LV_EPICARDIAL	3	1.0	9
37.81374	5.65669	-27.18359	SAX_LV_EPICARDIAL	3	1.0	9
35.63765	3.44716	-26.66370	SAX_LV_EPICARDIAL	3	1.0	9
34.57541	1.23762	-25.28538	SAX_LV_EPICARDIAL	3	1.0	9
32.39933	-0.97192	-24.76549	SAX_LV_EPICARDIAL	3	1.0	9
29.10940	-3.18146	-25.10403	SAX_LV_EPICARDIAL	3	1.0	9
25.81947	-5.39100	-25.44256	SAX_LV_EPICARDIAL	3	1.0	9
22.52954	-7.60053	-25.78109	SAX_LV_EPICARDIAL	3	1.0	9
19.23961	-9.81007	-26.11962	SAX_LV_EPICARDIAL	3	1.0	9
16.48080	-10.91484	-27.14731	SAX_LV_EPICARDIAL	3	1.0	9
14.25311	-10.91485	-28.86416	SAX_LV_EPICARDIAL	3	1.0	9
7.89475	-0.97194	-43.65080	SAX_LV_ENDOCARDIAL	3	1.0	9
6.19819	0.13282	-46.05680	SAX_LV_ENDOCARDIAL	3	1.0	9
4.50162	1.23759	-48.46280	SAX_LV_ENDOCARDIAL	3	1.0	9
2.80505	2.34236	-50.86880	SAX_LV_ENDOCARDIAL	3	1.0	9
1.10848	3.44712	-53.27481	SAX_LV_ENDOCARDIAL	3	1.0	9
-0.05696	5.65666	-56.36996	SAX_LV_ENDOCARDIAL	3	1.0	9
-0.10857	7.86619	-58.60670	SAX_LV_ENDOCARDIAL	3	1.0	9
-1.27401	10.07573	-61.70186	SAX_LV_ENDOCARDIAL	3	1.0	9
-0.21177	12.28526	-63.08017	SAX_LV_ENDOCARDIAL	3	1.0	9
0.85047	14.49480	-64.45849	SAX_LV_ENDOCARDIAL	3	1.0	9
1.91271	16.70434	-65.83680	SAX_LV_ENDOCARDIAL	3	1.0	9
2.97496	18.91387	-67.21511	SAX_LV_ENDOCARDIAL	3	1.0	9
5.15104	21.12341	-67.73500	SAX_LV_ENDOCARDIAL	3	1.0	9
7.32713	23.33295	-68.25489	SAX_LV_ENDOCARDIAL	3	1.0	9
9.50321	25.54249	-68.77479	SAX_LV_ENDOCARDIAL	3	1.0	9
12.79314	27.75202	-68.43625	SAX_LV_ENDOCARDIAL	3	1.0	9
15.55195	28.85679	-67.40856	SAX_LV_ENDOCARDIAL	3	1.0	9
18.31076	29.96156	-66.38088	SAX_LV_ENDOCARDIAL	3	1.0	9
20.53845	29.96157	-64.66403	SAX_LV_ENDOCARDIAL	3	1.0	9
23.29726	31.06634	-63.63634	SAX_LV_ENDOCARDIAL	3	1.0	9
25.52495	31.06634	-61.91949	SAX_LV_ENDOCARDIAL	3	1.0	9
27.75264	31.06634	-60.20265	SAX_LV_ENDOCARDIAL	3	1.0	9
29.44921	29.96158	-57.79665	SAX_LV_ENDOCARDIAL	3	1.0	9
31.14577	28.85681	-55.39064	SAX_LV_ENDOCARDIAL	3	1.0	9
32.84234	27.75204	-52.98464	SAX_LV_ENDOCARDIAL	3	1.0	9
34.53891	26.64728	-50.57864	SAX_LV_ENDOCARDIAL	3	1.0	9
34.59051	24.43774	-48.34190	SAX_LV_ENDOCARDIAL	3	1.0	9
35.75596	22.22821	-45.24674	SAX_LV_ENDOCARDIAL	3	1.0	9
35.80756	20.01867	-43.01001	SAX_LV_ENDOCARDIAL	3	1.0	9
34.74532	17.80914	-41.63169	SAX_LV_ENDOCARDIAL	3	1.0	9
34.79692	15.59960	-39.39496	SAX_LV_ENDOCARDIAL	3	1.0	9
33.73468	13.39006	-38.01665	SAX_LV_ENDOCARDIAL	3	1.0	9
32.67244	11.18053	-36.63833	SAX_LV_ENDOCARDIAL	3	1.0	9
31.61019	8.97099	-35.26002	SAX_LV_ENDOCARDIAL	3	1.0	9
29.43411	6.76145	-34.74013	SAX_LV_ENDOCARDIAL	3	1.0	9
28.37187	4.55192	-33.36181	SAX_LV_ENDOCARDIAL	3	1.0	9
25.08194	2.34238	-33.70035	SAX_LV_ENDOCARDIAL	3	1.0	9
23.43697	1.23761	-33.86961	SAX_LV_ENDOCARDIAL	3	1.0	9
20.67816	0.13284	-34.89730	SAX_LV_ENDOCARDIAL	3	1.0	9
17.91935	-0.97193	-35.92499	SAX_LV_ENDOCARDIAL	3	1.0	9
15.69166	-0.97193	-37.64184	SAX_LV_ENDOCARDIAL	3	1.0	9
13.46397	-0.97194	-39.35868	SAX_LV_ENDOCARDIAL	3	1.0	9
11.23629	-0.97194	-41.07553	SAX_LV_ENDOCARDIAL	3	1.0	9
9.00860	-0.97194	-42.79237	SAX_LV_ENDOCARDIAL	3	1.0	9
10.43206	-14.22915	-28.51353	RV_INSERT	3	1.0	9
-14.10902	11.18048	-72.69209	RV_INSERT	3	1.0	9
-28.28932	-30.70404	-70.41816	SAX_RV_FREEWALL	4	1.0	9
-29.45476	-28.49450	-73.51332	SAX_RV_FREEWALL	4	1.0	9
-31.15133	-27.38974	-75.91932	SAX_RV_FREEWALL	4	1.0	9
-32.31678	-25.18020	-79.01448	SAX_RV_FREEWALL	4	1.0	9
-32.36838	-22.97067	-81.25122	SAX_RV_FREEWALL	4	1.0	9
-32.41998	-20.76113	-83.48795	SAX_RV_FREEWALL	4	1.0	9
-32.47158	-18.55160	-85.72469	SAX_RV_FREEWALL	4	1.0	9
-30.29550	-16.34206	-86.24458	SAX_RV_FREEWALL	4	1.0	9
-28.11941	-14.13252	-86.76447	SAX_RV_FREEWALL	4	1.0	9
-27.05717	-11.92299	-88.14279	SAX_RV_FREEWALL	4	1.0	9
-23.76724	-9.71345	-87.80425	SAX_RV_FREEWALL	4	1.0	9
-21.59115	-7.50391	-88.32414	SAX_RV_FREEWALL	4	1.0	9
-19.41507	-5.29437	-88.84403	SAX_RV_FREEWALL	4	1.0	9
-16.12514	-3.08483	-88.50550	SAX_RV_FREEWALL	4	1.0	9
-12.83521	-0.87529	-88.16697	SAX_RV_FREEWALL	4	1.0	9
-10.65912	1.33424	-88.68686	SAX_RV_FREEWALL	4	1.0	9
-7.90031	2.43901	-87.65917	SAX_RV_FREEWALL	4	1.0	9
-5.14150	3.54378	-86.63148	SAX_RV_FREEWALL	4	1.0	9
-2.38269	4.64856	-85.60379	SAX_RV_FREEWALL	4	1.0	9
4.38848	-22.97063	-52.92327	SAX_RV_FREEWALL	4	1.0	9
1.62967	-24.07540	-53.95095	SAX_RV_FREEWALL	4	1.0	9
-0.59802	-24.07540	-55.66780	SAX_RV_FREEWALL	4	1.0	9
-2.82571	-24.07541	-57.38465	SAX_RV_FREEWALL	4	1.0	9
-5.58452	-25.18018	-58.41233	SAX_RV_FREEWALL	4	1.0	9
-8.34333	-26.28495	-59.44002	SAX_RV_FREEWALL	4	1.0	9
-11.10214	-27.38972	-60.46771	SAX_RV_FREEWALL	4	1.0	9
-13.86094	-28.49449	-61.49540	SAX_RV_FREEWALL	4	1.0	9
-16.61975	-29.59926	-62.52309	SAX_RV_FREEWALL	4	1.0	9
-18.84744	-29.59926	-64.23994	SAX_RV_FREEWALL	4	1.0	9
-21.60625	-30.70403	-65.26762	SAX_RV_FREEWALL	4	1.0	9
-23.83394	-30.70403	-66.98447	SAX_RV_FREEWALL	4	1.0	9
-26.06163	-30.70404	-68.70132	SAX_RV_FREEWALL	4	1.0	9
-29.29996	-35.12311	-66.80311	SAX_RV_EPICARDIAL	4	1.0	9
-30.99652	-34.01834	-69.20911	SAX_RV_EPICARDIAL	4	1.0	9
-32.69309	-32.91358	-71.61512	SAX_RV_EPICARDIAL	4	1.0	9
-34.38966	-31.80881	-74.02112	SAX_RV_EPICARDIAL	4	1.0	9
-35.55511	-29.59928	-77.11628	SAX_RV_EPICARDIAL	4	1.0	9
-36.72055	-27.38974	-80.21144	SAX_RV_EPICARDIAL	4	1.0	9
-36.77215	-25.18021	-82.44817	SAX_RV_EPICARDIAL	4	1.0	9
-36.82376	-22.97067	-84.68491	SAX_RV_EPICARDIAL	4	1.0	9
-35.76152	-20.76114	-86.06322	SAX_RV_EPICARDIAL	4	1.0	9
-34.69927	-18.55160	-87.44154	SAX_RV_EPICARDIAL	4	1.0	9
-33.63703	-16.34206	-88.81985	SAX_RV_EPICARDIAL	4	1.0	9
-31.46095	-14.13253	-89.33974	SAX_RV_EPICARDIAL	4	1.0	9
-30.39870	-11.92299	-90.71805	SAX_RV_EPICARDIAL	4	1.0	9
-28.22262	-9.71345	-91.23794	SAX_RV_EPICARDIAL	4	1.0	9
-26.04653	-7.50391	-91.75784	SAX_RV_EPICARDIAL	4	1.0	9
-23.87045	-5.29438	-92.27773	SAX_RV_EPICARDIAL	4	1.0	9
-20.58051	-3.08484	-91.93919	SAX_RV_EPICARDIAL	4	1.0	9
-18.40443	-0.87530	-92.45908	SAX_RV_EPICARDIAL	4	1.0	9
-15.11450	1.33424	-92.12055	SAX_RV_EPICARDIAL	4	1.0	9
-11.82457	3.54378	-91.78202	SAX_RV_EPICARDIAL	4	1.0	9
-8.53464	5.75332	-91.44349	SAX_RV_EPICARDIAL	4	1.0	9
-5.77583	6.85809	-90.41580	SAX_RV_EPICARDIAL	4	1.0	9
-3.01702	7.96286	-89.38811	SAX_RV_EPICARDIAL	4	1.0	9
-0.25821	9.06763	-88.36042	SAX_RV_EPICARDIAL	4	1.0	9
1.96948	9.06763	-86.64358	SAX_RV_EPICARDIAL	4	1.0	9
1.48996	5.75333	-83.71768	SAX_RV_EPICARDIAL	4	1.0	9
9.37498	-21.86586	-50.17873	SAX_RV_EPICARDIAL	4	1.0	9
11.07154	-22.97063	-47.77273	SAX_RV_EPICARDIAL	4	1.0	9
7.78161	-25.18016	-48.11126	SAX_RV_EPICARDIAL	4	1.0	9
5.55393	-25.18017	-49.82811	SAX_RV_EPICARDIAL	4	1.0	9
2.79512	-26.28494	-50.85580	SAX_RV_EPICARDIAL	4	1.0	9
0.56743	-26.28494	-52.57264	SAX_RV_EPICARDIAL	4	1.0	9
-2.19138	-27.38971	-53.60033	SAX_RV_EPICARDIAL	4	1.0	9
-4.41907	-27.38971	-55.31718	SAX_RV_EPICARDIAL	4	1.0	9
-7.70900	-29.59925	-55.65571	SAX_RV_EPICARDIAL	4	1.0	9
-10.46781	-30.70402	-56.68340	SAX_RV_EPICARDIAL	4	1.0	9
-13.22662	-31.80879	-57.71109	SAX_RV_EPICARDIAL	4	1.0	9
-15.98543	-32.91356	-58.73877	SAX_RV_EPICARDIAL	4	1.0	9
-18.74424	-34.01833	-59.76646	SAX_RV_EPICARDIAL	4	1.0	9
-20.97193	-34.01833	-61.48331	SAX_RV_EPICARDIAL	4	1.0	9
-23.19961	-34.01834	-63.20015	SAX_RV_EPICARDIAL	4	1.0	9
-25.95842	-35.12311	-64.22784	SAX_RV_EPICARDIAL	4	1.0	9
-28.18611	-35.12311	-65.94469	SAX_RV_EPICARDIAL	4	1.0	9
-0.15501	4.64856	-83.88695	SAX_RV_SEPTUM	4	1.0	9
-0.10340	2.43902	-81.65021	SAX_RV_SEPTUM	4	1.0	9
-1.16564	0.22949	-80.27190	SAX_RV_SEPTUM	4	1.0	9
-2.22789	-1.98005	-78.89359	SAX_RV_SEPTUM	4	1.0	9
-2.17628	-4.18959	-76.65685	SAX_RV_SEPTUM	4	1.0	9
-2.12468	-6.39912	-74.42011	SAX_RV_SEPTUM	4	1.0	9
-2.07308	-8.60866	-72.18338	SAX_RV_SEPTUM	4	1.0	9
-2.02148	-10.81819	-69.94664	SAX_RV_SEPTUM	4	1.0	9
-0.85603	-13.02773	-66.85148	SAX_RV_SEPTUM	4	1.0	9
0.30942	-15.23726	-63.75632	SAX_RV_SEPTUM	4	1.0	9
1.47486	-17.44680	-60.66116	SAX_RV_SEPTUM	4	1.0	9
3.17143	-18.55156	-58.25516	SAX_RV_SEPTUM	4	1.0	9
4.86800	-19.65633	-55.84916	SAX_RV_SEPTUM	4	1.0	9
7.09569	-19.65633	-54.13231	SAX_RV_SEPTUM	4	1.0	9
8.79225	-20.76109	-51.72631	SAX_RV_SEPTUM	4	1.0	9
7.14729	-21.86586	-51.89558	SAX_RV_SEPTUM	4	1.0	9
4.19717	9.06763	-84.92673	SAX_LV_EPICARDIAL	4	1.0	9
6.37325	11.27717	-85.44662	SAX_LV_EPICARDIAL	4	1.0	9
8.54934	13.48671	-85.96651	SAX_LV_EPICARDIAL	4	1.0	9
10.72543	15.69625	-86.48640	SAX_LV_EPICARDIAL	4	1.0	9
14.01536	17.90578	-86.14787	SAX_LV_EPICARDIAL	4	1.0	9
17.30529	20.11532	-85.80934	SAX_LV_EPICARDIAL	4	1.0	9
20.59522	22.32486	-85.47080	SAX_LV_EPICARDIAL	4	1.0	9
23.35403	23.42963	-84.44312	SAX_LV_EPICARDIAL	4	1.0	9
26.11284	24.53440	-83.41543	SAX_LV_EPICARDIAL	4	1.0	9
28.87164	25.63917	-82.38774	SAX_LV_EPICARDIAL	4	1.0	9
31.09933	25.63918	-80.67089	SAX_LV_EPICARDIAL	4	1.0	9
33.85814	26.74395	-79.64320	SAX_LV_EPICARDIAL	4	1.0	9
36.08583	26.74395	-77.92636	SAX_LV_EPICARDIAL	4	1.0	9
38.31352	26.74395	-76.20951	SAX_LV_EPICARDIAL	4	1.0	9
40.54121	26.74395	-74.49267	SAX_LV_EPICARDIAL	4	1.0	9
42.23778	25.63919	-72.08666	SAX_LV_EPICARDIAL	4	1.0	9
44.46546	25.63919	-70.36982	SAX_LV_EPICARDIAL	4	1.0	9
46.16203	24.53442	-67.96382	SAX_LV_EPICARDIAL	4	1.0	9
47.85860	23.42966	-65.55781	SAX_LV_EPICARDIAL	4	1.0	9
49.02405	21.22012	-62.46266	SAX_LV_EPICARDIAL	4	1.0	9
50.72061	20.11536	-60.05665	SAX_LV_EPICARDIAL	4	1.0	9
50.77222	17.90582	-57.81992	SAX_LV_EPICARDIAL	4	1.0	9
51.93766	15.69629	-54.72476	SAX_LV_EPICARDIAL	4	1.0	9
51.98926	13.48675	-52.48802	SAX_LV_EPICARDIAL	4	1.0	9
50.92702	11.27721	-51.10971	SAX_LV_EPICARDIAL	4	1.0	9
50.97862	9.06768	-48.87297	SAX_LV_EPICARDIAL	4	1.0	9
49.91638	6.85814	-47.49466	SAX_LV_EPICARDIAL	4	1.0	9
49.96798	4.64861	-45.25792	SAX_LV_EPICARDIAL	4	1.0	9
48.90574	2.43907	-43.87961	SAX_LV_EPICARDIAL	4	1.0	9
46.72966	0.22953	-43.35972	SAX_LV_EPICARDIAL	4	1.0	9
45.66741	-1.98000	-41.98140	SAX_LV_EPICARDIAL	4	1.0	9
43.49133	-4.18954	-41.46151	SAX_LV_EPICARDIAL	4	1.0	9
42.42909	-6.39908	-40.08320	SAX_LV_EPICARDIAL	4	1.0	9
40.25300	-8.60862	-39.56331	SAX_LV_EPICARDIAL	4	1.0	9
38.07691	-10.81815	-39.04342	SAX_LV_EPICARDIAL	4	1.0	9
34.78698	-13.02769	-39.38195	SAX_LV_EPICARDIAL	4	1.0	9
31.49705	-15.23723	-39.72048	SAX_LV_EPICARDIAL	4	1.0	9
28.20712	-17.44677	-40.05902	SAX_LV_EPICARDIAL	4	1.0	9
25.44831	-18.55154	-41.08670	SAX_LV_EPICARDIAL	4	1.0	9
22.68951	-19.65631	-42.11439	SAX_LV_EPICARDIAL	4	1.0	9
19.93070	-20.76108	-43.14208	SAX_LV_EPICARDIAL	4	1.0	9
17.70301	-20.76108	-44.85893	SAX_LV_EPICARDIAL	4	1.0	9
15.47532	-20.76109	-46.57577	SAX_LV_EPICARDIAL	4	1.0	9
13.24763	-20.76109	-48.29262	SAX_LV_EPICARDIAL	4	1.0	9
18.02772	-10.81817	-54.49503	SAX_LV_ENDOCARDIAL	4	1.0	9
16.33115	-9.71341	-56.90103	SAX_LV_ENDOCARDIAL	4	1.0	9
14.63458	-8.60864	-59.30703	SAX_LV_ENDOCARDIAL	4	1.0	9
12.93802	-7.50387	-61.71304	SAX_LV_ENDOCARDIAL	4	1.0	9
11.24145	-6.39911	-64.11904	SAX_LV_ENDOCARDIAL	4	1.0	9
10.07600	-4.18957	-67.21420	SAX_LV_ENDOCARDIAL	4	1.0	9
10.02440	-1.98004	-69.45093	SAX_LV_ENDOCARDIAL	4	1.0	9
9.97280	0.22950	-71.68767	SAX_LV_ENDOCARDIAL	4	1.0	9
9.92120	2.43903	-73.92441	SAX_LV_ENDOCARDIAL	4	1.0	9
10.98344	4.64857	-75.30272	SAX_LV_ENDOCARDIAL	4	1.0	9
12.04568	6.85811	-76.68103	SAX_LV_ENDOCARDIAL	4	1.0	9
14.22177	9.06764	-77.20092	SAX_LV_ENDOCARDIAL	4	1.0	9
15.28401	11.27718	-78.57924	SAX_LV_ENDOCARDIAL	4	1.0	9
18.57394	13.48672	-78.24071	SAX_LV_ENDOCARDIAL	4	1.0	9
21.86387	15.69626	-77.90217	SAX_LV_ENDOCARDIAL	4	1.0	9
25.15380	17.90580	-77.56364	SAX_LV_ENDOCARDIAL	4	1.0	9
27.38149	17.90580	-75.84680	SAX_LV_ENDOCARDIAL	4	1.0	9
30.14030	19.01057	-74.81911	SAX_LV_ENDOCARDIAL	4	1.0	9
32.36798	19.01057	-73.10226	SAX_LV_ENDOCARDIAL	4	1.0	9
34.06455	17.90580	-70.69626	SAX_LV_ENDOCARDIAL	4	1.0	9
36.29224	17.90581	-68.97941	SAX_LV_ENDOCARDIAL	4	1.0	9
37.98881	16.80104	-66.57341	SAX_LV_ENDOCARDIAL	4	1.0	9
39.68538	15.69627	-64.16741	SAX_LV_ENDOCARDIAL	4	1.0	9
41.38194	14.59151	-61.76141	SAX_LV_ENDOCARDIAL	4	1.0	9
42.54739	12.38197	-58.66625	SAX_LV_ENDOCARDIAL	4	1.0	9
42.59899	10.17244	-56.42951	SAX_LV_ENDOCARDIAL	4	1.0	9
42.65059	7.96290	-54.19277	SAX_LV_ENDOCARDIAL	4	1.0	9
41.58835	5.75337	-52.81446	SAX_LV_ENDOCARDIAL	4	1.0	9
40.52611	3.54383	-51.43615	SAX_LV_ENDOCARDIAL	4	1.0	9
39.46387	1.33429	-50.05783	SAX_LV_ENDOCARDIAL	4	1.0	9
37.28778	-0.87524	-49.53794	SAX_LV_ENDOCARDIAL	4	1.0	9
36.22554	-3.08478	-48.15963	SAX_LV_ENDOCARDIAL	4	1.0	9
32.93561	-5.29432	-48.49816	SAX_LV_ENDOCARDIAL	4	1.0	9
29.64568	-7.50386	-48.83669	SAX_LV_ENDOCARDIAL	4	1.0	9
26.35575	-9.71340	-49.17523	SAX_LV_ENDOCARDIAL	4	1.0	9
23.59694	-10.81817	-50.20292	SAX_LV_ENDOCARDIAL	4	1.0	9
21.36925	-10.81817	-51.91976	SAX_LV_ENDOCARDIAL	4	1.0	9
19.14156	-10.81817	-53.63661	SAX_LV_ENDOCARDIAL	4	1.0	9
7.14729	-21.86586	-51.89558	RV_INSERT	4	1.0	9
-2.38269	4.64856	-85.60379	RV_INSERT	4	1.0	9
-3.45487	-26.18827	-84.21297	SAX_RV_FREEWALL	5	1.0	9
-5.15144	-25.08351	-86.61898	SAX_RV_FREEWALL	5	1.0	9
-6.31688	-22.87397	-89.71413	SAX_RV_FREEWALL	5	1.0	9
-5.25464	-20.66444	-91.09245	SAX_RV_FREEWALL	5	1.0	9
-3.07856	-18.45490	-91.61234	SAX_RV_FREEWALL	5	1.0	9
-0.90247	-16.24536	-92.13223	SAX_RV_FREEWALL	5	1.0	9
1.27362	-14.03582	-92.65212	SAX_RV_FREEWALL	5	1.0	9
3.44970	-11.82629	-93.17201	SAX_RV_FREEWALL	5	1.0	9
6.73963	-9.61675	-92.83348	SAX_RV_FREEWALL	5	1.0	9
9.49844	-8.51198	-91.80579	SAX_RV_FREEWALL	5	1.0	9
12.78837	-6.30244	-91.46726	SAX_RV_FREEWALL	5	1.0	9
10.92190	-21.76919	-77.52695	SAX_RV_FREEWALL	5	1.0	9
8.16309	-22.87396	-78.55464	SAX_RV_FREEWALL	5	1.0	9
5.93540	-22.87396	-80.27148	SAX_RV_FREEWALL	5	1.0	9
3.17659	-23.97873	-81.29917	SAX_RV_FREEWALL	5	1.0	9
0.41778	-25.08350	-82.32686	SAX_RV_FREEWALL	5	1.0	9
-2.34103	-26.18827	-83.35455	SAX_RV_FREEWALL	5	1.0	9
-7.80704	-30.60735	-83.17319	SAX_RV_EPICARDIAL	5	1.0	9
-9.50361	-29.50258	-85.57919	SAX_RV_EPICARDIAL	5	1.0	9
-10.66906	-27.29305	-88.67435	SAX_RV_EPICARDIAL	5	1.0	9
-10.72066	-25.08351	-90.91109	SAX_RV_EPICARDIAL	5	1.0	9
-10.77226	-22.87398	-93.14783	SAX_RV_EPICARDIAL	5	1.0	9
-9.71002	-20.66444	-94.52614	SAX_RV_EPICARDIAL	5	1.0	9
-7.53393	-18.45490	-95.04603	SAX_RV_EPICARDIAL	5	1.0	9
-5.35785	-16.24537	-95.56592	SAX_RV_EPICARDIAL	5	1.0	9
-3.18176	-14.03583	-96.08581	SAX_RV_EPICARDIAL	5	1.0	9
0.10817	-11.82629	-95.74728	SAX_RV_EPICARDIAL	5	1.0	9
2.28426	-9.61675	-96.26717	SAX_RV_EPICARDIAL	5	1.0	9
5.57419	-7.40721	-95.92864	SAX_RV_EPICARDIAL	5	1.0	9
8.33299	-6.30244	-94.90095	SAX_RV_EPICARDIAL	5	1.0	9
11.62293	-4.09290	-94.56242	SAX_RV_EPICARDIAL	5	1.0	9
14.38173	-2.98813	-93.53473	SAX_RV_EPICARDIAL	5	1.0	9
16.60942	-2.98813	-91.81788	SAX_RV_EPICARDIAL	5	1.0	9
14.84616	-22.87395	-73.40410	SAX_RV_EPICARDIAL	5	1.0	9
14.89776	-25.08349	-71.16736	SAX_RV_EPICARDIAL	5	1.0	9
12.67007	-25.08349	-72.88421	SAX_RV_EPICARDIAL	5	1.0	9
10.44238	-25.08349	-74.60106	SAX_RV_EPICARDIAL	5	1.0	9
7.68357	-26.18826	-75.62874	SAX_RV_EPICARDIAL	5	1.0	9
5.45588	-26.18827	-77.34559	SAX_RV_EPICARDIAL	5	1.0	9
2.16595	-28.39780	-77.68412	SAX_RV_EPICARDIAL	5	1.0	9
-0.59286	-29.50257	-78.71181	SAX_RV_EPICARDIAL	5	1.0	9
-2.82054	-29.50258	-80.42866	SAX_RV_EPICARDIAL	5	1.0	9
-5.57935	-30.60735	-81.45635	SAX_RV_EPICARDIAL	5	1.0	9
15.01606	-6.30244	-89.75041	SAX_RV_SEPTUM	5	1.0	9
15.59878	-7.40720	-88.20283	SAX_RV_SEPTUM	5	1.0	9
14.53654	-9.61674	-86.82452	SAX_RV_SEPTUM	5	1.0	9
14.58814	-11.82628	-84.58778	SAX_RV_SEPTUM	5	1.0	9
13.52590	-14.03581	-83.20947	SAX_RV_SEPTUM	5	1.0	9
13.57750	-16.24535	-80.97273	SAX_RV_SEPTUM	5	1.0	9
13.62911	-18.45488	-78.73600	SAX_RV_SEPTUM	5	1.0	9
13.68071	-20.66442	-76.49926	SAX_RV_SEPTUM	5	1.0	9
13.14959	-21.76919	-75.81010	SAX_RV_SEPTUM	5	1.0	9
20.46698	-25.08348	-66.87525	SAX_LV_EPICARDIAL	5	1.0	9
18.77041	-23.97872	-69.28125	SAX_LV_EPICARDIAL	5	1.0	9
17.07384	-22.87395	-71.68726	SAX_LV_EPICARDIAL	5	1.0	9
19.41983	-4.09290	-88.55346	SAX_LV_EPICARDIAL	5	1.0	9
21.59592	-1.88336	-89.07335	SAX_LV_EPICARDIAL	5	1.0	9
23.77201	0.32618	-89.59324	SAX_LV_EPICARDIAL	5	1.0	9
27.06194	2.53572	-89.25471	SAX_LV_EPICARDIAL	5	1.0	9
30.35187	4.74526	-88.91617	SAX_LV_EPICARDIAL	5	1.0	9
33.11068	5.85003	-87.88848	SAX_LV_EPICARDIAL	5	1.0	9
35.86949	6.95480	-86.86080	SAX_LV_EPICARDIAL	5	1.0	9
38.09717	6.95480	-85.14395	SAX_LV_EPICARDIAL	5	1.0	9
40.32486	6.95480	-83.42710	SAX_LV_EPICARDIAL	5	1.0	9
42.55255	6.95480	-81.71026	SAX_LV_EPICARDIAL	5	1.0	9
44.78024	6.95481	-79.99341	SAX_LV_EPICARDIAL	5	1.0	9
47.00793	6.95481	-78.27657	SAX_LV_EPICARDIAL	5	1.0	9
48.70450	5.85004	-75.87057	SAX_LV_EPICARDIAL	5	1.0	9
50.40106	4.74528	-73.46456	SAX_LV_EPICARDIAL	5	1.0	9
51.56651	2.53574	-70.36940	SAX_LV_EPICARDIAL	5	1.0	9
52.73196	0.32621	-67.27424	SAX_LV_EPICARDIAL	5	1.0	9
52.78356	-1.88333	-65.03751	SAX_LV_EPICARDIAL	5	1.0	9
52.83516	-4.09286	-62.80077	SAX_LV_EPICARDIAL	5	1.0	9
51.77292	-6.30240	-61.42246	SAX_LV_EPICARDIAL	5	1.0	9
50.71068	-8.51194	-60.04415	SAX_LV_EPICARDIAL	5	1.0	9
49.64844	-10.72147	-58.66583	SAX_LV_EPICARDIAL	5	1.0	9
48.58619	-12.93101	-57.28752	SAX_LV_EPICARDIAL	5	1.0	9
46.41011	-15.14055	-56.76763	SAX_LV_EPICARDIAL	5	1.0	9
44.23402	-17.35008	-56.24774	SAX_LV_EPICARDIAL	5	1.0	9
40.94409	-19.55962	-56.58627	SAX_LV_EPICARDIAL	5	1.0	9
37.65416	-21.76916	-56.92480	SAX_LV_EPICARDIAL	5	1.0	9
34.89535	-22.87393	-57.95249	SAX_LV_EPICARDIAL	5	1.0	9
32.13654	-23.97870	-58.98018	SAX_LV_EPICARDIAL	5	1.0	9
29.37773	-25.08347	-60.00787	SAX_LV_EPICARDIAL	5	1.0	9
27.15004	-25.08348	-61.72471	SAX_LV_EPICARDIAL	5	1.0	9
24.92236	-25.08348	-63.44156	SAX_LV_EPICARDIAL	5	1.0	9
22.69467	-25.08348	-65.15841	SAX_LV_EPICARDIAL	5	1.0	9
26.94364	-16.24533	-70.67166	SAX_LV_ENDOCARDIAL	5	1.0	9
25.24707	-15.14057	-73.07766	SAX_LV_ENDOCARDIAL	5	1.0	9
25.19547	-12.93103	-75.31440	SAX_LV_ENDOCARDIAL	5	1.0	9
24.03002	-10.72150	-78.40956	SAX_LV_ENDOCARDIAL	5	1.0	9
25.09226	-8.51196	-79.78787	SAX_LV_ENDOCARDIAL	5	1.0	9
26.15450	-6.30242	-81.16618	SAX_LV_ENDOCARDIAL	5	1.0	9
28.33059	-4.09289	-81.68607	SAX_LV_ENDOCARDIAL	5	1.0	9
31.62052	-1.88335	-81.34754	SAX_LV_ENDOCARDIAL	5	1.0	9
34.37933	-0.77858	-80.31985	SAX_LV_ENDOCARDIAL	5	1.0	9
36.60702	-0.77858	-78.60301	SAX_LV_ENDOCARDIAL	5	1.0	9
38.30358	-1.88334	-76.19700	SAX_LV_ENDOCARDIAL	5	1.0	9
40.53127	-1.88334	-74.48016	SAX_LV_ENDOCARDIAL	5	1.0	9
41.69672	-4.09287	-71.38500	SAX_LV_ENDOCARDIAL	5	1.0	9
41.74832	-6.30241	-69.14826	SAX_LV_ENDOCARDIAL	5	1.0	9
41.79992	-8.51194	-66.91153	SAX_LV_ENDOCARDIAL	5	1.0	9
40.73768	-10.72148	-65.53321	SAX_LV_ENDOCARDIAL	5	1.0	9
38.56160	-12.93102	-65.01332	SAX_LV_ENDOCARDIAL	5	1.0	9
35.27167	-15.14056	-65.35186	SAX_LV_ENDOCARDIAL	5	1.0	9
32.51286	-16.24533	-66.37954	SAX_LV_ENDOCARDIAL	5	1.0	9
30.28517	-16.24533	-68.09639	SAX_LV_ENDOCARDIAL	5	1.0	9
28.05748	-16.24533	-69.81324	SAX_LV_ENDOCARDIAL	5	1.0	9
13.14959	-21.76919	-75.81010	RV_INSERT	5	1.0	9
15.01606	-6.30244	-89.75041	RV_INSERT	5	1.0	9
21.96330	-22.77828	-96.46021	SAX_RV_FREEWALL	6	1.0	9
20.26673	-21.67351	-98.86621	SAX_RV_FREEWALL	6	1.0	9
19.10129	-19.46398	-101.96137	SAX_RV_FREEWALL	6	1.0	9
21.27737	-17.25444	-102.48126	SAX_RV_FREEWALL	6	1.0	9
23.50506	-17.25444	-100.76441	SAX_RV_FREEWALL	6	1.0	9
25.20163	-18.35920	-98.35841	SAX_RV_FREEWALL	6	1.0	9
24.13939	-20.56874	-96.98010	SAX_RV_FREEWALL	6	1.0	9
17.55953	-24.98782	-97.65716	SAX_RV_EPICARDIAL	6	1.0	9
15.86296	-23.88305	-100.06316	SAX_RV_EPICARDIAL	6	1.0	9
15.81136	-21.67351	-102.29990	SAX_RV_EPICARDIAL	6	1.0	9
15.75975	-19.46398	-104.53663	SAX_RV_EPICARDIAL	6	1.0	9
17.93584	-17.25444	-105.05653	SAX_RV_EPICARDIAL	6	1.0	9
21.22577	-15.04490	-104.71799	SAX_RV_EPICARDIAL	6	1.0	9
23.45346	-15.04490	-103.00115	SAX_RV_EPICARDIAL	6	1.0	9
25.68115	-15.04490	-101.28430	SAX_RV_EPICARDIAL	6	1.0	9
26.84659	-17.25443	-98.18914	SAX_RV_EPICARDIAL	6	1.0	9
26.89820	-19.46397	-95.95241	SAX_RV_EPICARDIAL	6	1.0	9
24.77371	-23.88304	-93.19578	SAX_RV_EPICARDIAL	6	1.0	9
22.01490	-24.98781	-94.22347	SAX_RV_EPICARDIAL	6	1.0	9
19.78721	-24.98781	-95.94031	SAX_RV_EPICARDIAL	6	1.0	9
29.33229	-28.30211	-85.28862	SAX_LV_EPICARDIAL	6	1.0	9
28.16685	-26.09257	-88.38378	SAX_LV_EPICARDIAL	6	1.0	9
27.00140	-23.88304	-91.47893	SAX_LV_EPICARDIAL	6	1.0	9
28.06364	-21.67350	-92.85725	SAX_LV_EPICARDIAL	6	1.0	9
29.12588	-19.46397	-94.23556	SAX_LV_EPICARDIAL	6	1.0	9
30.18813	-17.25443	-95.61387	SAX_LV_EPICARDIAL	6	1.0	9
32.36421	-15.04489	-96.13377	SAX_LV_EPICARDIAL	6	1.0	9
34.54030	-12.83535	-96.65366	SAX_LV_EPICARDIAL	6	1.0	9
37.83023	-10.62582	-96.31512	SAX_LV_EPICARDIAL	6	1.0	9
40.58904	-9.52104	-95.28743	SAX_LV_EPICARDIAL	6	1.0	9
42.81673	-9.52104	-93.57059	SAX_LV_EPICARDIAL	6	1.0	9
45.04441	-9.52104	-91.85374	SAX_LV_EPICARDIAL	6	1.0	9
46.74098	-10.62581	-89.44774	SAX_LV_EPICARDIAL	6	1.0	9
48.43755	-11.73057	-87.04174	SAX_LV_EPICARDIAL	6	1.0	9
48.48915	-13.94011	-84.80500	SAX_LV_EPICARDIAL	6	1.0	9
48.54075	-16.14964	-82.56827	SAX_LV_EPICARDIAL	6	1.0	9
47.47851	-18.35918	-81.18995	SAX_LV_EPICARDIAL	6	1.0	9
46.41627	-20.56872	-79.81164	SAX_LV_EPICARDIAL	6	1.0	9
44.24018	-22.77825	-79.29175	SAX_LV_EPICARDIAL	6	1.0	9
42.06410	-24.98779	-78.77186	SAX_LV_EPICARDIAL	6	1.0	9
38.77417	-27.19733	-79.11039	SAX_LV_EPICARDIAL	6	1.0	9
36.01536	-28.30210	-80.13808	SAX_LV_EPICARDIAL	6	1.0	9
33.78767	-28.30210	-81.85492	SAX_LV_EPICARDIAL	6	1.0	9
31.55998	-28.30211	-83.57177	SAX_LV_EPICARDIAL	6	1.0	9
34.74671	-21.67350	-87.70671	SAX_LV_ENDOCARDIAL	6	1.0	9
34.69510	-19.46396	-89.94345	SAX_LV_ENDOCARDIAL	6	1.0	9
35.75735	-17.25442	-91.32176	SAX_LV_ENDOCARDIAL	6	1.0	9
37.93343	-15.04489	-91.84165	SAX_LV_ENDOCARDIAL	6	1.0	9
40.16112	-15.04488	-90.12481	SAX_LV_ENDOCARDIAL	6	1.0	9
41.85769	-16.14965	-87.71880	SAX_LV_ENDOCARDIAL	6	1.0	9
40.79545	-18.35919	-86.34049	SAX_LV_ENDOCARDIAL	6	1.0	9
39.73320	-20.56872	-84.96218	SAX_LV_ENDOCARDIAL	6	1.0	9
36.97440	-21.67349	-85.98987	SAX_LV_ENDOCARDIAL	6	1.0	9
24.13939	-20.56874	-96.98010	RV_INSERT	6	1.0	9
25.20163	-18.35920	-98.35841	RV_INSERT	6	1.0	9
8.88543	19.53351	-31.15425	LAX_LV_ENDOCARDIAL	9	1.0	9
10.68822	17.36518	-32.54564	LAX_LV_ENDOCARDIAL	9	1.0	9
12.49101	15.19684	-33.93702	LAX_LV_ENDOCARDIAL	9	1.0	9
14.29380	13.02851	-35.32841	LAX_LV_ENDOCARDIAL	9	1.0	9
16.09659	10.86017	-36.71980	LAX_LV_ENDOCARDIAL	9	1.0	9
17.84434	8.65668	-36.70645	LAX_LV_ENDOCARDIAL	9	1.0	9
19.59209	6.45320	-36.69310	LAX_LV_ENDOCARDIAL	9	1.0	9
21.39488	4.28486	-38.08449	LAX_LV_ENDOCARDIAL	9	1.0	9
23.14262	2.08138	-38.07115	LAX_LV_ENDOCARDIAL	9	1.0	9
24.89037	-0.12211	-38.05780	LAX_LV_ENDOCARDIAL	9	1.0	9
26.69316	-2.29045	-39.44919	LAX_LV_ENDOCARDIAL	9	1.0	9
27.67712	-3.32189	-42.25198	LAX_LV_ENDOCARDIAL	9	1.0	9
28.66109	-4.35333	-45.05477	LAX_LV_ENDOCARDIAL	9	1.0	9
29.64505	-5.38477	-47.85756	LAX_LV_ENDOCARDIAL	9	1.0	9
30.62901	-6.41620	-50.66036	LAX_LV_ENDOCARDIAL	9	1.0	9
31.61297	-7.44764	-53.46315	LAX_LV_ENDOCARDIAL	9	1.0	9
33.47081	-9.58083	-56.25927	LAX_LV_ENDOCARDIAL	9	1.0	9
34.45477	-10.61227	-59.06206	LAX_LV_ENDOCARDIAL	9	1.0	9
35.43873	-11.64371	-61.86485	LAX_LV_ENDOCARDIAL	9	1.0	9
36.42270	-12.67515	-64.66765	LAX_LV_ENDOCARDIAL	9	1.0	9
37.40666	-13.70659	-67.47044	LAX_LV_ENDOCARDIAL	9	1.0	9
38.39062	-14.73803	-70.27323	LAX_LV_ENDOCARDIAL	9	1.0	9
38.50071	-14.66772	-73.08270	LAX_LV_ENDOCARDIAL	9	1.0	9
39.48467	-15.69916	-75.88549	LAX_LV_ENDOCARDIAL	9	1.0	9
39.59476	-15.62886	-78.69495	LAX_LV_ENDOCARDIAL	9	1.0	9
40.57873	-16.66030	-81.49775	LAX_LV_ENDOCARDIAL	9	1.0	9
40.68881	-16.58999	-84.30721	LAX_LV_ENDOCARDIAL	9	1.0	9
40.79890	-16.51969	-87.11668	LAX_LV_ENDOCARDIAL	9	1.0	9
40.03512	-15.34764	-89.93281	LAX_LV_ENDOCARDIAL	9	1.0	9
39.21629	-14.21075	-91.34422	LAX_LV_ENDOCARDIAL	9	1.0	9
37.46854	-12.00726	-91.35757	LAX_LV_ENDOCARDIAL	9	1.0	9
35.66575	-9.83893	-89.96618	LAX_LV_ENDOCARDIAL	9	1.0	9
33.86296	-7.67059	-88.57479	LAX_LV_ENDOCARDIAL	9	1.0	9
32.06017	-5.50226	-87.18341	LAX_LV_ENDOCARDIAL	9	1.0	9
30.25738	-3.33392	-85.79202	LAX_LV_ENDOCARDIAL	9	1.0	9
28.45459	-1.16559	-84.40063	LAX_LV_ENDOCARDIAL	9	1.0	9
26.65180	1.00275	-83.00924	LAX_LV_ENDOCARDIAL	9	1.0	9
24.84901	3.17108	-81.61786	LAX_LV_ENDOCARDIAL	9	1.0	9
23.04622	5.33942	-80.22647	LAX_LV_ENDOCARDIAL	9	1.0	9
21.24342	7.50775	-78.83508	LAX_LV_ENDOCARDIAL	9	1.0	9
19.44063	9.67609	-77.44370	LAX_LV_ENDOCARDIAL	9	1.0	9
17.69289	11.87958	-77.45704	LAX_LV_ENDOCARDIAL	9	1.0	9
15.89010	14.04791	-76.06566	LAX_LV_ENDOCARDIAL	9	1.0	9
14.08730	16.21625	-74.67427	LAX_LV_ENDOCARDIAL	9	1.0	9
12.28451	18.38458	-73.28288	LAX_LV_ENDOCARDIAL	9	1.0	9
10.48172	20.55292	-71.89150	LAX_LV_ENDOCARDIAL	9	1.0	9
8.67893	22.72125	-70.50011	LAX_LV_ENDOCARDIAL	9	1.0	9
6.87614	24.88959	-69.10872	LAX_LV_ENDOCARDIAL	9	1.0	9
5.07335	27.05792	-67.71734	LAX_LV_ENDOCARDIAL	9	1.0	9
3.27056	29.22626	-66.32595	LAX_LV_ENDOCARDIAL	9	1.0	9
1.52281	31.42974	-66.33929	LAX_LV_ENDOCARDIAL	9	1.0	9
-0.27998	33.59808	-64.94791	LAX_LV_ENDOCARDIAL	9	1.0	9
-2.02773	35.80156	-64.96125	LAX_LV_ENDOCARDIAL	9	1.0	9
-2.13782	35.73126	-62.15179	LAX_LV_ENDOCARDIAL	9	1.0	9
17.34894	8.34032	-24.06386	LAX_LV_EPICARDIAL	9	1.0	9
19.15173	6.17198	-25.45524	LAX_LV_EPICARDIAL	9	1.0	9
20.89948	3.96850	-25.44190	LAX_LV_EPICARDIAL	9	1.0	9
22.70227	1.80016	-26.83328	LAX_LV_EPICARDIAL	9	1.0	9
24.45001	-0.40333	-26.81994	LAX_LV_EPICARDIAL	9	1.0	9
26.25281	-2.57166	-28.21133	LAX_LV_EPICARDIAL	9	1.0	9
28.05560	-4.74000	-29.60271	LAX_LV_EPICARDIAL	9	1.0	9
29.80334	-6.94348	-29.58937	LAX_LV_EPICARDIAL	9	1.0	9
31.66118	-9.07667	-32.38549	LAX_LV_EPICARDIAL	9	1.0	9
32.64514	-10.10811	-35.18828	LAX_LV_EPICARDIAL	9	1.0	9
34.50298	-12.24129	-37.98440	LAX_LV_EPICARDIAL	9	1.0	9
35.48694	-13.27273	-40.78719	LAX_LV_EPICARDIAL	9	1.0	9
36.47090	-14.30417	-43.58998	LAX_LV_EPICARDIAL	9	1.0	9
38.32874	-16.43735	-46.38610	LAX_LV_EPICARDIAL	9	1.0	9
39.31270	-17.46879	-49.18889	LAX_LV_EPICARDIAL	9	1.0	9
39.42279	-17.39849	-51.99836	LAX_LV_EPICARDIAL	9	1.0	9
40.40675	-18.42993	-54.80115	LAX_LV_EPICARDIAL	9	1.0	9
41.39071	-19.46137	-57.60395	LAX_LV_EPICARDIAL	9	1.0	9
42.37468	-20.49281	-60.40674	LAX_LV_EPICARDIAL	9	1.0	9
42.48477	-20.42250	-63.21620	LAX_LV_EPICARDIAL	9	1.0	9
43.46873	-21.45394	-66.01900	LAX_LV_EPICARDIAL	9	1.0	9
43.57882	-21.38364	-68.82846	LAX_LV_EPICARDIAL	9	1.0	9
44.56278	-22.41508	-71.63125	LAX_LV_EPICARDIAL	9	1.0	9
44.67287	-22.34477	-74.44072	LAX_LV_EPICARDIAL	9	1.0	9
44.78296	-22.27447	-77.25018	LAX_LV_EPICARDIAL	9	1.0	9
44.89305	-22.20417	-80.05965	LAX_LV_EPICARDIAL	9	1.0	9
45.00314	-22.13386	-82.86911	LAX_LV_EPICARDIAL	9	1.0	9
45.11323	-22.06356	-85.67858	LAX_LV_EPICARDIAL	9	1.0	9
45.22331	-21.99326	-88.48804	LAX_LV_EPICARDIAL	9	1.0	9
44.45953	-20.82121	-91.30418	LAX_LV_EPICARDIAL	9	1.0	9
44.56962	-20.75090	-94.11365	LAX_LV_EPICARDIAL	9	1.0	9
43.80584	-19.57886	-96.92979	LAX_LV_EPICARDIAL	9	1.0	9
42.16818	-17.30507	-99.75260	LAX_LV_EPICARDIAL	9	1.0	9
40.42043	-15.10158	-99.76594	LAX_LV_EPICARDIAL	9	1.0	9
38.67268	-12.89809	-99.77929	LAX_LV_EPICARDIAL	9	1.0	9
36.92494	-10.69461	-99.79264	LAX_LV_EPICARDIAL	9	1.0	9
35.12215	-8.52627	-98.40125	LAX_LV_EPICARDIAL	9	1.0	9
33.37440	-6.32278	-98.41459	LAX_LV_EPICARDIAL	9	1.0	9
31.57161	-4.15445	-97.02321	LAX_LV_EPICARDIAL	9	1.0	9
29.82386	-1.95096	-97.03655	LAX_LV_EPICARDIAL	9	1.0	9
28.02107	0.21737	-95.64517	LAX_LV_EPICARDIAL	9	1.0	9
26.27333	2.42086	-95.65851	LAX_LV_EPICARDIAL	9	1.0	9
24.47053	4.58919	-94.26712	LAX_LV_EPICARDIAL	9	1.0	9
22.66774	6.75753	-92.87574	LAX_LV_EPICARDIAL	9	1.0	9
20.92000	8.96102	-92.88908	LAX_LV_EPICARDIAL	9	1.0	9
19.11721	11.12935	-91.49770	LAX_LV_EPICARDIAL	9	1.0	9
17.31441	13.29769	-90.10631	LAX_LV_EPICARDIAL	9	1.0	9
15.56667	15.50117	-90.11966	LAX_LV_EPICARDIAL	9	1.0	9
13.76388	17.66951	-88.72827	LAX_LV_EPICARDIAL	9	1.0	9
11.96109	19.83784	-87.33688	LAX_LV_EPICARDIAL	9	1.0	9
10.21334	22.04133	-87.35023	LAX_LV_EPICARDIAL	9	1.0	9
8.41055	24.20967	-85.95884	LAX_LV_EPICARDIAL	9	1.0	9
6.60776	26.37800	-84.56745	LAX_LV_EPICARDIAL	9	1.0	9
4.80497	28.54634	-83.17607	LAX_LV_EPICARDIAL	9	1.0	9
3.00217	30.71467	-81.78468	LAX_LV_EPICARDIAL	9	1.0	9
1.19938	32.88301	-80.39329	LAX_LV_EPICARDIAL	9	1.0	9
-0.60341	35.05134	-79.00191	LAX_LV_EPICARDIAL	9	1.0	9
-2.46124	37.18452	-76.20579	LAX_LV_EPICARDIAL	9	1.0	9
-3.44521	38.21596	-73.40299	LAX_LV_EPICARDIAL	9	1.0	9
-3.55530	38.14566	-70.59353	LAX_LV_EPICARDIAL	9	1.0	9
-3.66538	38.07536	-67.78406	LAX_LV_EPICARDIAL	9	1.0	9
-2.90160	36.90331	-64.96793	LAX_LV_EPICARDIAL	9	1.0	9
-2.13782	35.73126	-62.15179	LAX_LV_EPICARDIAL	9	1.0	9
8.66525	19.39290	-25.53532	LAX_LV_EPICARDIAL	9	1.0	9
10.41300	17.18942	-25.52197	LAX_LV_EPICARDIAL	9	1.0	9
12.10570	14.95078	-24.10389	LAX_LV_EPICARDIAL	9	1.0	9
13.85345	12.74729	-24.09055	LAX_LV_EPICARDIAL	9	1.0	9
15.60119	10.54380	-24.07720	LAX_LV_EPICARDIAL	9	1.0	9
-2.24791	35.66096	-59.34232	MITRAL_VALVE	9	1.0	9
6.20876	22.80359	-29.76953	MITRAL_VALVE	9	1.0	9
-21.39739	-11.88041	-14.15594	LAX_RV_FREEWALL	8	1.0	1.0
-20.15133	-14.59731	-16.78009	LAX_RV_FREEWALL	8	1.0	1.0
-18.62637	-15.95576	-19.17106	LAX_RV_FREEWALL	8	1.0	1.0
-17.10140	-17.31421	-21.56204	LAX_RV_FREEWALL	8	1.0	1.0
-15.57643	-18.67266	-23.95302	LAX_RV_FREEWALL	8	1.0	1.0
-14.05146	-20.03111	-26.34400	LAX_RV_FREEWALL	8	1.0	1.0
-12.52649	-21.38956	-28.73498	LAX_RV_FREEWALL	8	1.0	1.0
-10.72261	-21.38956	-30.89280	LAX_RV_FREEWALL	8	1.0	1.0
-9.19764	-22.74801	-33.28378	LAX_RV_FREEWALL	8	1.0	1.0
-7.39376	-22.74801	-35.44160	LAX_RV_FREEWALL	8	1.0	1.0
-5.58988	-22.74802	-37.59941	LAX_RV_FREEWALL	8	1.0	1.0
-3.78600	-22.74802	-39.75723	LAX_RV_FREEWALL	8	1.0	1.0
-1.98212	-22.74802	-41.91505	LAX_RV_FREEWALL	8	1.0	1.0
-0.17824	-22.74802	-44.07287	LAX_RV_FREEWALL	8	1.0	1.0
1.62565	-22.74802	-46.23068	LAX_RV_FREEWALL	8	1.0	1.0
3.42953	-22.74802	-48.38850	LAX_RV_FREEWALL	8	1.0	1.0
5.23341	-22.74803	-50.54632	LAX_RV_FREEWALL	8	1.0	1.0
7.03729	-22.74803	-52.70414	LAX_RV_FREEWALL	8	1.0	1.0
-7.03154	-7.80508	-29.64009	LAX_RV_FREEWALL	8	1.0	1.0
-8.83542	-7.80507	-27.48227	LAX_RV_FREEWALL	8	1.0	1.0
-10.63930	-7.80507	-25.32445	LAX_RV_FREEWALL	8	1.0	1.0
-12.44319	-7.80507	-23.16664	LAX_RV_FREEWALL	8	1.0	1.0
-14.24707	-7.80507	-21.00882	LAX_RV_FREEWALL	8	1.0	1.0
-16.05095	-7.80507	-18.85100	LAX_RV_FREEWALL	8	1.0	1.0
-17.85483	-7.80506	-16.69318	LAX_RV_FREEWALL	8	1.0	1.0
-19.65871	-7.80506	-14.53537	LAX_RV_FREEWALL	8	1.0	1.0
-21.11848	-10.52196	-13.92278	LAX_RV_FREEWALL	8	1.0	1.0
-24.03801	-15.95575	-12.69761	LAX_RV_EPICARDIAL	8	1.0	1.0
-22.79195	-18.67265	-15.32175	LAX_RV_EPICARDIAL	8	1.0	1.0
-21.26699	-20.03110	-17.71273	LAX_RV_EPICARDIAL	8	1.0	1.0
-19.74202	-21.38955	-20.10371	LAX_RV_EPICARDIAL	8	1.0	1.0
-17.93814	-21.38956	-22.26153	LAX_RV_EPICARDIAL	8	1.0	1.0
-16.41317	-22.74801	-24.65251	LAX_RV_EPICARDIAL	8	1.0	1.0
-14.88820	-24.10646	-27.04349	LAX_RV_EPICARDIAL	8	1.0	1.0
-13.08432	-24.10646	-29.20131	LAX_RV_EPICARDIAL	8	1.0	1.0
-11.55935	-25.46491	-31.59229	LAX_RV_EPICARDIAL	8	1.0	1.0
-9.75547	-25.46491	-33.75010	LAX_RV_EPICARDIAL	8	1.0	1.0
-8.23050	-26.82336	-36.14108	LAX_RV_EPICARDIAL	8	1.0	1.0
-6.42662	-26.82336	-38.29890	LAX_RV_EPICARDIAL	8	1.0	1.0
-4.62274	-26.82336	-40.45672	LAX_RV_EPICARDIAL	8	1.0	1.0
-2.81886	-26.82337	-42.61453	LAX_RV_EPICARDIAL	8	1.0	1.0
-0.73606	-25.46492	-44.53919	LAX_RV_EPICARDIAL	8	1.0	1.0
1.06782	-25.46492	-46.69701	LAX_RV_EPICARDIAL	8	1.0	1.0
2.87170	-25.46492	-48.85483	LAX_RV_EPICARDIAL	8	1.0	1.0
4.67558	-25.46492	-51.01264	LAX_RV_EPICARDIAL	8	1.0	1.0
6.47946	-25.46493	-53.17046	LAX_RV_EPICARDIAL	8	1.0	1.0
8.28334	-25.46493	-55.32828	LAX_RV_EPICARDIAL	8	1.0	1.0
10.36614	-24.10648	-57.25293	LAX_RV_EPICARDIAL	8	1.0	1.0
-8.90063	-3.72973	-25.70388	LAX_RV_EPICARDIAL	8	1.0	1.0
-10.70451	-3.72972	-23.54606	LAX_RV_EPICARDIAL	8	1.0	1.0
-12.50839	-3.72972	-21.38824	LAX_RV_EPICARDIAL	8	1.0	1.0
-14.59118	-5.08817	-19.46359	LAX_RV_EPICARDIAL	8	1.0	1.0
-16.39506	-5.08817	-17.30577	LAX_RV_EPICARDIAL	8	1.0	1.0
-18.47786	-6.44662	-15.38111	LAX_RV_EPICARDIAL	8	1.0	1.0
-20.28174	-6.44661	-13.22330	LAX_RV_EPICARDIAL	8	1.0	1.0
-21.74150	-9.16351	-12.61071	LAX_RV_EPICARDIAL	8	1.0	1.0
-23.20127	-11.88041	-11.99813	LAX_RV_EPICARDIAL	8	1.0	1.0
-23.75910	-14.59730	-12.46445	LAX_RV_EPICARDIAL	8	1.0	1.0
8.84117	-22.74803	-54.86195	LAX_RV_SEPTUM	8	1.0	1.0
8.49706	-20.03113	-53.31672	LAX_RV_SEPTUM	8	1.0	1.0
6.97209	-18.67268	-50.92574	LAX_RV_SEPTUM	8	1.0	1.0
5.16821	-18.67268	-48.76792	LAX_RV_SEPTUM	8	1.0	1.0
3.64324	-17.31423	-46.37694	LAX_RV_SEPTUM	8	1.0	1.0
2.11827	-15.95578	-43.98597	LAX_RV_SEPTUM	8	1.0	1.0
0.87221	-13.23888	-41.36182	LAX_RV_SEPTUM	8	1.0	1.0
-0.65276	-11.88043	-38.97085	LAX_RV_SEPTUM	8	1.0	1.0
-2.17772	-10.52198	-36.57987	LAX_RV_SEPTUM	8	1.0	1.0
-3.70269	-9.16353	-34.18889	LAX_RV_SEPTUM	8	1.0	1.0
-5.22766	-7.80508	-31.79791	LAX_RV_SEPTUM	8	1.0	1.0
-6.47372	-5.08818	-29.17377	LAX_LV_EPICARDIAL	8	1.0	1.0
11.82591	-21.38958	-57.86552	LAX_LV_EPICARDIAL	8	1.0	1.0
13.07196	-24.10648	-60.48966	LAX_LV_EPICARDIAL	8	1.0	1.0
14.87584	-24.10648	-62.64748	LAX_LV_EPICARDIAL	8	1.0	1.0
16.67972	-24.10649	-64.80529	LAX_LV_EPICARDIAL	8	1.0	1.0
18.20469	-25.46494	-67.19627	LAX_LV_EPICARDIAL	8	1.0	1.0
20.00857	-25.46494	-69.35409	LAX_LV_EPICARDIAL	8	1.0	1.0
21.53354	-26.82339	-71.74507	LAX_LV_EPICARDIAL	8	1.0	1.0
23.33742	-26.82339	-73.90289	LAX_LV_EPICARDIAL	8	1.0	1.0
25.14130	-26.82339	-76.06071	LAX_LV_EPICARDIAL	8	1.0	1.0
26.66627	-28.18184	-78.45169	LAX_LV_EPICARDIAL	8	1.0	1.0
28.47015	-28.18184	-80.60950	LAX_LV_EPICARDIAL	8	1.0	1.0
30.55295	-26.82340	-82.53416	LAX_LV_EPICARDIAL	8	1.0	1.0
32.35683	-26.82340	-84.69198	LAX_LV_EPICARDIAL	8	1.0	1.0
34.16071	-26.82340	-86.84979	LAX_LV_EPICARDIAL	8	1.0	1.0
36.24350	-25.46495	-88.77445	LAX_LV_EPICARDIAL	8	1.0	1.0
38.04739	-25.46496	-90.93227	LAX_LV_EPICARDIAL	8	1.0	1.0
40.40909	-22.74806	-92.62376	LAX_LV_EPICARDIAL	8	1.0	1.0
42.77080	-20.03116	-94.31525	LAX_LV_EPICARDIAL	8	1.0	1.0
44.23057	-17.31427	-94.92784	LAX_LV_EPICARDIAL	8	1.0	1.0
45.69033	-14.59737	-95.54042	LAX_LV_EPICARDIAL	8	1.0	1.0
46.24816	-11.88047	-95.07410	LAX_LV_EPICARDIAL	8	1.0	1.0
45.90404	-9.16358	-93.52887	LAX_LV_EPICARDIAL	8	1.0	1.0
46.46187	-6.44668	-93.06254	LAX_LV_EPICARDIAL	8	1.0	1.0
46.11775	-3.72978	-91.51731	LAX_LV_EPICARDIAL	8	1.0	1.0
44.87170	-1.01288	-88.89317	LAX_LV_EPICARDIAL	8	1.0	1.0
45.42952	1.70402	-88.42685	LAX_LV_EPICARDIAL	8	1.0	1.0
45.08541	4.42092	-86.88161	LAX_LV_EPICARDIAL	8	1.0	1.0
44.74129	7.13781	-85.33638	LAX_LV_EPICARDIAL	8	1.0	1.0
44.39718	9.85471	-83.79115	LAX_LV_EPICARDIAL	8	1.0	1.0
44.05306	12.57161	-82.24592	LAX_LV_EPICARDIAL	8	1.0	1.0
43.70895	15.28851	-80.70068	LAX_LV_EPICARDIAL	8	1.0	1.0
42.46289	18.00541	-78.07654	LAX_LV_EPICARDIAL	8	1.0	1.0
42.11878	20.72231	-76.53131	LAX_LV_EPICARDIAL	8	1.0	1.0
41.77466	23.43921	-74.98608	LAX_LV_EPICARDIAL	8	1.0	1.0
41.43055	26.15610	-73.44084	LAX_LV_EPICARDIAL	8	1.0	1.0
40.18449	28.87300	-70.81670	LAX_LV_EPICARDIAL	8	1.0	1.0
39.84038	31.58990	-69.27147	LAX_LV_EPICARDIAL	8	1.0	1.0
38.59432	34.30680	-66.64733	LAX_LV_EPICARDIAL	8	1.0	1.0
37.34827	37.02370	-64.02319	LAX_LV_EPICARDIAL	8	1.0	1.0
36.10221	39.74060	-61.39905	LAX_LV_EPICARDIAL	8	1.0	1.0
34.57724	41.09905	-59.00807	LAX_LV_EPICARDIAL	8	1.0	1.0
33.33119	43.81595	-56.38393	LAX_LV_EPICARDIAL	8	1.0	1.0
31.80622	45.17440	-53.99295	LAX_LV_EPICARDIAL	8	1.0	1.0
30.00234	45.17440	-51.83513	LAX_LV_EPICARDIAL	8	1.0	1.0
28.47737	46.53285	-49.44415	LAX_LV_EPICARDIAL	8	1.0	1.0
26.67349	46.53285	-47.28633	LAX_LV_EPICARDIAL	8	1.0	1.0
24.86961	46.53285	-45.12852	LAX_LV_EPICARDIAL	8	1.0	1.0
23.06572	46.53286	-42.97070	LAX_LV_EPICARDIAL	8	1.0	1.0
20.98293	45.17441	-41.04604	LAX_LV_EPICARDIAL	8	1.0	1.0
0.00648	22.08080	-25.58944	LAX_LV_EPICARDIAL	8	1.0	1.0
-2.07631	20.72235	-23.66478	LAX_LV_EPICARDIAL	8	1.0	1.0
-3.88019	20.72235	-21.50696	LAX_LV_EPICARDIAL	8	1.0	1.0
-3.89830	3.06251	-28.85370	LAX_LV_ENDOCARDIAL	8	1.0	1.0
-1.81550	4.42096	-30.77836	LAX_LV_ENDOCARDIAL	8	1.0	1.0
0.26729	5.77941	-32.70301	LAX_LV_ENDOCARDIAL	8	1.0	1.0
2.35008	7.13785	-34.62767	LAX_LV_ENDOCARDIAL	8	1.0	1.0
4.15396	7.13785	-36.78549	LAX_LV_ENDOCARDIAL	8	1.0	1.0
5.67893	5.77940	-39.17647	LAX_LV_ENDOCARDIAL	8	1.0	1.0
7.20390	4.42095	-41.56745	LAX_LV_ENDOCARDIAL	8	1.0	1.0
8.72887	3.06250	-43.95843	LAX_LV_ENDOCARDIAL	8	1.0	1.0
9.07299	0.34560	-45.50366	LAX_LV_ENDOCARDIAL	8	1.0	1.0
10.59795	-1.01285	-47.89464	LAX_LV_ENDOCARDIAL	8	1.0	1.0
11.84401	-3.72975	-50.51878	LAX_LV_ENDOCARDIAL	8	1.0	1.0
13.36898	-5.08820	-52.90976	LAX_LV_ENDOCARDIAL	8	1.0	1.0
14.61503	-7.80510	-55.53390	LAX_LV_ENDOCARDIAL	8	1.0	1.0
16.14000	-9.16355	-57.92488	LAX_LV_ENDOCARDIAL	8	1.0	1.0
17.66497	-10.52200	-60.31586	LAX_LV_ENDOCARDIAL	8	1.0	1.0
19.18994	-11.88045	-62.70684	LAX_LV_ENDOCARDIAL	8	1.0	1.0
20.99382	-11.88045	-64.86466	LAX_LV_ENDOCARDIAL	8	1.0	1.0
22.51879	-13.23890	-67.25563	LAX_LV_ENDOCARDIAL	8	1.0	1.0
24.32267	-13.23890	-69.41345	LAX_LV_ENDOCARDIAL	8	1.0	1.0
25.84764	-14.59735	-71.80443	LAX_LV_ENDOCARDIAL	8	1.0	1.0
27.37261	-15.95580	-74.19541	LAX_LV_ENDOCARDIAL	8	1.0	1.0
29.17649	-15.95580	-76.35323	LAX_LV_ENDOCARDIAL	8	1.0	1.0
30.70146	-17.31425	-78.74421	LAX_LV_ENDOCARDIAL	8	1.0	1.0
32.50534	-17.31426	-80.90202	LAX_LV_ENDOCARDIAL	8	1.0	1.0
34.30922	-17.31426	-83.05984	LAX_LV_ENDOCARDIAL	8	1.0	1.0
36.11310	-17.31426	-85.21766	LAX_LV_ENDOCARDIAL	8	1.0	1.0
37.91698	-17.31426	-87.37548	LAX_LV_ENDOCARDIAL	8	1.0	1.0
39.72086	-17.31426	-89.53330	LAX_LV_ENDOCARDIAL	8	1.0	1.0
41.18063	-14.59737	-90.14588	LAX_LV_ENDOCARDIAL	8	1.0	1.0
40.83651	-11.88047	-88.60065	LAX_LV_ENDOCARDIAL	8	1.0	1.0
39.31155	-10.52202	-86.20967	LAX_LV_ENDOCARDIAL	8	1.0	1.0
38.06549	-7.80512	-83.58553	LAX_LV_ENDOCARDIAL	8	1.0	1.0
36.81943	-5.08822	-80.96139	LAX_LV_ENDOCARDIAL	8	1.0	1.0
35.57338	-2.37132	-78.33724	LAX_LV_ENDOCARDIAL	8	1.0	1.0
35.22926	0.34558	-76.79201	LAX_LV_ENDOCARDIAL	8	1.0	1.0
33.98321	3.06248	-74.16787	LAX_LV_ENDOCARDIAL	8	1.0	1.0
33.63909	5.77938	-72.62264	LAX_LV_ENDOCARDIAL	8	1.0	1.0
32.39304	8.49627	-69.99850	LAX_LV_ENDOCARDIAL	8	1.0	1.0
31.14698	11.21317	-67.37436	LAX_LV_ENDOCARDIAL	8	1.0	1.0
30.80287	13.93007	-65.82912	LAX_LV_ENDOCARDIAL	8	1.0	1.0
29.55681	16.64697	-63.20498	LAX_LV_ENDOCARDIAL	8	1.0	1.0
30.11464	19.36387	-62.73866	LAX_LV_ENDOCARDIAL	8	1.0	1.0
29.77052	22.08077	-61.19343	LAX_LV_ENDOCARDIAL	8	1.0	1.0
29.42641	24.79767	-59.64819	LAX_LV_ENDOCARDIAL	8	1.0	1.0
27.90144	26.15612	-57.25721	LAX_LV_ENDOCARDIAL	8	1.0	1.0
26.65538	28.87302	-54.63307	LAX_LV_ENDOCARDIAL	8	1.0	1.0
25.40933	31.58991	-52.00893	LAX_LV_ENDOCARDIAL	8	1.0	1.0
23.88436	32.94837	-49.61795	LAX_LV_ENDOCARDIAL	8	1.0	1.0
22.35939	34.30682	-47.22697	LAX_LV_ENDOCARDIAL	8	1.0	1.0
20.83442	35.66527	-44.83599	LAX_LV_ENDOCARDIAL	8	1.0	1.0
19.58837	38.38217	-42.21185	LAX_LV_ENDOCARDIAL	8	1.0	1.0
0.90842	22.08080	-26.66835	LAX_LV_ENDOCARDIAL	8	1.0	1.0
-0.89546	22.08080	-24.51053	LAX_LV_ENDOCARDIAL	8	1.0	1.0
-2.97825	20.72235	-22.58587	LAX_LV_ENDOCARDIAL	8	1.0	1.0
-24.03801	-15.95575	-12.69761	LAX_RV_EPICARDIAL	8	1.0	1.0
-22.79195	-18.67265	-15.32175	LAX_RV_EPICARDIAL	8	1.0	1.0
-21.26699	-20.03110	-17.71273	LAX_RV_EPICARDIAL	8	1.0	1.0
-19.74202	-21.38955	-20.10371	LAX_RV_EPICARDIAL	8	1.0	1.0
-17.93814	-21.38956	-22.26153	LAX_RV_EPICARDIAL	8	1.0	1.0
-16.41317	-22.74801	-24.65251	LAX_RV_EPICARDIAL	8	1.0	1.0
-14.88820	-24.10646	-27.04349	LAX_RV_EPICARDIAL	8	1.0	1.0
-13.08432	-24.10646	-29.20131	LAX_RV_EPICARDIAL	8	1.0	1.0
-11.55935	-25.46491	-31.59229	LAX_RV_EPICARDIAL	8	1.0	1.0
-9.75547	-25.46491	-33.75010	LAX_RV_EPICARDIAL	8	1.0	1.0
-8.23050	-26.82336	-36.14108	LAX_RV_EPICARDIAL	8	1.0	1.0
-6.42662	-26.82336	-38.29890	LAX_RV_EPICARDIAL	8	1.0	1.0
-4.62274	-26.82336	-40.45672	LAX_RV_EPICARDIAL	8	1.0	1.0
-2.81886	-26.82337	-42.61453	LAX_RV_EPICARDIAL	8	1.0	1.0
-0.73606	-25.46492	-44.53919	LAX_RV_EPICARDIAL	8	1.0	1.0
1.06782	-25.46492	-46.69701	LAX_RV_EPICARDIAL	8	1.0	1.0
2.87170	-25.46492	-48.85483	LAX_RV_EPICARDIAL	8	1.0	1.0
4.67558	-25.46492	-51.01264	LAX_RV_EPICARDIAL	8	1.0	1.0
6.47946	-25.46493	-53.17046	LAX_RV_EPICARDIAL	8	1.0	1.0
8.28334	-25.46493	-55.32828	LAX_RV_EPICARDIAL	8	1.0	1.0
10.36614	-24.10648	-57.25293	LAX_RV_EPICARDIAL	8	1.0	1.0
-8.90063	-3.72973	-25.70388	LAX_RV_EPICARDIAL	8	1.0	1.0
-10.70451	-3.72972	-23.54606	LAX_RV_EPICARDIAL	8	1.0	1.0
-12.50839	-3.72972	-21.38824	LAX_RV_EPICARDIAL	8	1.0	1.0
-14.59118	-5.08817	-19.46359	LAX_RV_EPICARDIAL	8	1.0	1.0
-16.39506	-5.08817	-17.30577	LAX_RV_EPICARDIAL	8	1.0	1.0
-18.47786	-6.44662	-15.38111	LAX_RV_EPICARDIAL	8	1.0	1.0
-20.28174	-6.44661	-13.22330	LAX_RV_EPICARDIAL	8	1.0	1.0
-21.74150	-9.16351	-12.61071	LAX_RV_EPICARDIAL	8	1.0	1.0
-23.20127	-11.88041	-11.99813	LAX_RV_EPICARDIAL	8	1.0	1.0
-23.75910	-14.59730	-12.46445	LAX_RV_EPICARDIAL	8	1.0	1.0
2.36819	24.79769	-27.28093	MITRAL_VALVE	8	1.0	1.0
16.88254	38.38217	-38.97513	MITRAL_VALVE	8	1.0	1.0
-5.96299	19.36390	-19.58231	AORTA_VALVE	8	1.0	1.0
-7.16195	0.34562	-26.08330	AORTA_VALVE	8	1.0	1.0
-41.65431	1.48700	-75.17232	LAX_RV_FREEWALL	7	1.0	9
-42.83258	-0.11430	-77.60855	LAX_RV_FREEWALL	7	1.0	9
-44.01085	-1.71559	-80.04479	LAX_RV_FREEWALL	7	1.0	9
-43.78933	-3.31688	-82.34630	LAX_RV_FREEWALL	7	1.0	9
-43.56782	-4.91817	-84.64781	LAX_RV_FREEWALL	7	1.0	9
-40.54674	-6.51946	-86.67987	LAX_RV_FREEWALL	7	1.0	9
-37.63643	-7.32011	-87.56118	LAX_RV_FREEWALL	7	1.0	9
-34.61535	-8.92140	-89.59324	LAX_RV_FREEWALL	7	1.0	9
-31.59427	-10.52269	-91.62530	LAX_RV_FREEWALL	7	1.0	9
-28.68395	-11.32334	-92.50661	LAX_RV_FREEWALL	7	1.0	9
-25.88439	-11.32334	-92.23716	LAX_RV_FREEWALL	7	1.0	9
-22.97407	-12.12399	-93.11846	LAX_RV_FREEWALL	7	1.0	9
-20.06375	-12.92463	-93.99977	LAX_RV_FREEWALL	7	1.0	9
-17.15344	-13.72528	-94.88108	LAX_RV_FREEWALL	7	1.0	9
-14.24312	-14.52592	-95.76238	LAX_RV_FREEWALL	7	1.0	9
-11.33280	-15.32657	-96.64369	LAX_RV_FREEWALL	7	1.0	9
-8.31172	-16.92786	-98.67575	LAX_RV_FREEWALL	7	1.0	9
-5.40140	-17.72851	-99.55706	LAX_RV_FREEWALL	7	1.0	9
-2.60184	-17.72851	-99.28761	LAX_RV_FREEWALL	7	1.0	9
0.30848	-18.52916	-100.16891	LAX_RV_FREEWALL	7	1.0	9
3.10804	-18.52916	-99.89946	LAX_RV_FREEWALL	7	1.0	9
6.01836	-19.32980	-100.78077	LAX_RV_FREEWALL	7	1.0	9
8.81792	-19.32980	-100.51132	LAX_RV_FREEWALL	7	1.0	9
11.61749	-19.32981	-100.24187	LAX_RV_FREEWALL	7	1.0	9
14.52780	-20.13045	-101.12318	LAX_RV_FREEWALL	7	1.0	9
17.32737	-20.13045	-100.85373	LAX_RV_FREEWALL	7	1.0	9
20.12693	-20.13045	-100.58428	LAX_RV_FREEWALL	7	1.0	9
22.92649	-20.13045	-100.31483	LAX_RV_FREEWALL	7	1.0	9
24.10476	-18.52916	-97.87859	LAX_RV_FREEWALL	7	1.0	9
-43.05409	1.48700	-75.30704	LAX_RV_EPICARDIAL	7	1.0	9
-45.85365	1.48700	-75.57649	LAX_RV_EPICARDIAL	7	1.0	9
-48.43170	-0.11429	-78.14745	LAX_RV_EPICARDIAL	7	1.0	9
-49.60997	-1.71558	-80.58369	LAX_RV_EPICARDIAL	7	1.0	9
-50.78824	-3.31688	-83.01992	LAX_RV_EPICARDIAL	7	1.0	9
-50.56673	-4.91817	-85.32143	LAX_RV_EPICARDIAL	7	1.0	9
-49.05619	-5.71881	-86.33746	LAX_RV_EPICARDIAL	7	1.0	9
-46.14587	-6.51946	-87.21877	LAX_RV_EPICARDIAL	7	1.0	9
-43.23555	-7.32011	-88.10008	LAX_RV_EPICARDIAL	7	1.0	9
-40.21447	-8.92140	-90.13214	LAX_RV_EPICARDIAL	7	1.0	9
-38.59318	-10.52269	-92.29893	LAX_RV_EPICARDIAL	7	1.0	9
-35.57210	-12.12398	-94.33099	LAX_RV_EPICARDIAL	7	1.0	9
-32.66179	-12.92463	-95.21229	LAX_RV_EPICARDIAL	7	1.0	9
-29.75147	-13.72527	-96.09360	LAX_RV_EPICARDIAL	7	1.0	9
-26.84115	-14.52592	-96.97491	LAX_RV_EPICARDIAL	7	1.0	9
-23.93083	-15.32657	-97.85621	LAX_RV_EPICARDIAL	7	1.0	9
-21.02051	-16.12721	-98.73752	LAX_RV_EPICARDIAL	7	1.0	9
-18.11019	-16.92786	-99.61882	LAX_RV_EPICARDIAL	7	1.0	9
-15.19987	-17.72851	-100.50013	LAX_RV_EPICARDIAL	7	1.0	9
-12.28955	-18.52915	-101.38144	LAX_RV_EPICARDIAL	7	1.0	9
-9.37923	-19.32980	-102.26274	LAX_RV_EPICARDIAL	7	1.0	9
-6.46891	-20.13045	-103.14405	LAX_RV_EPICARDIAL	7	1.0	9
-3.55860	-20.93109	-104.02535	LAX_RV_EPICARDIAL	7	1.0	9
-0.75903	-20.93109	-103.75591	LAX_RV_EPICARDIAL	7	1.0	9
2.15129	-21.73174	-104.63721	LAX_RV_EPICARDIAL	7	1.0	9
4.84009	-20.93109	-103.21701	LAX_RV_EPICARDIAL	7	1.0	9
7.63965	-20.93110	-102.94756	LAX_RV_EPICARDIAL	7	1.0	9
10.43922	-20.93110	-102.67811	LAX_RV_EPICARDIAL	7	1.0	9
13.34954	-21.73174	-103.55941	LAX_RV_EPICARDIAL	7	1.0	9
16.14910	-21.73174	-103.28996	LAX_RV_EPICARDIAL	7	1.0	9
19.05942	-22.53239	-104.17127	LAX_RV_EPICARDIAL	7	1.0	9
21.74822	-21.73174	-102.75107	LAX_RV_EPICARDIAL	7	1.0	9
24.54779	-21.73175	-102.48162	LAX_RV_EPICARDIAL	7	1.0	9
27.12584	-20.13046	-99.91066	LAX_RV_EPICARDIAL	7	1.0	9
-20.80840	12.69603	-56.90615	LAX_RV_SEPTUM	7	1.0	9
23.99400	-17.72852	-96.72784	LAX_RV_SEPTUM	7	1.0	9
21.08368	-16.92787	-95.84653	LAX_RV_SEPTUM	7	1.0	9
18.06261	-15.32658	-93.81447	LAX_RV_SEPTUM	7	1.0	9
15.15229	-14.52593	-92.93317	LAX_RV_SEPTUM	7	1.0	9
12.13121	-12.92464	-90.90110	LAX_RV_SEPTUM	7	1.0	9
9.11014	-11.32335	-88.86904	LAX_RV_SEPTUM	7	1.0	9
6.19982	-10.52270	-87.98774	LAX_RV_SEPTUM	7	1.0	9
3.17874	-8.92141	-85.95567	LAX_RV_SEPTUM	7	1.0	9
1.55745	-7.32012	-83.78889	LAX_RV_SEPTUM	7	1.0	9
-1.46363	-5.71883	-81.75683	LAX_RV_SEPTUM	7	1.0	9
-3.08492	-4.11753	-79.59004	LAX_RV_SEPTUM	7	1.0	9
-4.70621	-2.51624	-77.42325	LAX_RV_SEPTUM	7	1.0	9
-6.32751	-0.91495	-75.25647	LAX_RV_SEPTUM	7	1.0	9
-7.94880	0.68634	-73.08968	LAX_RV_SEPTUM	7	1.0	9
-10.96988	2.28763	-71.05762	LAX_RV_SEPTUM	7	1.0	9
-12.59117	3.88892	-68.89083	LAX_RV_SEPTUM	7	1.0	9
-14.21247	5.49022	-66.72405	LAX_RV_SEPTUM	7	1.0	9
-15.83376	7.09151	-64.55726	LAX_RV_SEPTUM	7	1.0	9
-17.45506	8.69280	-62.39047	LAX_RV_SEPTUM	7	1.0	9
-19.07635	10.29409	-60.22369	LAX_RV_SEPTUM	7	1.0	9
-20.69764	11.89538	-58.05690	LAX_RV_SEPTUM	7	1.0	9
-17.60587	19.90184	-46.14517	LAX_LV_EPICARDIAL	7	1.0	9
-18.78413	18.30055	-48.58141	LAX_LV_EPICARDIAL	7	1.0	9
-19.96240	16.69926	-51.01764	LAX_LV_EPICARDIAL	7	1.0	9
-19.74089	15.09796	-53.31916	LAX_LV_EPICARDIAL	7	1.0	9
28.19335	-17.72852	-96.32367	LAX_LV_EPICARDIAL	7	1.0	9
31.10367	-18.52917	-97.20497	LAX_LV_EPICARDIAL	7	1.0	9
33.90323	-18.52917	-96.93552	LAX_LV_EPICARDIAL	7	1.0	9
36.70279	-18.52917	-96.66607	LAX_LV_EPICARDIAL	7	1.0	9
39.50235	-18.52917	-96.39662	LAX_LV_EPICARDIAL	7	1.0	9
42.19116	-17.72852	-94.97642	LAX_LV_EPICARDIAL	7	1.0	9
44.87997	-16.92788	-93.55621	LAX_LV_EPICARDIAL	7	1.0	9
46.05823	-15.32659	-91.11998	LAX_LV_EPICARDIAL	7	1.0	9
48.63628	-13.72530	-88.54902	LAX_LV_EPICARDIAL	7	1.0	9
48.41477	-12.12401	-86.24751	LAX_LV_EPICARDIAL	7	1.0	9
49.59304	-10.52271	-83.81127	LAX_LV_EPICARDIAL	7	1.0	9
50.77131	-8.92142	-81.37504	LAX_LV_EPICARDIAL	7	1.0	9
50.54979	-7.32013	-79.07353	LAX_LV_EPICARDIAL	7	1.0	9
51.72806	-5.71884	-76.63729	LAX_LV_EPICARDIAL	7	1.0	9
51.50655	-4.11755	-74.33578	LAX_LV_EPICARDIAL	7	1.0	9
52.68482	-2.51626	-71.89954	LAX_LV_EPICARDIAL	7	1.0	9
52.46330	-0.91497	-69.59803	LAX_LV_EPICARDIAL	7	1.0	9
52.24179	0.68632	-67.29652	LAX_LV_EPICARDIAL	7	1.0	9
53.42006	2.28761	-64.86029	LAX_LV_EPICARDIAL	7	1.0	9
53.19855	3.88891	-62.55877	LAX_LV_EPICARDIAL	7	1.0	9
52.97703	5.49020	-60.25726	LAX_LV_EPICARDIAL	7	1.0	9
51.35574	7.09149	-58.09048	LAX_LV_EPICARDIAL	7	1.0	9
51.13423	8.69278	-55.78897	LAX_LV_EPICARDIAL	7	1.0	9
49.51293	10.29407	-53.62218	LAX_LV_EPICARDIAL	7	1.0	9
49.29142	11.89536	-51.32067	LAX_LV_EPICARDIAL	7	1.0	9
49.06991	13.49665	-49.01916	LAX_LV_EPICARDIAL	7	1.0	9
47.44861	15.09795	-46.85237	LAX_LV_EPICARDIAL	7	1.0	9
45.82732	16.69924	-44.68559	LAX_LV_EPICARDIAL	7	1.0	9
45.60580	18.30053	-42.38407	LAX_LV_EPICARDIAL	7	1.0	9
43.98451	19.90182	-40.21729	LAX_LV_EPICARDIAL	7	1.0	9
42.36321	21.50311	-38.05050	LAX_LV_EPICARDIAL	7	1.0	9
40.74192	23.10440	-35.88372	LAX_LV_EPICARDIAL	7	1.0	9
39.12063	24.70569	-33.71693	LAX_LV_EPICARDIAL	7	1.0	9
36.09955	26.30699	-31.68487	LAX_LV_EPICARDIAL	7	1.0	9
33.07847	27.90828	-29.65281	LAX_LV_EPICARDIAL	7	1.0	9
30.16816	28.70893	-28.77150	LAX_LV_EPICARDIAL	7	1.0	9
27.25784	29.50957	-27.89019	LAX_LV_EPICARDIAL	7	1.0	9
24.34752	30.31022	-27.00889	LAX_LV_EPICARDIAL	7	1.0	9
21.54796	30.31022	-27.27834	LAX_LV_EPICARDIAL	7	1.0	9
-17.49511	19.10119	-47.29593	LAX_LV_ENDOCARDIAL	7	1.0	9
-15.87382	17.49990	-49.46272	LAX_LV_ENDOCARDIAL	7	1.0	9
-14.25252	15.89861	-51.62950	LAX_LV_ENDOCARDIAL	7	1.0	9
-12.63123	14.29732	-53.79629	LAX_LV_ENDOCARDIAL	7	1.0	9
-9.61015	12.69602	-55.82835	LAX_LV_ENDOCARDIAL	7	1.0	9
-6.58908	11.09473	-57.86041	LAX_LV_ENDOCARDIAL	7	1.0	9
-4.96778	9.49344	-60.02720	LAX_LV_ENDOCARDIAL	7	1.0	9
-1.94671	7.89215	-62.05926	LAX_LV_ENDOCARDIAL	7	1.0	9
1.07437	6.29086	-64.09132	LAX_LV_ENDOCARDIAL	7	1.0	9
2.69566	4.68957	-66.25811	LAX_LV_ENDOCARDIAL	7	1.0	9
5.71674	3.08827	-68.29017	LAX_LV_ENDOCARDIAL	7	1.0	9
7.33803	1.48698	-70.45695	LAX_LV_ENDOCARDIAL	7	1.0	9
10.35911	-0.11431	-72.48902	LAX_LV_ENDOCARDIAL	7	1.0	9
11.98040	-1.71560	-74.65580	LAX_LV_ENDOCARDIAL	7	1.0	9
13.60170	-3.31689	-76.82259	LAX_LV_ENDOCARDIAL	7	1.0	9
16.62277	-4.91819	-78.85465	LAX_LV_ENDOCARDIAL	7	1.0	9
19.64385	-6.51948	-80.88671	LAX_LV_ENDOCARDIAL	7	1.0	9
22.66493	-8.12077	-82.91877	LAX_LV_ENDOCARDIAL	7	1.0	9
25.68600	-9.72206	-84.95084	LAX_LV_ENDOCARDIAL	7	1.0	9
28.70708	-11.32335	-86.98290	LAX_LV_ENDOCARDIAL	7	1.0	9
31.72815	-12.92465	-89.01496	LAX_LV_ENDOCARDIAL	7	1.0	9
34.63847	-13.72529	-89.89626	LAX_LV_ENDOCARDIAL	7	1.0	9
37.43803	-13.72529	-89.62682	LAX_LV_ENDOCARDIAL	7	1.0	9
40.23760	-13.72529	-89.35737	LAX_LV_ENDOCARDIAL	7	1.0	9
41.41586	-12.12400	-86.92113	LAX_LV_ENDOCARDIAL	7	1.0	9
41.19435	-10.52271	-84.61962	LAX_LV_ENDOCARDIAL	7	1.0	9
40.97284	-8.92142	-82.31811	LAX_LV_ENDOCARDIAL	7	1.0	9
40.75132	-7.32013	-80.01660	LAX_LV_ENDOCARDIAL	7	1.0	9
41.92959	-5.71884	-77.58036	LAX_LV_ENDOCARDIAL	7	1.0	9
41.70808	-4.11755	-75.27885	LAX_LV_ENDOCARDIAL	7	1.0	9
41.48657	-2.51626	-72.97734	LAX_LV_ENDOCARDIAL	7	1.0	9
41.26505	-0.91496	-70.67583	LAX_LV_ENDOCARDIAL	7	1.0	9
41.04354	0.68633	-68.37432	LAX_LV_ENDOCARDIAL	7	1.0	9
40.82203	2.28762	-66.07281	LAX_LV_ENDOCARDIAL	7	1.0	9
40.60051	3.88891	-63.77130	LAX_LV_ENDOCARDIAL	7	1.0	9
38.97922	5.49020	-61.60451	LAX_LV_ENDOCARDIAL	7	1.0	9
38.75771	7.09149	-59.30300	LAX_LV_ENDOCARDIAL	7	1.0	9
37.13641	8.69278	-57.13621	LAX_LV_ENDOCARDIAL	7	1.0	9
36.91490	10.29407	-54.83470	LAX_LV_ENDOCARDIAL	7	1.0	9
35.29361	11.89537	-52.66792	LAX_LV_ENDOCARDIAL	7	1.0	9
35.07209	13.49666	-50.36640	LAX_LV_ENDOCARDIAL	7	1.0	9
33.45080	15.09795	-48.19962	LAX_LV_ENDOCARDIAL	7	1.0	9
31.82950	16.69924	-46.03283	LAX_LV_ENDOCARDIAL	7	1.0	9
30.20821	18.30053	-43.86605	LAX_LV_ENDOCARDIAL	7	1.0	9
28.58692	19.90182	-41.69926	LAX_LV_ENDOCARDIAL	7	1.0	9
26.96562	21.50312	-39.53247	LAX_LV_ENDOCARDIAL	7	1.0	9
23.94455	23.10441	-37.50041	LAX_LV_ENDOCARDIAL	7	1.0	9
22.32325	24.70570	-35.33363	LAX_LV_ENDOCARDIAL	7	1.0	9
19.30218	26.30699	-33.30156	LAX_LV_ENDOCARDIAL	7	1.0	9
19.08066	27.90828	-31.00005	LAX_LV_ENDOCARDIAL	7	1.0	9
-43.05409	1.48700	-75.30704	LAX_RV_EPICARDIAL	7	1.0	9
-45.85365	1.48700	-75.57649	LAX_RV_EPICARDIAL	7	1.0	9
-48.43170	-0.11429	-78.14745	LAX_RV_EPICARDIAL	7	1.0	9
-49.60997	-1.71558	-80.58369	LAX_RV_EPICARDIAL	7	1.0	9
-50.78824	-3.31688	-83.01992	LAX_RV_EPICARDIAL	7	1.0	9
-50.56673	-4.91817	-85.32143	LAX_RV_EPICARDIAL	7	1.0	9
-49.05619	-5.71881	-86.33746	LAX_RV_EPICARDIAL	7	1.0	9
-46.14587	-6.51946	-87.21877	LAX_RV_EPICARDIAL	7	1.0	9
-43.23555	-7.32011	-88.10008	LAX_RV_EPICARDIAL	7	1.0	9
-40.21447	-8.92140	-90.13214	LAX_RV_EPICARDIAL	7	1.0	9
-38.59318	-10.52269	-92.29893	LAX_RV_EPICARDIAL	7	1.0	9
-35.57210	-12.12398	-94.33099	LAX_RV_EPICARDIAL	7	1.0	9
-32.66179	-12.92463	-95.21229	LAX_RV_EPICARDIAL	7	1.0	9
-29.75147	-13.72527	-96.09360	LAX_RV_EPICARDIAL	7	1.0	9
-26.84115	-14.52592	-96.97491	LAX_RV_EPICARDIAL	7	1.0	9
-23.93083	-15.32657	-97.85621	LAX_RV_EPICARDIAL	7	1.0	9
-21.02051	-16.12721	-98.73752	LAX_RV_EPICARDIAL	7	1.0	9
-18.11019	-16.92786	-99.61882	LAX_RV_EPICARDIAL	7	1.0	9
-15.19987	-17.72851	-100.50013	LAX_RV_EPICARDIAL	7	1.0	9
-12.28955	-18.52915	-101.38144	LAX_RV_EPICARDIAL	7	1.0	9
-9.37923	-19.32980	-102.26274	LAX_RV_EPICARDIAL	7	1.0	9
-6.46891	-20.13045	-103.14405	LAX_RV_EPICARDIAL	7	1.0	9
-3.55860	-20.93109	-104.02535	LAX_RV_EPICARDIAL	7	1.0	9
-0.75903	-20.93109	-103.75591	LAX_RV_EPICARDIAL	7	1.0	9
2.15129	-21.73174	-104.63721	LAX_RV_EPICARDIAL	7	1.0	9
4.84009	-20.93109	-103.21701	LAX_RV_EPICARDIAL	7	1.0	9
7.63965	-20.93110	-102.94756	LAX_RV_EPICARDIAL	7	1.0	9
10.43922	-20.93110	-102.67811	LAX_RV_EPICARDIAL	7	1.0	9
13.34954	-21.73174	-103.55941	LAX_RV_EPICARDIAL	7	1.0	9
16.14910	-21.73174	-103.28996	LAX_RV_EPICARDIAL	7	1.0	9
19.05942	-22.53239	-104.17127	LAX_RV_EPICARDIAL	7	1.0	9
21.74822	-21.73174	-102.75107	LAX_RV_EPICARDIAL	7	1.0	9
24.54779	-21.73175	-102.48162	LAX_RV_EPICARDIAL	7	1.0	9
27.12584	-20.13046	-99.91066	LAX_RV_EPICARDIAL	7	1.0	9
17.34861	30.31022	-27.68251	MITRAL_VALVE	7	1.0	9
-17.82738	21.50313	-43.84366	MITRAL_VALVE	7	1.0	9
-22.20818	12.69603	-57.04087	TRICUSPID_VALVE	7	1.0	9
-41.87582	3.08829	-72.87081	TRICUSPID_VALVE	7	1.0	9
39.50235	-18.52917	-96.39662	APEX_POINT	7	1.0	9
-10.88531	-17.19117	-2.56135	LAX_RV_FREEWALL	11	1.0	9
-10.42158	-18.58493	-5.34165	LAX_RV_FREEWALL	11	1.0	9
-10.04327	-18.57505	-8.12858	LAX_RV_FREEWALL	11	1.0	9
-9.66495	-18.56517	-10.91550	LAX_RV_FREEWALL	11	1.0	9
-9.28664	-18.55529	-13.70242	LAX_RV_FREEWALL	11	1.0	9
-8.82291	-19.94905	-16.48273	LAX_RV_FREEWALL	11	1.0	9
-8.44460	-19.93917	-19.26965	LAX_RV_FREEWALL	11	1.0	9
-8.06629	-19.92929	-22.05657	LAX_RV_FREEWALL	11	1.0	9
-7.60256	-21.32305	-24.83688	LAX_RV_FREEWALL	11	1.0	9
-7.22425	-21.31318	-27.62380	LAX_RV_FREEWALL	11	1.0	9
-6.76052	-22.70694	-30.40410	LAX_RV_FREEWALL	11	1.0	9
-6.38221	-22.69706	-33.19103	LAX_RV_FREEWALL	11	1.0	9
-5.91848	-24.09082	-35.97133	LAX_RV_FREEWALL	11	1.0	9
-5.54017	-24.08094	-38.75825	LAX_RV_FREEWALL	11	1.0	9
-5.16186	-24.07106	-41.54518	LAX_RV_FREEWALL	11	1.0	9
-4.78354	-24.06118	-44.33210	LAX_RV_FREEWALL	11	1.0	9
-4.40523	-24.05130	-47.11902	LAX_RV_FREEWALL	11	1.0	9
-3.94150	-25.44506	-49.89933	LAX_RV_FREEWALL	11	1.0	9
-3.56319	-25.43518	-52.68625	LAX_RV_FREEWALL	11	1.0	9
-3.27030	-24.02167	-55.47979	LAX_RV_FREEWALL	11	1.0	9
-2.89198	-24.01179	-58.26672	LAX_RV_FREEWALL	11	1.0	9
-2.51367	-24.00191	-61.05364	LAX_RV_FREEWALL	11	1.0	9
-2.04994	-25.39567	-63.83394	LAX_RV_FREEWALL	11	1.0	9
-1.58621	-26.78943	-66.61425	LAX_RV_FREEWALL	11	1.0	9
-1.20790	-26.77955	-69.40117	LAX_RV_FREEWALL	11	1.0	9
-0.82959	-26.76967	-72.18809	LAX_RV_FREEWALL	11	1.0	9
-0.45128	-26.75979	-74.97502	LAX_RV_FREEWALL	11	1.0	9
-0.07297	-26.74991	-77.76194	LAX_RV_FREEWALL	11	1.0	9
0.39076	-28.14367	-80.54224	LAX_RV_FREEWALL	11	1.0	9
0.76907	-28.13379	-83.32917	LAX_RV_FREEWALL	11	1.0	9
1.06197	-26.72028	-86.12271	LAX_RV_FREEWALL	11	1.0	9
1.44028	-26.71040	-88.90963	LAX_RV_FREEWALL	11	1.0	9
1.81859	-26.70052	-91.69655	LAX_RV_FREEWALL	11	1.0	9
2.11149	-25.28700	-94.49010	LAX_RV_FREEWALL	11	1.0	9
2.48980	-25.27712	-97.27702	LAX_RV_FREEWALL	11	1.0	9
2.78270	-23.86360	-100.07056	LAX_RV_FREEWALL	11	1.0	9
3.07560	-22.45009	-102.86411	LAX_RV_FREEWALL	11	1.0	9
2.90476	-19.64281	-102.87734	LAX_RV_FREEWALL	11	1.0	9
2.73393	-16.83553	-102.89058	LAX_RV_FREEWALL	11	1.0	9
2.56310	-14.02826	-102.90382	LAX_RV_FREEWALL	11	1.0	9
2.20311	-11.22592	-101.52360	LAX_RV_FREEWALL	11	1.0	9
1.84312	-8.42358	-100.14338	LAX_RV_FREEWALL	11	1.0	9
1.48314	-5.62124	-98.76315	LAX_RV_FREEWALL	11	1.0	9
0.93399	-2.82384	-95.98947	LAX_RV_FREEWALL	11	1.0	9
0.57400	-0.02151	-94.60925	LAX_RV_FREEWALL	11	1.0	9
0.02486	2.77589	-91.83556	LAX_RV_FREEWALL	11	1.0	9
-0.52428	5.57329	-89.06188	LAX_RV_FREEWALL	11	1.0	9
-0.98801	6.96705	-86.28157	LAX_RV_FREEWALL	11	1.0	9
-1.00634	4.15483	-84.87487	LAX_RV_SEPTUM	11	1.0	9
-1.21382	1.33768	-82.07471	LAX_RV_SEPTUM	11	1.0	9
-1.23214	-1.47454	-80.66801	LAX_RV_SEPTUM	11	1.0	9
-1.43962	-4.29169	-77.86785	LAX_RV_SEPTUM	11	1.0	9
-1.64710	-7.10885	-75.06769	LAX_RV_SEPTUM	11	1.0	9
-1.94000	-8.52237	-72.27414	LAX_RV_SEPTUM	11	1.0	9
-2.23289	-9.93589	-69.48060	LAX_RV_SEPTUM	11	1.0	9
-2.52579	-11.34940	-66.68706	LAX_RV_SEPTUM	11	1.0	9
-2.90410	-11.35928	-63.90014	LAX_RV_SEPTUM	11	1.0	9
-3.19700	-12.77280	-61.10659	LAX_RV_SEPTUM	11	1.0	9
-3.57531	-12.78268	-58.31967	LAX_RV_SEPTUM	11	1.0	9
-3.95362	-12.79256	-55.53275	LAX_RV_SEPTUM	11	1.0	9
-4.33193	-12.80244	-52.74582	LAX_RV_SEPTUM	11	1.0	9
-4.71025	-12.81231	-49.95890	LAX_RV_SEPTUM	11	1.0	9
-5.17397	-11.41855	-47.17860	LAX_RV_SEPTUM	11	1.0	9
-5.55229	-11.42843	-44.39167	LAX_RV_SEPTUM	11	1.0	9
-6.01602	-10.03467	-41.61137	LAX_RV_SEPTUM	11	1.0	9
-6.39433	-10.04455	-38.82445	LAX_RV_SEPTUM	11	1.0	9
-6.77264	-10.05443	-36.03752	LAX_RV_SEPTUM	11	1.0	9
-7.23637	-8.66067	-33.25722	LAX_RV_SEPTUM	11	1.0	9
-7.61468	-8.67055	-30.47030	LAX_RV_SEPTUM	11	1.0	9
-8.07841	-7.27679	-27.68999	LAX_RV_SEPTUM	11	1.0	9
-8.54214	-5.88303	-24.90969	LAX_RV_SEPTUM	11	1.0	9
-9.00586	-4.48927	-22.12939	LAX_RV_SEPTUM	11	1.0	9
-9.46959	-3.09551	-19.34908	LAX_RV_SEPTUM	11	1.0	9
-9.93332	-1.70175	-16.56878	LAX_RV_SEPTUM	11	1.0	9
-10.39705	-0.30799	-13.78848	LAX_RV_SEPTUM	11	1.0	9
-10.90363	-20.00339	-1.15465	LAX_RV_EPICARDIAL	11	1.0	9
-10.52532	-19.99351	-3.94157	LAX_RV_EPICARDIAL	11	1.0	9
-10.06159	-21.38727	-6.72188	LAX_RV_EPICARDIAL	11	1.0	9
-9.68328	-21.37739	-9.50880	LAX_RV_EPICARDIAL	11	1.0	9
-9.21955	-22.77115	-12.28910	LAX_RV_EPICARDIAL	11	1.0	9
-8.84124	-22.76127	-15.07603	LAX_RV_EPICARDIAL	11	1.0	9
-8.37751	-24.15503	-17.85633	LAX_RV_EPICARDIAL	11	1.0	9
-7.99920	-24.14515	-20.64325	LAX_RV_EPICARDIAL	11	1.0	9
-7.53547	-25.53891	-23.42356	LAX_RV_EPICARDIAL	11	1.0	9
-7.15716	-25.52903	-26.21048	LAX_RV_EPICARDIAL	11	1.0	9
-6.69343	-26.92279	-28.99078	LAX_RV_EPICARDIAL	11	1.0	9
-6.31512	-26.91291	-31.77771	LAX_RV_EPICARDIAL	11	1.0	9
-5.85139	-28.30667	-34.55801	LAX_RV_EPICARDIAL	11	1.0	9
-5.47308	-28.29679	-37.34493	LAX_RV_EPICARDIAL	11	1.0	9
-5.09476	-28.28691	-40.13186	LAX_RV_EPICARDIAL	11	1.0	9
-4.71645	-28.27704	-42.91878	LAX_RV_EPICARDIAL	11	1.0	9
-4.25272	-29.67080	-45.69908	LAX_RV_EPICARDIAL	11	1.0	9
-3.95983	-28.25728	-48.49263	LAX_RV_EPICARDIAL	11	1.0	9
-3.58152	-28.24740	-51.27955	LAX_RV_EPICARDIAL	11	1.0	9
-3.20320	-28.23752	-54.06647	LAX_RV_EPICARDIAL	11	1.0	9
-2.91031	-26.82400	-56.86002	LAX_RV_EPICARDIAL	11	1.0	9
-2.53200	-26.81412	-59.64694	LAX_RV_EPICARDIAL	11	1.0	9
-2.06827	-28.20788	-62.42724	LAX_RV_EPICARDIAL	11	1.0	9
-1.60454	-29.60164	-65.20755	LAX_RV_EPICARDIAL	11	1.0	9
-1.22623	-29.59176	-67.99447	LAX_RV_EPICARDIAL	11	1.0	9
-0.76250	-30.98552	-70.77477	LAX_RV_EPICARDIAL	11	1.0	9
-0.46960	-29.57201	-73.56832	LAX_RV_EPICARDIAL	11	1.0	9
-0.09129	-29.56213	-76.35524	LAX_RV_EPICARDIAL	11	1.0	9
0.28702	-29.55225	-79.14216	LAX_RV_EPICARDIAL	11	1.0	9
0.75075	-30.94601	-81.92247	LAX_RV_EPICARDIAL	11	1.0	9
1.12906	-30.93613	-84.70939	LAX_RV_EPICARDIAL	11	1.0	9
1.50737	-30.92625	-87.49631	LAX_RV_EPICARDIAL	11	1.0	9
1.88569	-30.91637	-90.28324	LAX_RV_EPICARDIAL	11	1.0	9
2.17858	-29.50286	-93.07678	LAX_RV_EPICARDIAL	11	1.0	9
2.55690	-29.49298	-95.86370	LAX_RV_EPICARDIAL	11	1.0	9
2.84979	-28.07946	-98.65724	LAX_RV_EPICARDIAL	11	1.0	9
3.14269	-26.66594	-101.45079	LAX_RV_EPICARDIAL	11	1.0	9
3.43558	-25.25242	-104.24433	LAX_RV_EPICARDIAL	11	1.0	9
3.72848	-23.83891	-107.03787	LAX_RV_EPICARDIAL	11	1.0	9
3.55765	-21.03163	-107.05111	LAX_RV_EPICARDIAL	11	1.0	9
3.38682	-18.22435	-107.06435	LAX_RV_EPICARDIAL	11	1.0	9
3.40514	-15.41214	-108.47105	LAX_RV_EPICARDIAL	11	1.0	9
3.04515	-12.60980	-107.09083	LAX_RV_EPICARDIAL	11	1.0	9
2.68517	-9.80746	-105.71060	LAX_RV_EPICARDIAL	11	1.0	9
2.51433	-7.00018	-105.72384	LAX_RV_EPICARDIAL	11	1.0	9
2.15435	-4.19785	-104.34362	LAX_RV_EPICARDIAL	11	1.0	9
1.60520	-1.40045	-101.56993	LAX_RV_EPICARDIAL	11	1.0	9
1.05606	1.39695	-98.79625	LAX_RV_EPICARDIAL	11	1.0	9
0.50691	4.19435	-96.02257	LAX_RV_EPICARDIAL	11	1.0	9
0.14693	6.99669	-94.64234	LAX_RV_EPICARDIAL	11	1.0	9
-0.21306	9.79902	-93.26212	LAX_RV_EPICARDIAL	11	1.0	9
-0.67679	11.19278	-90.48182	LAX_RV_EPICARDIAL	11	1.0	9
-1.14052	12.58654	-87.70151	LAX_RV_EPICARDIAL	11	1.0	9
-1.24426	11.17797	-86.30143	LAX_RV_EPICARDIAL	11	1.0	9
-1.07343	8.37069	-86.28819	LAX_RV_EPICARDIAL	11	1.0	9
-11.04993	1.08083	-9.61471	PULMONARY_VALVE	11	1.0	9
-11.45277	-17.20599	1.61903	PULMONARY_VALVE	11	1.0	9
