x	y	z	contour type	frameID	weight	time frame
-41.66061	-25.27688	-57.67572	SAX_RV_FREEWALL	3	1.0	13
-43.35718	-24.17212	-60.08173	SAX_RV_FREEWALL	3	1.0	13
-45.58487	-24.17212	-61.79857	SAX_RV_FREEWALL	3	1.0	13
-47.28143	-23.06735	-64.20457	SAX_RV_FREEWALL	3	1.0	13
-49.50912	-23.06735	-65.92142	SAX_RV_FREEWALL	3	1.0	13
-51.20569	-21.96259	-68.32742	SAX_RV_FREEWALL	3	1.0	13
-52.90226	-20.85782	-70.73342	SAX_RV_FREEWALL	3	1.0	13
-54.59882	-19.75306	-73.13943	SAX_RV_FREEWALL	3	1.0	13
-56.29539	-18.64829	-75.54543	SAX_RV_FREEWALL	3	1.0	13
-56.34699	-16.43875	-77.78217	SAX_RV_FREEWALL	3	1.0	13
-56.39860	-14.22922	-80.01890	SAX_RV_FREEWALL	3	1.0	13
-55.33636	-12.01968	-81.39721	SAX_RV_FREEWALL	3	1.0	13
-54.27411	-9.81015	-82.77553	SAX_RV_FREEWALL	3	1.0	13
-52.09803	-7.60061	-83.29542	SAX_RV_FREEWALL	3	1.0	13
-48.80810	-5.39107	-82.95689	SAX_RV_FREEWALL	3	1.0	13
-45.51817	-3.18153	-82.61835	SAX_RV_FREEWALL	3	1.0	13
-42.22824	-0.97199	-82.27982	SAX_RV_FREEWALL	3	1.0	13
-38.93831	1.23755	-81.94129	SAX_RV_FREEWALL	3	1.0	13
-35.64838	3.44709	-81.60276	SAX_RV_FREEWALL	3	1.0	13
-32.35845	5.65662	-81.26423	SAX_RV_FREEWALL	3	1.0	13
-30.18236	7.86616	-81.78412	SAX_RV_FREEWALL	3	1.0	13
-27.42355	8.97093	-80.75643	SAX_RV_FREEWALL	3	1.0	13
-24.13362	11.18047	-80.41790	SAX_RV_FREEWALL	3	1.0	13
-21.37481	12.28524	-79.39021	SAX_RV_FREEWALL	3	1.0	13
-18.61600	13.39001	-78.36252	SAX_RV_FREEWALL	3	1.0	13
-16.38831	13.39001	-76.64567	SAX_RV_FREEWALL	3	1.0	13
5.49716	-17.54346	-29.02133	SAX_RV_FREEWALL	3	1.0	13
2.73835	-18.64823	-30.04902	SAX_RV_FREEWALL	3	1.0	13
-0.02046	-19.75300	-31.07671	SAX_RV_FREEWALL	3	1.0	13
-2.77927	-20.85777	-32.10440	SAX_RV_FREEWALL	3	1.0	13
-5.53808	-21.96254	-33.13209	SAX_RV_FREEWALL	3	1.0	13
-8.29689	-23.06731	-34.15978	SAX_RV_FREEWALL	3	1.0	13
-11.05570	-24.17208	-35.18746	SAX_RV_FREEWALL	3	1.0	13
-13.81450	-25.27685	-36.21515	SAX_RV_FREEWALL	3	1.0	13
-16.04219	-25.27686	-37.93200	SAX_RV_FREEWALL	3	1.0	13
-18.26988	-25.27686	-39.64884	SAX_RV_FREEWALL	3	1.0	13
-20.49757	-25.27686	-41.36569	SAX_RV_FREEWALL	3	1.0	13
-22.72526	-25.27686	-43.08254	SAX_RV_FREEWALL	3	1.0	13
-24.95295	-25.27687	-44.79938	SAX_RV_FREEWALL	3	1.0	13
-27.18064	-25.27687	-46.51623	SAX_RV_FREEWALL	3	1.0	13
-29.40832	-25.27687	-48.23307	SAX_RV_FREEWALL	3	1.0	13
-31.63601	-25.27687	-49.94992	SAX_RV_FREEWALL	3	1.0	13
-33.86370	-25.27687	-51.66676	SAX_RV_FREEWALL	3	1.0	13
-36.09139	-25.27688	-53.38361	SAX_RV_FREEWALL	3	1.0	13
-38.31908	-25.27688	-55.10046	SAX_RV_FREEWALL	3	1.0	13
-40.54677	-25.27688	-56.81730	SAX_RV_FREEWALL	3	1.0	13
-37.68475	-28.59118	-51.31614	SAX_RV_EPICARDIAL	3	1.0	13
-39.38132	-27.48642	-53.72214	SAX_RV_EPICARDIAL	3	1.0	13
-41.60901	-27.48642	-55.43899	SAX_RV_EPICARDIAL	3	1.0	13
-43.83670	-27.48642	-57.15583	SAX_RV_EPICARDIAL	3	1.0	13
-46.06438	-27.48642	-58.87268	SAX_RV_EPICARDIAL	3	1.0	13
-48.29207	-27.48642	-60.58952	SAX_RV_EPICARDIAL	3	1.0	13
-50.51976	-27.48643	-62.30637	SAX_RV_EPICARDIAL	3	1.0	13
-52.74745	-27.48643	-64.02322	SAX_RV_EPICARDIAL	3	1.0	13
-54.44402	-26.38166	-66.42922	SAX_RV_EPICARDIAL	3	1.0	13
-56.14059	-25.27690	-68.83522	SAX_RV_EPICARDIAL	3	1.0	13
-57.30603	-23.06736	-71.93038	SAX_RV_EPICARDIAL	3	1.0	13
-58.47148	-20.85783	-75.02554	SAX_RV_EPICARDIAL	3	1.0	13
-59.63692	-18.64829	-78.12070	SAX_RV_EPICARDIAL	3	1.0	13
-59.68853	-16.43876	-80.35743	SAX_RV_EPICARDIAL	3	1.0	13
-59.74013	-14.22922	-82.59417	SAX_RV_EPICARDIAL	3	1.0	13
-57.56404	-12.01969	-83.11406	SAX_RV_EPICARDIAL	3	1.0	13
-56.50180	-9.81015	-84.49237	SAX_RV_EPICARDIAL	3	1.0	13
-54.32572	-7.60061	-85.01226	SAX_RV_EPICARDIAL	3	1.0	13
-52.14963	-5.39107	-85.53216	SAX_RV_EPICARDIAL	3	1.0	13
-49.97354	-3.18154	-86.05205	SAX_RV_EPICARDIAL	3	1.0	13
-46.68361	-0.97200	-85.71351	SAX_RV_EPICARDIAL	3	1.0	13
-43.39368	1.23754	-85.37498	SAX_RV_EPICARDIAL	3	1.0	13
-40.10375	3.44708	-85.03645	SAX_RV_EPICARDIAL	3	1.0	13
-36.81382	5.65662	-84.69792	SAX_RV_EPICARDIAL	3	1.0	13
-33.52389	7.86616	-84.35938	SAX_RV_EPICARDIAL	3	1.0	13
-30.23396	10.07570	-84.02085	SAX_RV_EPICARDIAL	3	1.0	13
-27.47515	11.18047	-82.99316	SAX_RV_EPICARDIAL	3	1.0	13
-24.18522	13.39001	-82.65463	SAX_RV_EPICARDIAL	3	1.0	13
-20.89529	15.59955	-82.31610	SAX_RV_EPICARDIAL	3	1.0	13
-18.13648	16.70432	-81.28841	SAX_RV_EPICARDIAL	3	1.0	13
-15.90879	16.70432	-79.57156	SAX_RV_EPICARDIAL	3	1.0	13
-13.14998	17.80909	-78.54388	SAX_RV_EPICARDIAL	3	1.0	13
-12.51566	14.49479	-74.75956	SAX_RV_EPICARDIAL	3	1.0	13
-13.57790	12.28525	-73.38125	SAX_RV_EPICARDIAL	3	1.0	13
13.19087	-13.12438	-27.48584	SAX_RV_EPICARDIAL	3	1.0	13
13.24247	-15.33392	-25.24911	SAX_RV_EPICARDIAL	3	1.0	13
9.95254	-17.54346	-25.58764	SAX_RV_EPICARDIAL	3	1.0	13
6.66261	-19.75300	-25.92617	SAX_RV_EPICARDIAL	3	1.0	13
3.90380	-20.85777	-26.95386	SAX_RV_EPICARDIAL	3	1.0	13
1.14499	-21.96254	-27.98155	SAX_RV_EPICARDIAL	3	1.0	13
-2.14494	-24.17208	-28.32008	SAX_RV_EPICARDIAL	3	1.0	13
-4.90375	-25.27685	-29.34777	SAX_RV_EPICARDIAL	3	1.0	13
-7.66256	-26.38162	-30.37546	SAX_RV_EPICARDIAL	3	1.0	13
-10.42137	-27.48639	-31.40315	SAX_RV_EPICARDIAL	3	1.0	13
-13.18018	-28.59116	-32.43084	SAX_RV_EPICARDIAL	3	1.0	13
-15.40787	-28.59116	-34.14768	SAX_RV_EPICARDIAL	3	1.0	13
-17.63556	-28.59116	-35.86453	SAX_RV_EPICARDIAL	3	1.0	13
-19.86324	-28.59116	-37.58137	SAX_RV_EPICARDIAL	3	1.0	13
-22.09093	-28.59117	-39.29822	SAX_RV_EPICARDIAL	3	1.0	13
-24.31862	-28.59117	-41.01507	SAX_RV_EPICARDIAL	3	1.0	13
-26.54631	-28.59117	-42.73191	SAX_RV_EPICARDIAL	3	1.0	13
-28.77400	-28.59117	-44.44876	SAX_RV_EPICARDIAL	3	1.0	13
-31.00169	-28.59117	-46.16560	SAX_RV_EPICARDIAL	3	1.0	13
-33.22938	-28.59118	-47.88245	SAX_RV_EPICARDIAL	3	1.0	13
-35.45706	-28.59118	-49.59929	SAX_RV_EPICARDIAL	3	1.0	13
-14.69174	12.28525	-74.23967	SAX_RV_SEPTUM	3	1.0	13
-13.52630	10.07571	-71.14451	SAX_RV_SEPTUM	3	1.0	13
-13.47470	7.86618	-68.90777	SAX_RV_SEPTUM	3	1.0	13
-13.42309	5.65664	-66.67104	SAX_RV_SEPTUM	3	1.0	13
-13.37149	3.44711	-64.43430	SAX_RV_SEPTUM	3	1.0	13
-13.31989	1.23757	-62.19757	SAX_RV_SEPTUM	3	1.0	13
-13.26829	-0.97196	-59.96083	SAX_RV_SEPTUM	3	1.0	13
-12.10284	-3.18150	-56.86567	SAX_RV_SEPTUM	3	1.0	13
-12.05124	-5.39103	-54.62893	SAX_RV_SEPTUM	3	1.0	13
-10.88579	-7.60057	-51.53377	SAX_RV_SEPTUM	3	1.0	13
-9.72034	-9.81010	-48.43862	SAX_RV_SEPTUM	3	1.0	13
-8.02378	-10.91487	-46.03261	SAX_RV_SEPTUM	3	1.0	13
-6.32721	-12.01963	-43.62661	SAX_RV_SEPTUM	3	1.0	13
-4.63064	-13.12440	-41.22061	SAX_RV_SEPTUM	3	1.0	13
-2.93407	-14.22917	-38.81461	SAX_RV_SEPTUM	3	1.0	13
-0.70639	-14.22916	-37.09776	SAX_RV_SEPTUM	3	1.0	13
1.52130	-14.22916	-35.38092	SAX_RV_SEPTUM	3	1.0	13
3.74899	-14.22916	-33.66407	SAX_RV_SEPTUM	3	1.0	13
5.97668	-14.22916	-31.94722	SAX_RV_SEPTUM	3	1.0	13
8.20437	-14.22916	-30.23038	SAX_RV_SEPTUM	3	1.0	13
10.96318	-13.12438	-29.20269	SAX_RV_SEPTUM	3	1.0	13
11.54590	-14.22915	-27.65511	SAX_RV_SEPTUM	3	1.0	13
8.78709	-15.33392	-28.68280	SAX_RV_SEPTUM	3	1.0	13
-10.33957	16.70432	-75.27945	SAX_LV_EPICARDIAL	3	1.0	13
-9.27733	18.91386	-76.65776	SAX_LV_EPICARDIAL	3	1.0	13
-7.10124	21.12340	-77.17765	SAX_LV_EPICARDIAL	3	1.0	13
-4.92516	23.33294	-77.69755	SAX_LV_EPICARDIAL	3	1.0	13
-2.74907	25.54247	-78.21744	SAX_LV_EPICARDIAL	3	1.0	13
-0.57299	27.75201	-78.73733	SAX_LV_EPICARDIAL	3	1.0	13
2.71694	29.96155	-78.39879	SAX_LV_EPICARDIAL	3	1.0	13
6.00687	32.17109	-78.06026	SAX_LV_EPICARDIAL	3	1.0	13
8.76568	33.27586	-77.03257	SAX_LV_EPICARDIAL	3	1.0	13
12.05561	35.48540	-76.69404	SAX_LV_EPICARDIAL	3	1.0	13
14.81442	36.59017	-75.66635	SAX_LV_EPICARDIAL	3	1.0	13
17.57323	37.69494	-74.63866	SAX_LV_EPICARDIAL	3	1.0	13
19.80092	37.69494	-72.92182	SAX_LV_EPICARDIAL	3	1.0	13
22.55973	38.79971	-71.89413	SAX_LV_EPICARDIAL	3	1.0	13
24.78742	38.79971	-70.17728	SAX_LV_EPICARDIAL	3	1.0	13
27.54623	39.90448	-69.14959	SAX_LV_EPICARDIAL	3	1.0	13
29.77392	39.90449	-67.43275	SAX_LV_EPICARDIAL	3	1.0	13
32.00161	39.90449	-65.71590	SAX_LV_EPICARDIAL	3	1.0	13
34.22929	39.90449	-63.99906	SAX_LV_EPICARDIAL	3	1.0	13
36.45698	39.90449	-62.28221	SAX_LV_EPICARDIAL	3	1.0	13
38.68467	39.90449	-60.56537	SAX_LV_EPICARDIAL	3	1.0	13
40.38124	38.79973	-58.15936	SAX_LV_EPICARDIAL	3	1.0	13
42.07781	37.69496	-55.75336	SAX_LV_EPICARDIAL	3	1.0	13
43.77437	36.59020	-53.34736	SAX_LV_EPICARDIAL	3	1.0	13
45.47094	35.48543	-50.94136	SAX_LV_EPICARDIAL	3	1.0	13
46.63639	33.27590	-47.84620	SAX_LV_EPICARDIAL	3	1.0	13
47.80183	31.06636	-44.75104	SAX_LV_EPICARDIAL	3	1.0	13
47.85344	28.85683	-42.51430	SAX_LV_EPICARDIAL	3	1.0	13
49.01888	26.64729	-39.41914	SAX_LV_EPICARDIAL	3	1.0	13
49.07049	24.43776	-37.18241	SAX_LV_EPICARDIAL	3	1.0	13
49.12209	22.22822	-34.94567	SAX_LV_EPICARDIAL	3	1.0	13
48.05985	20.01868	-33.56736	SAX_LV_EPICARDIAL	3	1.0	13
48.11145	17.80915	-31.33062	SAX_LV_EPICARDIAL	3	1.0	13
47.04921	15.59961	-29.95231	SAX_LV_EPICARDIAL	3	1.0	13
45.98696	13.39008	-28.57399	SAX_LV_EPICARDIAL	3	1.0	13
44.92472	11.18054	-27.19568	SAX_LV_EPICARDIAL	3	1.0	13
43.86248	8.97100	-25.81737	SAX_LV_EPICARDIAL	3	1.0	13
42.80024	6.76147	-24.43905	SAX_LV_EPICARDIAL	3	1.0	13
40.62415	4.55193	-23.91916	SAX_LV_EPICARDIAL	3	1.0	13
38.44807	2.34239	-23.39927	SAX_LV_EPICARDIAL	3	1.0	13
36.27198	0.13285	-22.87938	SAX_LV_EPICARDIAL	3	1.0	13
34.09589	-2.07668	-22.35949	SAX_LV_EPICARDIAL	3	1.0	13
30.80596	-4.28622	-22.69802	SAX_LV_EPICARDIAL	3	1.0	13
27.51603	-6.49576	-23.03656	SAX_LV_EPICARDIAL	3	1.0	13
24.75722	-7.60053	-24.06424	SAX_LV_EPICARDIAL	3	1.0	13
21.46729	-9.81007	-24.40278	SAX_LV_EPICARDIAL	3	1.0	13
18.70848	-10.91484	-25.43047	SAX_LV_EPICARDIAL	3	1.0	13
15.94967	-12.01961	-26.45815	SAX_LV_EPICARDIAL	3	1.0	13
6.83251	-3.18148	-42.27248	SAX_LV_ENDOCARDIAL	3	1.0	13
5.13594	-2.07671	-44.67848	SAX_LV_ENDOCARDIAL	3	1.0	13
2.90826	-2.07672	-46.39533	SAX_LV_ENDOCARDIAL	3	1.0	13
1.74281	0.13282	-49.49049	SAX_LV_ENDOCARDIAL	3	1.0	13
0.04624	1.23759	-51.89649	SAX_LV_ENDOCARDIAL	3	1.0	13
-1.11920	3.44712	-54.99165	SAX_LV_ENDOCARDIAL	3	1.0	13
-2.81577	4.55189	-57.39765	SAX_LV_ENDOCARDIAL	3	1.0	13
-2.86737	6.76142	-59.63439	SAX_LV_ENDOCARDIAL	3	1.0	13
-2.91898	8.97096	-61.87113	SAX_LV_ENDOCARDIAL	3	1.0	13
-2.97058	11.18049	-64.10786	SAX_LV_ENDOCARDIAL	3	1.0	13
-3.02218	13.39003	-66.34460	SAX_LV_ENDOCARDIAL	3	1.0	13
-1.95994	15.59956	-67.72291	SAX_LV_ENDOCARDIAL	3	1.0	13
-0.89770	17.80910	-69.10122	SAX_LV_ENDOCARDIAL	3	1.0	13
1.27839	20.01864	-69.62112	SAX_LV_ENDOCARDIAL	3	1.0	13
3.45447	22.22818	-70.14101	SAX_LV_ENDOCARDIAL	3	1.0	13
5.63056	24.43771	-70.66090	SAX_LV_ENDOCARDIAL	3	1.0	13
8.92049	26.64725	-70.32236	SAX_LV_ENDOCARDIAL	3	1.0	13
12.21042	28.85679	-69.98383	SAX_LV_ENDOCARDIAL	3	1.0	13
14.43811	28.85679	-68.26699	SAX_LV_ENDOCARDIAL	3	1.0	13
17.19692	29.96156	-67.23930	SAX_LV_ENDOCARDIAL	3	1.0	13
19.95573	31.06633	-66.21161	SAX_LV_ENDOCARDIAL	3	1.0	13
22.18342	31.06634	-64.49476	SAX_LV_ENDOCARDIAL	3	1.0	13
24.41111	31.06634	-62.77792	SAX_LV_ENDOCARDIAL	3	1.0	13
26.63879	31.06634	-61.06107	SAX_LV_ENDOCARDIAL	3	1.0	13
29.39760	32.17111	-60.03338	SAX_LV_ENDOCARDIAL	3	1.0	13
31.09417	31.06635	-57.62738	SAX_LV_ENDOCARDIAL	3	1.0	13
33.32186	31.06635	-55.91054	SAX_LV_ENDOCARDIAL	3	1.0	13
35.01843	29.96158	-53.50453	SAX_LV_ENDOCARDIAL	3	1.0	13
36.71499	28.85682	-51.09853	SAX_LV_ENDOCARDIAL	3	1.0	13
38.41156	27.75205	-48.69253	SAX_LV_ENDOCARDIAL	3	1.0	13
39.57701	25.54252	-45.59737	SAX_LV_ENDOCARDIAL	3	1.0	13
40.74245	23.33298	-42.50221	SAX_LV_ENDOCARDIAL	3	1.0	13
40.79406	21.12345	-40.26547	SAX_LV_ENDOCARDIAL	3	1.0	13
40.84566	18.91391	-38.02874	SAX_LV_ENDOCARDIAL	3	1.0	13
40.89726	16.70437	-35.79200	SAX_LV_ENDOCARDIAL	3	1.0	13
39.83502	14.49484	-34.41369	SAX_LV_ENDOCARDIAL	3	1.0	13
39.88662	12.28530	-32.17695	SAX_LV_ENDOCARDIAL	3	1.0	13
38.82438	10.07577	-30.79864	SAX_LV_ENDOCARDIAL	3	1.0	13
36.64829	7.86623	-30.27875	SAX_LV_ENDOCARDIAL	3	1.0	13
34.47221	5.65669	-29.75886	SAX_LV_ENDOCARDIAL	3	1.0	13
33.40997	3.44715	-28.38054	SAX_LV_ENDOCARDIAL	3	1.0	13
30.12004	1.23762	-28.71908	SAX_LV_ENDOCARDIAL	3	1.0	13
26.83011	-0.97192	-29.05761	SAX_LV_ENDOCARDIAL	3	1.0	13
24.07130	-2.07669	-30.08530	SAX_LV_ENDOCARDIAL	3	1.0	13
21.84361	-2.07670	-31.80214	SAX_LV_ENDOCARDIAL	3	1.0	13
19.08480	-3.18147	-32.82983	SAX_LV_ENDOCARDIAL	3	1.0	13
16.85711	-3.18147	-34.54668	SAX_LV_ENDOCARDIAL	3	1.0	13
14.62942	-3.18147	-36.26352	SAX_LV_ENDOCARDIAL	3	1.0	13
12.40173	-3.18147	-37.98037	SAX_LV_ENDOCARDIAL	3	1.0	13
10.17404	-3.18148	-39.69721	SAX_LV_ENDOCARDIAL	3	1.0	13
7.94636	-3.18148	-41.41406	SAX_LV_ENDOCARDIAL	3	1.0	13
11.54590	-14.22915	-27.65511	RV_INSERT	3	1.0	13
-14.69174	12.28525	-74.23967	RV_INSERT	3	1.0	13
-29.93428	-31.80881	-70.58743	SAX_RV_FREEWALL	4	1.0	13
-31.63085	-30.70404	-72.99343	SAX_RV_FREEWALL	4	1.0	13
-33.32742	-29.59928	-75.39943	SAX_RV_FREEWALL	4	1.0	13
-35.02398	-28.49451	-77.80543	SAX_RV_FREEWALL	4	1.0	13
-36.72055	-27.38974	-80.21144	SAX_RV_FREEWALL	4	1.0	13
-38.41712	-26.28498	-82.61744	SAX_RV_FREEWALL	4	1.0	13
-39.58257	-24.07544	-85.71260	SAX_RV_FREEWALL	4	1.0	13
-39.63417	-21.86591	-87.94933	SAX_RV_FREEWALL	4	1.0	13
-38.57193	-19.65637	-89.32765	SAX_RV_FREEWALL	4	1.0	13
-36.39584	-17.44683	-89.84754	SAX_RV_FREEWALL	4	1.0	13
-33.10591	-15.23729	-89.50901	SAX_RV_FREEWALL	4	1.0	13
-29.81598	-13.02776	-89.17047	SAX_RV_FREEWALL	4	1.0	13
-27.63989	-10.81822	-89.69036	SAX_RV_FREEWALL	4	1.0	13
-24.34996	-8.60868	-89.35183	SAX_RV_FREEWALL	4	1.0	13
-21.59115	-7.50391	-88.32414	SAX_RV_FREEWALL	4	1.0	13
-18.30122	-5.29437	-87.98561	SAX_RV_FREEWALL	4	1.0	13
-15.01129	-3.08483	-87.64708	SAX_RV_FREEWALL	4	1.0	13
-11.72136	-0.87529	-87.30855	SAX_RV_FREEWALL	4	1.0	13
-8.43143	1.33425	-86.97002	SAX_RV_FREEWALL	4	1.0	13
-5.14150	3.54378	-86.63148	SAX_RV_FREEWALL	4	1.0	13
-2.91381	3.54379	-84.91464	SAX_RV_FREEWALL	4	1.0	13
6.61617	-22.97063	-51.20642	SAX_RV_FREEWALL	4	1.0	13
3.85736	-24.07540	-52.23411	SAX_RV_FREEWALL	4	1.0	13
1.62967	-24.07540	-53.95095	SAX_RV_FREEWALL	4	1.0	13
-0.59802	-24.07540	-55.66780	SAX_RV_FREEWALL	4	1.0	13
-3.35683	-25.18018	-56.69549	SAX_RV_FREEWALL	4	1.0	13
-5.58452	-25.18018	-58.41233	SAX_RV_FREEWALL	4	1.0	13
-8.34333	-26.28495	-59.44002	SAX_RV_FREEWALL	4	1.0	13
-11.10214	-27.38972	-60.46771	SAX_RV_FREEWALL	4	1.0	13
-13.86094	-28.49449	-61.49540	SAX_RV_FREEWALL	4	1.0	13
-16.61975	-29.59926	-62.52309	SAX_RV_FREEWALL	4	1.0	13
-19.37856	-30.70403	-63.55078	SAX_RV_FREEWALL	4	1.0	13
-21.60625	-30.70403	-65.26762	SAX_RV_FREEWALL	4	1.0	13
-24.36506	-31.80880	-66.29531	SAX_RV_FREEWALL	4	1.0	13
-26.59275	-31.80880	-68.01216	SAX_RV_FREEWALL	4	1.0	13
-28.82044	-31.80881	-69.72900	SAX_RV_FREEWALL	4	1.0	13
-31.52765	-35.12311	-68.51996	SAX_RV_EPICARDIAL	4	1.0	13
-33.22421	-34.01835	-70.92596	SAX_RV_EPICARDIAL	4	1.0	13
-35.45190	-34.01835	-72.64281	SAX_RV_EPICARDIAL	4	1.0	13
-37.14847	-32.91358	-75.04881	SAX_RV_EPICARDIAL	4	1.0	13
-38.84504	-31.80882	-77.45481	SAX_RV_EPICARDIAL	4	1.0	13
-40.54160	-30.70405	-79.86081	SAX_RV_EPICARDIAL	4	1.0	13
-41.70705	-28.49452	-82.95597	SAX_RV_EPICARDIAL	4	1.0	13
-43.40362	-27.38975	-85.36197	SAX_RV_EPICARDIAL	4	1.0	13
-44.56906	-25.18022	-88.45713	SAX_RV_EPICARDIAL	4	1.0	13
-43.50682	-22.97068	-89.83545	SAX_RV_EPICARDIAL	4	1.0	13
-42.44458	-20.76114	-91.21376	SAX_RV_EPICARDIAL	4	1.0	13
-40.26849	-18.55161	-91.73365	SAX_RV_EPICARDIAL	4	1.0	13
-38.09241	-16.34207	-92.25354	SAX_RV_EPICARDIAL	4	1.0	13
-35.91632	-14.13253	-92.77343	SAX_RV_EPICARDIAL	4	1.0	13
-32.62639	-11.92299	-92.43490	SAX_RV_EPICARDIAL	4	1.0	13
-29.33646	-9.71345	-92.09637	SAX_RV_EPICARDIAL	4	1.0	13
-26.04653	-7.50391	-91.75784	SAX_RV_EPICARDIAL	4	1.0	13
-23.87045	-5.29438	-92.27773	SAX_RV_EPICARDIAL	4	1.0	13
-20.58051	-3.08484	-91.93919	SAX_RV_EPICARDIAL	4	1.0	13
-17.29058	-0.87530	-91.60066	SAX_RV_EPICARDIAL	4	1.0	13
-14.53178	0.22947	-90.57297	SAX_RV_EPICARDIAL	4	1.0	13
-11.24184	2.43901	-90.23444	SAX_RV_EPICARDIAL	4	1.0	13
-7.95191	4.64855	-89.89591	SAX_RV_EPICARDIAL	4	1.0	13
-5.19311	5.75332	-88.86822	SAX_RV_EPICARDIAL	4	1.0	13
-2.43430	6.85809	-87.84053	SAX_RV_EPICARDIAL	4	1.0	13
0.32451	7.96286	-86.81284	SAX_RV_EPICARDIAL	4	1.0	13
-0.68613	3.54379	-83.19779	SAX_RV_EPICARDIAL	4	1.0	13
10.48882	-21.86586	-49.32031	SAX_RV_EPICARDIAL	4	1.0	13
10.54042	-24.07539	-47.08357	SAX_RV_EPICARDIAL	4	1.0	13
7.78161	-25.18016	-48.11126	SAX_RV_EPICARDIAL	4	1.0	13
5.02280	-26.28493	-49.13895	SAX_RV_EPICARDIAL	4	1.0	13
2.79512	-26.28494	-50.85580	SAX_RV_EPICARDIAL	4	1.0	13
0.03631	-27.38971	-51.88348	SAX_RV_EPICARDIAL	4	1.0	13
-2.19138	-27.38971	-53.60033	SAX_RV_EPICARDIAL	4	1.0	13
-4.41907	-27.38971	-55.31718	SAX_RV_EPICARDIAL	4	1.0	13
-7.70900	-29.59925	-55.65571	SAX_RV_EPICARDIAL	4	1.0	13
-10.46781	-30.70402	-56.68340	SAX_RV_EPICARDIAL	4	1.0	13
-13.22662	-31.80879	-57.71109	SAX_RV_EPICARDIAL	4	1.0	13
-15.98543	-32.91356	-58.73877	SAX_RV_EPICARDIAL	4	1.0	13
-18.74424	-34.01833	-59.76646	SAX_RV_EPICARDIAL	4	1.0	13
-20.97193	-34.01833	-61.48331	SAX_RV_EPICARDIAL	4	1.0	13
-23.19961	-34.01834	-63.20015	SAX_RV_EPICARDIAL	4	1.0	13
-25.95842	-35.12311	-64.22784	SAX_RV_EPICARDIAL	4	1.0	13
-28.18611	-35.12311	-65.94469	SAX_RV_EPICARDIAL	4	1.0	13
-30.41380	-35.12311	-67.66153	SAX_RV_EPICARDIAL	4	1.0	13
-0.68613	3.54379	-83.19779	SAX_RV_SEPTUM	4	1.0	13
-1.74837	1.33425	-81.81948	SAX_RV_SEPTUM	4	1.0	13
-1.69677	-0.87528	-79.58274	SAX_RV_SEPTUM	4	1.0	13
-2.75901	-3.08482	-78.20443	SAX_RV_SEPTUM	4	1.0	13
-2.70740	-5.29435	-75.96769	SAX_RV_SEPTUM	4	1.0	13
-2.65580	-7.50389	-73.73096	SAX_RV_SEPTUM	4	1.0	13
-2.60420	-9.71343	-71.49422	SAX_RV_SEPTUM	4	1.0	13
-2.55260	-11.92296	-69.25748	SAX_RV_SEPTUM	4	1.0	13
-1.38715	-14.13250	-66.16232	SAX_RV_SEPTUM	4	1.0	13
0.30942	-15.23726	-63.75632	SAX_RV_SEPTUM	4	1.0	13
1.47486	-17.44680	-60.66116	SAX_RV_SEPTUM	4	1.0	13
3.17143	-18.55156	-58.25516	SAX_RV_SEPTUM	4	1.0	13
5.39912	-18.55156	-56.53832	SAX_RV_SEPTUM	4	1.0	13
7.09569	-19.65633	-54.13231	SAX_RV_SEPTUM	4	1.0	13
8.79225	-20.76109	-51.72631	SAX_RV_SEPTUM	4	1.0	13
9.37498	-21.86586	-50.17873	SAX_RV_SEPTUM	4	1.0	13
3.13493	6.85810	-83.54842	SAX_LV_EPICARDIAL	4	1.0	13
4.19717	9.06763	-84.92673	SAX_LV_EPICARDIAL	4	1.0	13
6.37325	11.27717	-85.44662	SAX_LV_EPICARDIAL	4	1.0	13
8.54934	13.48671	-85.96651	SAX_LV_EPICARDIAL	4	1.0	13
10.72543	15.69625	-86.48640	SAX_LV_EPICARDIAL	4	1.0	13
14.01536	17.90578	-86.14787	SAX_LV_EPICARDIAL	4	1.0	13
17.30529	20.11532	-85.80934	SAX_LV_EPICARDIAL	4	1.0	13
20.06410	21.22009	-84.78165	SAX_LV_EPICARDIAL	4	1.0	13
23.35403	23.42963	-84.44312	SAX_LV_EPICARDIAL	4	1.0	13
26.11284	24.53440	-83.41543	SAX_LV_EPICARDIAL	4	1.0	13
28.87164	25.63917	-82.38774	SAX_LV_EPICARDIAL	4	1.0	13
31.09933	25.63918	-80.67089	SAX_LV_EPICARDIAL	4	1.0	13
33.32702	25.63918	-78.95405	SAX_LV_EPICARDIAL	4	1.0	13
35.55471	25.63918	-77.23720	SAX_LV_EPICARDIAL	4	1.0	13
37.78240	25.63918	-75.52036	SAX_LV_EPICARDIAL	4	1.0	13
40.01009	25.63918	-73.80351	SAX_LV_EPICARDIAL	4	1.0	13
42.23778	25.63919	-72.08666	SAX_LV_EPICARDIAL	4	1.0	13
44.46546	25.63919	-70.36982	SAX_LV_EPICARDIAL	4	1.0	13
46.16203	24.53442	-67.96382	SAX_LV_EPICARDIAL	4	1.0	13
47.85860	23.42966	-65.55781	SAX_LV_EPICARDIAL	4	1.0	13
50.08629	23.42966	-63.84097	SAX_LV_EPICARDIAL	4	1.0	13
51.25173	21.22012	-60.74581	SAX_LV_EPICARDIAL	4	1.0	13
52.94830	20.11536	-58.33981	SAX_LV_EPICARDIAL	4	1.0	13
52.99990	17.90582	-56.10307	SAX_LV_EPICARDIAL	4	1.0	13
54.16535	15.69629	-53.00791	SAX_LV_EPICARDIAL	4	1.0	13
54.21695	13.48675	-50.77118	SAX_LV_EPICARDIAL	4	1.0	13
53.15471	11.27722	-49.39286	SAX_LV_EPICARDIAL	4	1.0	13
53.20631	9.06768	-47.15613	SAX_LV_EPICARDIAL	4	1.0	13
52.14407	6.85814	-45.77781	SAX_LV_EPICARDIAL	4	1.0	13
52.19567	4.64861	-43.54108	SAX_LV_EPICARDIAL	4	1.0	13
51.13343	2.43907	-42.16276	SAX_LV_EPICARDIAL	4	1.0	13
50.07119	0.22954	-40.78445	SAX_LV_EPICARDIAL	4	1.0	13
47.89510	-1.98000	-40.26456	SAX_LV_EPICARDIAL	4	1.0	13
46.83286	-4.18954	-38.88625	SAX_LV_EPICARDIAL	4	1.0	13
44.65678	-6.39908	-38.36635	SAX_LV_EPICARDIAL	4	1.0	13
42.48069	-8.60861	-37.84646	SAX_LV_EPICARDIAL	4	1.0	13
40.30460	-10.81815	-37.32657	SAX_LV_EPICARDIAL	4	1.0	13
37.01467	-13.02769	-37.66511	SAX_LV_EPICARDIAL	4	1.0	13
33.72474	-15.23723	-38.00364	SAX_LV_EPICARDIAL	4	1.0	13
30.96593	-16.34200	-39.03133	SAX_LV_EPICARDIAL	4	1.0	13
27.67600	-18.55154	-39.36986	SAX_LV_EPICARDIAL	4	1.0	13
25.44831	-18.55154	-41.08670	SAX_LV_EPICARDIAL	4	1.0	13
22.68951	-19.65631	-42.11439	SAX_LV_EPICARDIAL	4	1.0	13
19.93070	-20.76108	-43.14208	SAX_LV_EPICARDIAL	4	1.0	13
17.70301	-20.76108	-44.85893	SAX_LV_EPICARDIAL	4	1.0	13
15.47532	-20.76109	-46.57577	SAX_LV_EPICARDIAL	4	1.0	13
13.24763	-20.76109	-48.29262	SAX_LV_EPICARDIAL	4	1.0	13
16.38275	-11.92294	-54.66430	SAX_LV_ENDOCARDIAL	4	1.0	13
14.68619	-10.81818	-57.07030	SAX_LV_ENDOCARDIAL	4	1.0	13
12.98962	-9.71341	-59.47630	SAX_LV_ENDOCARDIAL	4	1.0	13
10.76193	-9.71341	-61.19315	SAX_LV_ENDOCARDIAL	4	1.0	13
9.59648	-7.50388	-64.28831	SAX_LV_ENDOCARDIAL	4	1.0	13
8.43104	-5.29434	-67.38346	SAX_LV_ENDOCARDIAL	4	1.0	13
7.26559	-3.08481	-70.47862	SAX_LV_ENDOCARDIAL	4	1.0	13
7.21399	-0.87527	-72.71536	SAX_LV_ENDOCARDIAL	4	1.0	13
8.27623	1.33426	-74.09367	SAX_LV_ENDOCARDIAL	4	1.0	13
8.22463	3.54380	-76.33041	SAX_LV_ENDOCARDIAL	4	1.0	13
10.40071	5.75334	-76.85030	SAX_LV_ENDOCARDIAL	4	1.0	13
11.46296	7.96287	-78.22861	SAX_LV_ENDOCARDIAL	4	1.0	13
13.63904	10.17241	-78.74850	SAX_LV_ENDOCARDIAL	4	1.0	13
15.81513	12.38195	-79.26839	SAX_LV_ENDOCARDIAL	4	1.0	13
19.10506	14.59149	-78.92986	SAX_LV_ENDOCARDIAL	4	1.0	13
21.86387	15.69626	-77.90217	SAX_LV_ENDOCARDIAL	4	1.0	13
24.62268	16.80103	-76.87448	SAX_LV_ENDOCARDIAL	4	1.0	13
27.38149	17.90580	-75.84680	SAX_LV_ENDOCARDIAL	4	1.0	13
29.60917	17.90580	-74.12995	SAX_LV_ENDOCARDIAL	4	1.0	13
32.36798	19.01057	-73.10226	SAX_LV_ENDOCARDIAL	4	1.0	13
34.59567	19.01057	-71.38542	SAX_LV_ENDOCARDIAL	4	1.0	13
36.29224	17.90581	-68.97941	SAX_LV_ENDOCARDIAL	4	1.0	13
38.51993	17.90581	-67.26257	SAX_LV_ENDOCARDIAL	4	1.0	13
40.21650	16.80104	-64.85657	SAX_LV_ENDOCARDIAL	4	1.0	13
41.91306	15.69628	-62.45056	SAX_LV_ENDOCARDIAL	4	1.0	13
43.07851	13.48674	-59.35540	SAX_LV_ENDOCARDIAL	4	1.0	13
44.24396	11.27721	-56.26024	SAX_LV_ENDOCARDIAL	4	1.0	13
45.40940	9.06767	-53.16509	SAX_LV_ENDOCARDIAL	4	1.0	13
45.46101	6.85814	-50.92835	SAX_LV_ENDOCARDIAL	4	1.0	13
44.39876	4.64860	-49.55004	SAX_LV_ENDOCARDIAL	4	1.0	13
43.33652	2.43907	-48.17172	SAX_LV_ENDOCARDIAL	4	1.0	13
42.27428	0.22953	-46.79341	SAX_LV_ENDOCARDIAL	4	1.0	13
40.09819	-1.98001	-46.27352	SAX_LV_ENDOCARDIAL	4	1.0	13
37.92211	-4.18955	-45.75363	SAX_LV_ENDOCARDIAL	4	1.0	13
35.74602	-6.39908	-45.23374	SAX_LV_ENDOCARDIAL	4	1.0	13
32.45609	-8.60862	-45.57227	SAX_LV_ENDOCARDIAL	4	1.0	13
29.16616	-10.81816	-45.91080	SAX_LV_ENDOCARDIAL	4	1.0	13
26.40735	-11.92293	-46.93849	SAX_LV_ENDOCARDIAL	4	1.0	13
24.17966	-11.92293	-48.65534	SAX_LV_ENDOCARDIAL	4	1.0	13
21.95197	-11.92294	-50.37218	SAX_LV_ENDOCARDIAL	4	1.0	13
19.72429	-11.92294	-52.08903	SAX_LV_ENDOCARDIAL	4	1.0	13
17.49660	-11.92294	-53.80587	SAX_LV_ENDOCARDIAL	4	1.0	13
9.37498	-21.86586	-50.17873	RV_INSERT	4	1.0	13
-2.91381	3.54379	-84.91464	RV_INSERT	4	1.0	13
-20.05933	-30.60736	-92.61584	SAX_RV_FREEWALL	5	1.0	13
-21.75590	-29.50260	-95.02185	SAX_RV_FREEWALL	5	1.0	13
-23.98358	-29.50260	-96.73869	SAX_RV_FREEWALL	5	1.0	13
-24.03519	-27.29306	-98.97543	SAX_RV_FREEWALL	5	1.0	13
-21.27638	-26.18829	-97.94774	SAX_RV_FREEWALL	5	1.0	13
-17.98645	-23.97875	-97.60921	SAX_RV_FREEWALL	5	1.0	13
-14.69652	-21.76921	-97.27067	SAX_RV_FREEWALL	5	1.0	13
-11.40659	-19.55968	-96.93214	SAX_RV_FREEWALL	5	1.0	13
-8.11666	-17.35014	-96.59361	SAX_RV_FREEWALL	5	1.0	13
-4.82673	-15.14060	-96.25508	SAX_RV_FREEWALL	5	1.0	13
-1.53680	-12.93106	-95.91654	SAX_RV_FREEWALL	5	1.0	13
1.75313	-10.72152	-95.57801	SAX_RV_FREEWALL	5	1.0	13
5.04306	-8.51198	-95.23948	SAX_RV_FREEWALL	5	1.0	13
7.80187	-7.40721	-94.21179	SAX_RV_FREEWALL	5	1.0	13
10.56068	-6.30244	-93.18410	SAX_RV_FREEWALL	5	1.0	13
10.97350	-23.97872	-75.29021	SAX_RV_FREEWALL	5	1.0	13
8.21469	-25.08349	-76.31790	SAX_RV_FREEWALL	5	1.0	13
5.98700	-25.08350	-78.03475	SAX_RV_FREEWALL	5	1.0	13
3.75932	-25.08350	-79.75159	SAX_RV_FREEWALL	5	1.0	13
1.00051	-26.18827	-80.77928	SAX_RV_FREEWALL	5	1.0	13
-1.75830	-27.29304	-81.80697	SAX_RV_FREEWALL	5	1.0	13
-4.51711	-28.39781	-82.83466	SAX_RV_FREEWALL	5	1.0	13
-6.74480	-28.39781	-84.55151	SAX_RV_FREEWALL	5	1.0	13
-9.50361	-29.50258	-85.57919	SAX_RV_FREEWALL	5	1.0	13
-11.73130	-29.50259	-87.29604	SAX_RV_FREEWALL	5	1.0	13
-13.95899	-29.50259	-89.01289	SAX_RV_FREEWALL	5	1.0	13
-16.71780	-30.60736	-90.04057	SAX_RV_FREEWALL	5	1.0	13
-18.94548	-30.60736	-91.75742	SAX_RV_FREEWALL	5	1.0	13
-25.57695	-32.81690	-94.67122	SAX_RV_EPICARDIAL	5	1.0	13
-26.74239	-30.60737	-97.76638	SAX_RV_EPICARDIAL	5	1.0	13
-23.98358	-29.50260	-96.73869	SAX_RV_EPICARDIAL	5	1.0	13
-24.03519	-27.29306	-98.97543	SAX_RV_EPICARDIAL	5	1.0	13
-22.97295	-25.08353	-100.35374	SAX_RV_EPICARDIAL	5	1.0	13
-19.68301	-22.87399	-100.01521	SAX_RV_EPICARDIAL	5	1.0	13
-16.39308	-20.66445	-99.67668	SAX_RV_EPICARDIAL	5	1.0	13
-13.10315	-18.45491	-99.33814	SAX_RV_EPICARDIAL	5	1.0	13
-10.92707	-16.24537	-99.85803	SAX_RV_EPICARDIAL	5	1.0	13
-7.63714	-14.03583	-99.51950	SAX_RV_EPICARDIAL	5	1.0	13
-4.34721	-11.82629	-99.18097	SAX_RV_EPICARDIAL	5	1.0	13
-1.05728	-9.61676	-98.84244	SAX_RV_EPICARDIAL	5	1.0	13
1.70153	-8.51198	-97.81475	SAX_RV_EPICARDIAL	5	1.0	13
4.99146	-6.30245	-97.47622	SAX_RV_EPICARDIAL	5	1.0	13
7.75027	-5.19768	-96.44853	SAX_RV_EPICARDIAL	5	1.0	13
10.50908	-4.09290	-95.42084	SAX_RV_EPICARDIAL	5	1.0	13
13.26789	-2.98813	-94.39315	SAX_RV_EPICARDIAL	5	1.0	13
15.49558	-2.98813	-92.67630	SAX_RV_EPICARDIAL	5	1.0	13
13.90222	-6.30244	-90.60883	SAX_RV_EPICARDIAL	5	1.0	13
16.01160	-25.08349	-70.30894	SAX_RV_EPICARDIAL	5	1.0	13
14.36664	-26.18826	-70.47821	SAX_RV_EPICARDIAL	5	1.0	13
11.60783	-27.29303	-71.50590	SAX_RV_EPICARDIAL	5	1.0	13
9.38014	-27.29303	-73.22274	SAX_RV_EPICARDIAL	5	1.0	13
7.15245	-27.29303	-74.93959	SAX_RV_EPICARDIAL	5	1.0	13
4.39364	-28.39780	-75.96728	SAX_RV_EPICARDIAL	5	1.0	13
2.16595	-28.39780	-77.68412	SAX_RV_EPICARDIAL	5	1.0	13
-0.59286	-29.50257	-78.71181	SAX_RV_EPICARDIAL	5	1.0	13
-3.35167	-30.60734	-79.73950	SAX_RV_EPICARDIAL	5	1.0	13
-5.57935	-30.60735	-81.45635	SAX_RV_EPICARDIAL	5	1.0	13
-8.33816	-31.71212	-82.48404	SAX_RV_EPICARDIAL	5	1.0	13
-10.56585	-31.71212	-84.20088	SAX_RV_EPICARDIAL	5	1.0	13
-12.79354	-31.71212	-85.91773	SAX_RV_EPICARDIAL	5	1.0	13
-15.55235	-32.81689	-86.94542	SAX_RV_EPICARDIAL	5	1.0	13
-17.78004	-32.81689	-88.66226	SAX_RV_EPICARDIAL	5	1.0	13
-20.00773	-32.81690	-90.37911	SAX_RV_EPICARDIAL	5	1.0	13
-22.23542	-32.81690	-92.09595	SAX_RV_EPICARDIAL	5	1.0	13
-24.46310	-32.81690	-93.81280	SAX_RV_EPICARDIAL	5	1.0	13
12.78837	-6.30244	-91.46726	SAX_RV_SEPTUM	5	1.0	13
12.83997	-8.51197	-89.23052	SAX_RV_SEPTUM	5	1.0	13
11.77773	-10.72151	-87.85221	SAX_RV_SEPTUM	5	1.0	13
11.82933	-12.93105	-85.61547	SAX_RV_SEPTUM	5	1.0	13
11.88094	-15.14058	-83.37873	SAX_RV_SEPTUM	5	1.0	13
11.93254	-17.35012	-81.14200	SAX_RV_SEPTUM	5	1.0	13
13.09799	-19.55965	-78.04684	SAX_RV_SEPTUM	5	1.0	13
14.26343	-21.76919	-74.95168	SAX_RV_SEPTUM	5	1.0	13
13.20119	-23.97872	-73.57337	SAX_RV_SEPTUM	5	1.0	13
20.46698	-25.08348	-66.87525	SAX_LV_EPICARDIAL	5	1.0	13
18.77041	-23.97872	-69.28125	SAX_LV_EPICARDIAL	5	1.0	13
17.07384	-22.87395	-71.68726	SAX_LV_EPICARDIAL	5	1.0	13
17.19215	-4.09290	-90.27030	SAX_LV_EPICARDIAL	5	1.0	13
19.36823	-1.88336	-90.79019	SAX_LV_EPICARDIAL	5	1.0	13
21.54432	0.32618	-91.31008	SAX_LV_EPICARDIAL	5	1.0	13
24.83425	2.53572	-90.97155	SAX_LV_EPICARDIAL	5	1.0	13
27.59306	3.64049	-89.94386	SAX_LV_EPICARDIAL	5	1.0	13
30.35187	4.74526	-88.91617	SAX_LV_EPICARDIAL	5	1.0	13
33.11068	5.85003	-87.88848	SAX_LV_EPICARDIAL	5	1.0	13
35.86949	6.95480	-86.86080	SAX_LV_EPICARDIAL	5	1.0	13
38.09717	6.95480	-85.14395	SAX_LV_EPICARDIAL	5	1.0	13
40.32486	6.95480	-83.42710	SAX_LV_EPICARDIAL	5	1.0	13
42.55255	6.95480	-81.71026	SAX_LV_EPICARDIAL	5	1.0	13
44.78024	6.95481	-79.99341	SAX_LV_EPICARDIAL	5	1.0	13
47.00793	6.95481	-78.27657	SAX_LV_EPICARDIAL	5	1.0	13
49.23562	6.95481	-76.55972	SAX_LV_EPICARDIAL	5	1.0	13
50.93218	5.85005	-74.15372	SAX_LV_EPICARDIAL	5	1.0	13
52.62875	4.74528	-71.74772	SAX_LV_EPICARDIAL	5	1.0	13
53.79420	2.53574	-68.65256	SAX_LV_EPICARDIAL	5	1.0	13
54.95965	0.32621	-65.55740	SAX_LV_EPICARDIAL	5	1.0	13
55.01125	-1.88333	-63.32066	SAX_LV_EPICARDIAL	5	1.0	13
53.94901	-4.09286	-61.94235	SAX_LV_EPICARDIAL	5	1.0	13
52.88676	-6.30240	-60.56404	SAX_LV_EPICARDIAL	5	1.0	13
51.82452	-8.51193	-59.18572	SAX_LV_EPICARDIAL	5	1.0	13
50.76228	-10.72147	-57.80741	SAX_LV_EPICARDIAL	5	1.0	13
49.70004	-12.93101	-56.42910	SAX_LV_EPICARDIAL	5	1.0	13
47.52395	-15.14055	-55.90920	SAX_LV_EPICARDIAL	5	1.0	13
45.34787	-17.35008	-55.38931	SAX_LV_EPICARDIAL	5	1.0	13
42.05794	-19.55962	-55.72785	SAX_LV_EPICARDIAL	5	1.0	13
38.76801	-21.76916	-56.06638	SAX_LV_EPICARDIAL	5	1.0	13
36.00920	-22.87393	-57.09407	SAX_LV_EPICARDIAL	5	1.0	13
33.25039	-23.97870	-58.12176	SAX_LV_EPICARDIAL	5	1.0	13
30.49158	-25.08347	-59.14945	SAX_LV_EPICARDIAL	5	1.0	13
28.26389	-25.08347	-60.86629	SAX_LV_EPICARDIAL	5	1.0	13
26.03620	-25.08348	-62.58314	SAX_LV_EPICARDIAL	5	1.0	13
23.80851	-25.08348	-64.29998	SAX_LV_EPICARDIAL	5	1.0	13
21.58082	-25.08348	-66.01683	SAX_LV_EPICARDIAL	5	1.0	13
24.18483	-17.35010	-71.69935	SAX_LV_ENDOCARDIAL	5	1.0	13
23.01938	-15.14057	-74.79451	SAX_LV_ENDOCARDIAL	5	1.0	13
21.32281	-14.03580	-77.20051	SAX_LV_ENDOCARDIAL	5	1.0	13
20.15737	-11.82627	-80.29567	SAX_LV_ENDOCARDIAL	5	1.0	13
21.21961	-9.61673	-81.67398	SAX_LV_ENDOCARDIAL	5	1.0	13
22.28185	-7.40720	-83.05230	SAX_LV_ENDOCARDIAL	5	1.0	13
23.34409	-5.19766	-84.43061	SAX_LV_ENDOCARDIAL	5	1.0	13
26.63402	-2.98812	-84.09208	SAX_LV_ENDOCARDIAL	5	1.0	13
29.92395	-0.77858	-83.75354	SAX_LV_ENDOCARDIAL	5	1.0	13
32.68276	0.32619	-82.72586	SAX_LV_ENDOCARDIAL	5	1.0	13
34.91045	0.32619	-81.00901	SAX_LV_ENDOCARDIAL	5	1.0	13
37.66926	1.43096	-79.98132	SAX_LV_ENDOCARDIAL	5	1.0	13
39.89695	1.43096	-78.26448	SAX_LV_ENDOCARDIAL	5	1.0	13
41.59351	0.32620	-75.85847	SAX_LV_ENDOCARDIAL	5	1.0	13
43.82120	0.32620	-74.14163	SAX_LV_ENDOCARDIAL	5	1.0	13
44.98665	-1.88334	-71.04647	SAX_LV_ENDOCARDIAL	5	1.0	13
45.56937	-2.98810	-69.49889	SAX_LV_ENDOCARDIAL	5	1.0	13
45.62098	-5.19764	-67.26215	SAX_LV_ENDOCARDIAL	5	1.0	13
44.55873	-7.40717	-65.88384	SAX_LV_ENDOCARDIAL	5	1.0	13
43.49649	-9.61671	-64.50553	SAX_LV_ENDOCARDIAL	5	1.0	13
41.32041	-11.82625	-63.98563	SAX_LV_ENDOCARDIAL	5	1.0	13
39.14432	-14.03579	-63.46574	SAX_LV_ENDOCARDIAL	5	1.0	13
35.85439	-16.24533	-63.80428	SAX_LV_ENDOCARDIAL	5	1.0	13
33.09558	-17.35010	-64.83197	SAX_LV_ENDOCARDIAL	5	1.0	13
30.86789	-17.35010	-66.54881	SAX_LV_ENDOCARDIAL	5	1.0	13
28.64020	-17.35010	-68.26566	SAX_LV_ENDOCARDIAL	5	1.0	13
26.41251	-17.35010	-69.98250	SAX_LV_ENDOCARDIAL	5	1.0	13
12.78837	-6.30244	-91.46726	RV_INSERT	5	1.0	13
13.20119	-23.97872	-73.57337	RV_INSERT	5	1.0	13
12.57303	-26.09259	-100.40169	SAX_RV_FREEWALL	6	1.0	13
10.87646	-24.98782	-102.80770	SAX_RV_FREEWALL	6	1.0	13
10.82486	-22.77829	-105.04443	SAX_RV_FREEWALL	6	1.0	13
13.00094	-20.56875	-105.56432	SAX_RV_FREEWALL	6	1.0	13
16.29087	-18.35921	-105.22579	SAX_RV_FREEWALL	6	1.0	13
19.04968	-17.25444	-104.19810	SAX_RV_FREEWALL	6	1.0	13
21.27737	-17.25444	-102.48126	SAX_RV_FREEWALL	6	1.0	13
19.78721	-24.98781	-95.94031	SAX_RV_FREEWALL	6	1.0	13
17.02840	-26.09258	-96.96800	SAX_RV_FREEWALL	6	1.0	13
14.80072	-26.09259	-98.68485	SAX_RV_FREEWALL	6	1.0	13
9.28310	-28.30213	-100.74023	SAX_RV_EPICARDIAL	6	1.0	13
7.58653	-27.19736	-103.14623	SAX_RV_EPICARDIAL	6	1.0	13
6.42108	-24.98783	-106.24139	SAX_RV_EPICARDIAL	6	1.0	13
7.48333	-22.77829	-107.61970	SAX_RV_EPICARDIAL	6	1.0	13
9.65941	-20.56875	-108.13959	SAX_RV_EPICARDIAL	6	1.0	13
12.94934	-18.35921	-107.80106	SAX_RV_EPICARDIAL	6	1.0	13
15.70815	-17.25444	-106.77337	SAX_RV_EPICARDIAL	6	1.0	13
18.46696	-16.14967	-105.74568	SAX_RV_EPICARDIAL	6	1.0	13
20.69465	-16.14967	-104.02884	SAX_RV_EPICARDIAL	6	1.0	13
22.92234	-16.14967	-102.31199	SAX_RV_EPICARDIAL	6	1.0	13
25.68115	-15.04490	-101.28430	SAX_RV_EPICARDIAL	6	1.0	13
24.08778	-18.35920	-99.21683	SAX_RV_EPICARDIAL	6	1.0	13
20.95266	-27.19735	-92.84516	SAX_RV_EPICARDIAL	6	1.0	13
18.19385	-28.30212	-93.87284	SAX_RV_EPICARDIAL	6	1.0	13
15.96616	-28.30212	-95.58969	SAX_RV_EPICARDIAL	6	1.0	13
13.73847	-28.30212	-97.30654	SAX_RV_EPICARDIAL	6	1.0	13
11.51079	-28.30213	-99.02338	SAX_RV_EPICARDIAL	6	1.0	13
22.97394	-18.35920	-100.07525	SAX_RV_SEPTUM	6	1.0	13
24.13939	-20.56874	-96.98010	SAX_RV_SEPTUM	6	1.0	13
23.07714	-22.77828	-95.60178	SAX_RV_SEPTUM	6	1.0	13
22.54602	-23.88304	-94.91263	SAX_RV_SEPTUM	6	1.0	13
29.91502	-29.40687	-83.74104	SAX_LV_EPICARDIAL	6	1.0	13
28.21845	-28.30211	-86.14704	SAX_LV_EPICARDIAL	6	1.0	13
26.52188	-27.19734	-88.55304	SAX_LV_EPICARDIAL	6	1.0	13
24.82531	-26.09258	-90.95904	SAX_LV_EPICARDIAL	6	1.0	13
27.90883	-15.04490	-99.56746	SAX_LV_EPICARDIAL	6	1.0	13
30.08492	-12.83536	-100.08735	SAX_LV_EPICARDIAL	6	1.0	13
33.37485	-10.62582	-99.74881	SAX_LV_EPICARDIAL	6	1.0	13
36.13366	-9.52105	-98.72113	SAX_LV_EPICARDIAL	6	1.0	13
38.89247	-8.41628	-97.69344	SAX_LV_EPICARDIAL	6	1.0	13
41.12016	-8.41628	-95.97659	SAX_LV_EPICARDIAL	6	1.0	13
43.34785	-8.41627	-94.25975	SAX_LV_EPICARDIAL	6	1.0	13
45.57554	-8.41627	-92.54290	SAX_LV_EPICARDIAL	6	1.0	13
47.80322	-8.41627	-90.82605	SAX_LV_EPICARDIAL	6	1.0	13
49.49979	-9.52104	-88.42005	SAX_LV_EPICARDIAL	6	1.0	13
49.55139	-11.73057	-86.18332	SAX_LV_EPICARDIAL	6	1.0	13
49.60300	-13.94011	-83.94658	SAX_LV_EPICARDIAL	6	1.0	13
49.65460	-16.14964	-81.70984	SAX_LV_EPICARDIAL	6	1.0	13
48.59236	-18.35918	-80.33153	SAX_LV_EPICARDIAL	6	1.0	13
47.53011	-20.56872	-78.95322	SAX_LV_EPICARDIAL	6	1.0	13
45.35403	-22.77825	-78.43333	SAX_LV_EPICARDIAL	6	1.0	13
43.17794	-24.98779	-77.91344	SAX_LV_EPICARDIAL	6	1.0	13
39.88801	-27.19733	-78.25197	SAX_LV_EPICARDIAL	6	1.0	13
37.12920	-28.30210	-79.27966	SAX_LV_EPICARDIAL	6	1.0	13
34.37039	-29.40687	-80.30735	SAX_LV_EPICARDIAL	6	1.0	13
32.14270	-29.40687	-82.02419	SAX_LV_EPICARDIAL	6	1.0	13
33.10174	-22.77827	-87.87598	SAX_LV_ENDOCARDIAL	6	1.0	13
31.93630	-20.56873	-90.97114	SAX_LV_ENDOCARDIAL	6	1.0	13
31.88469	-18.35920	-93.20787	SAX_LV_ENDOCARDIAL	6	1.0	13
32.94694	-16.14966	-94.58619	SAX_LV_ENDOCARDIAL	6	1.0	13
35.12302	-13.94012	-95.10608	SAX_LV_ENDOCARDIAL	6	1.0	13
37.88183	-12.83535	-94.07839	SAX_LV_ENDOCARDIAL	6	1.0	13
40.10952	-12.83535	-92.36154	SAX_LV_ENDOCARDIAL	6	1.0	13
42.33721	-12.83535	-90.64470	SAX_LV_ENDOCARDIAL	6	1.0	13
42.38881	-15.04488	-88.40796	SAX_LV_ENDOCARDIAL	6	1.0	13
42.44041	-17.25442	-86.17122	SAX_LV_ENDOCARDIAL	6	1.0	13
41.37817	-19.46395	-84.79291	SAX_LV_ENDOCARDIAL	6	1.0	13
39.20208	-21.67349	-84.27302	SAX_LV_ENDOCARDIAL	6	1.0	13
36.44327	-22.77826	-85.30071	SAX_LV_ENDOCARDIAL	6	1.0	13
34.21559	-22.77826	-87.01755	SAX_LV_ENDOCARDIAL	6	1.0	13
22.54602	-23.88304	-94.91263	RV_INSERT	6	1.0	13
22.97394	-18.35920	-100.07525	RV_INSERT	6	1.0	13
8.66525	19.39290	-25.53532	LAX_LV_ENDOCARDIAL	9	1.0	13
10.46804	17.22457	-26.92671	LAX_LV_ENDOCARDIAL	9	1.0	13
12.27083	15.05623	-28.31809	LAX_LV_ENDOCARDIAL	9	1.0	13
14.01858	12.85275	-28.30475	LAX_LV_ENDOCARDIAL	9	1.0	13
15.82137	10.68441	-29.69613	LAX_LV_ENDOCARDIAL	9	1.0	13
17.56912	8.48092	-29.68279	LAX_LV_ENDOCARDIAL	9	1.0	13
19.31686	6.27744	-29.66944	LAX_LV_ENDOCARDIAL	9	1.0	13
21.06461	4.07395	-29.65610	LAX_LV_ENDOCARDIAL	9	1.0	13
22.81236	1.87046	-29.64275	LAX_LV_ENDOCARDIAL	9	1.0	13
24.56010	-0.33302	-29.62940	LAX_LV_ENDOCARDIAL	9	1.0	13
26.36290	-2.50136	-31.02079	LAX_LV_ENDOCARDIAL	9	1.0	13
28.22073	-4.63454	-33.81691	LAX_LV_ENDOCARDIAL	9	1.0	13
30.07857	-6.76772	-36.61303	LAX_LV_ENDOCARDIAL	9	1.0	13
31.06253	-7.79916	-39.41582	LAX_LV_ENDOCARDIAL	9	1.0	13
32.04649	-8.83060	-42.21861	LAX_LV_ENDOCARDIAL	9	1.0	13
33.03045	-9.86204	-45.02141	LAX_LV_ENDOCARDIAL	9	1.0	13
34.01442	-10.89348	-47.82420	LAX_LV_ENDOCARDIAL	9	1.0	13
34.99838	-11.92492	-50.62699	LAX_LV_ENDOCARDIAL	9	1.0	13
35.98234	-12.95636	-53.42978	LAX_LV_ENDOCARDIAL	9	1.0	13
36.09243	-12.88606	-56.23925	LAX_LV_ENDOCARDIAL	9	1.0	13
37.07639	-13.91750	-59.04204	LAX_LV_ENDOCARDIAL	9	1.0	13
38.06035	-14.94894	-61.84483	LAX_LV_ENDOCARDIAL	9	1.0	13
39.04432	-15.98038	-64.64763	LAX_LV_ENDOCARDIAL	9	1.0	13
40.02828	-17.01182	-67.45042	LAX_LV_ENDOCARDIAL	9	1.0	13
41.01224	-18.04326	-70.25321	LAX_LV_ENDOCARDIAL	9	1.0	13
41.12233	-17.97295	-73.06268	LAX_LV_ENDOCARDIAL	9	1.0	13
42.10629	-19.00439	-75.86547	LAX_LV_ENDOCARDIAL	9	1.0	13
42.21638	-18.93409	-78.67493	LAX_LV_ENDOCARDIAL	9	1.0	13
42.32647	-18.86378	-81.48440	LAX_LV_ENDOCARDIAL	9	1.0	13
42.43656	-18.79348	-84.29387	LAX_LV_ENDOCARDIAL	9	1.0	13
42.54665	-18.72318	-87.10333	LAX_LV_ENDOCARDIAL	9	1.0	13
41.78287	-17.55113	-89.91947	LAX_LV_ENDOCARDIAL	9	1.0	13
41.89295	-17.48083	-92.72893	LAX_LV_ENDOCARDIAL	9	1.0	13
41.12917	-16.30878	-95.54507	LAX_LV_ENDOCARDIAL	9	1.0	13
39.43647	-14.07014	-96.96315	LAX_LV_ENDOCARDIAL	9	1.0	13
37.68872	-11.86665	-96.97650	LAX_LV_ENDOCARDIAL	9	1.0	13
35.88593	-9.69832	-95.58511	LAX_LV_ENDOCARDIAL	9	1.0	13
34.02810	-7.56514	-92.78899	LAX_LV_ENDOCARDIAL	9	1.0	13
32.22530	-5.39680	-91.39760	LAX_LV_ENDOCARDIAL	9	1.0	13
30.42251	-3.22847	-90.00622	LAX_LV_ENDOCARDIAL	9	1.0	13
28.61972	-1.06013	-88.61483	LAX_LV_ENDOCARDIAL	9	1.0	13
26.81693	1.10820	-87.22344	LAX_LV_ENDOCARDIAL	9	1.0	13
25.06918	3.31169	-87.23679	LAX_LV_ENDOCARDIAL	9	1.0	13
23.26639	5.48003	-85.84540	LAX_LV_ENDOCARDIAL	9	1.0	13
21.51865	7.68351	-85.85875	LAX_LV_ENDOCARDIAL	9	1.0	13
19.71586	9.85185	-84.46736	LAX_LV_ENDOCARDIAL	9	1.0	13
17.96811	12.05534	-84.48071	LAX_LV_ENDOCARDIAL	9	1.0	13
16.22036	14.25882	-84.49405	LAX_LV_ENDOCARDIAL	9	1.0	13
14.41757	16.42716	-83.10267	LAX_LV_ENDOCARDIAL	9	1.0	13
12.61478	18.59549	-81.71128	LAX_LV_ENDOCARDIAL	9	1.0	13
10.81199	20.76383	-80.31989	LAX_LV_ENDOCARDIAL	9	1.0	13
9.00920	22.93216	-78.92850	LAX_LV_ENDOCARDIAL	9	1.0	13
7.15136	25.06535	-76.13239	LAX_LV_ENDOCARDIAL	9	1.0	13
5.34857	27.23368	-74.74100	LAX_LV_ENDOCARDIAL	9	1.0	13
3.49074	29.36686	-71.94488	LAX_LV_ENDOCARDIAL	9	1.0	13
2.50677	30.39830	-69.14209	LAX_LV_ENDOCARDIAL	9	1.0	13
1.52281	31.42974	-66.33929	LAX_LV_ENDOCARDIAL	9	1.0	13
-0.33503	33.56293	-63.54317	LAX_LV_ENDOCARDIAL	9	1.0	13
-2.19286	35.69611	-60.74706	LAX_LV_ENDOCARDIAL	9	1.0	13
18.00263	7.09797	-18.43825	LAX_LV_EPICARDIAL	9	1.0	13
19.80543	4.92963	-19.82964	LAX_LV_EPICARDIAL	9	1.0	13
21.55317	2.72614	-19.81629	LAX_LV_EPICARDIAL	9	1.0	13
23.35596	0.55781	-21.20768	LAX_LV_EPICARDIAL	9	1.0	13
25.10371	-1.64568	-21.19434	LAX_LV_EPICARDIAL	9	1.0	13
26.90650	-3.81401	-22.58572	LAX_LV_EPICARDIAL	9	1.0	13
28.70929	-5.98235	-23.97711	LAX_LV_EPICARDIAL	9	1.0	13
30.51208	-8.15068	-25.36850	LAX_LV_EPICARDIAL	9	1.0	13
32.36992	-10.28387	-28.16462	LAX_LV_EPICARDIAL	9	1.0	13
34.22775	-12.41705	-30.96073	LAX_LV_EPICARDIAL	9	1.0	13
35.21172	-13.44849	-33.76353	LAX_LV_EPICARDIAL	9	1.0	13
36.19568	-14.47993	-36.56632	LAX_LV_EPICARDIAL	9	1.0	13
38.05352	-16.61311	-39.36244	LAX_LV_EPICARDIAL	9	1.0	13
38.16360	-16.54281	-42.17190	LAX_LV_EPICARDIAL	9	1.0	13
39.14757	-17.57425	-44.97470	LAX_LV_EPICARDIAL	9	1.0	13
40.13153	-18.60569	-47.77749	LAX_LV_EPICARDIAL	9	1.0	13
41.11549	-19.63713	-50.58028	LAX_LV_EPICARDIAL	9	1.0	13
42.09945	-20.66857	-53.38307	LAX_LV_EPICARDIAL	9	1.0	13
42.20954	-20.59826	-56.19254	LAX_LV_EPICARDIAL	9	1.0	13
43.19351	-21.62970	-58.99533	LAX_LV_EPICARDIAL	9	1.0	13
43.30359	-21.55940	-61.80480	LAX_LV_EPICARDIAL	9	1.0	13
44.28756	-22.59084	-64.60759	LAX_LV_EPICARDIAL	9	1.0	13
45.27152	-23.62228	-67.41038	LAX_LV_EPICARDIAL	9	1.0	13
45.38161	-23.55197	-70.21985	LAX_LV_EPICARDIAL	9	1.0	13
45.49170	-23.48167	-73.02931	LAX_LV_EPICARDIAL	9	1.0	13
46.47566	-24.51311	-75.83211	LAX_LV_EPICARDIAL	9	1.0	13
46.58575	-24.44281	-78.64157	LAX_LV_EPICARDIAL	9	1.0	13
46.69584	-24.37250	-81.45104	LAX_LV_EPICARDIAL	9	1.0	13
45.93205	-23.20045	-84.26717	LAX_LV_EPICARDIAL	9	1.0	13
46.04214	-23.13015	-87.07664	LAX_LV_EPICARDIAL	9	1.0	13
45.27836	-21.95810	-89.89278	LAX_LV_EPICARDIAL	9	1.0	13
45.38845	-21.88780	-92.70224	LAX_LV_EPICARDIAL	9	1.0	13
44.62466	-20.71575	-95.51838	LAX_LV_EPICARDIAL	9	1.0	13
43.86088	-19.54371	-98.33452	LAX_LV_EPICARDIAL	9	1.0	13
43.09710	-18.37166	-101.15066	LAX_LV_EPICARDIAL	9	1.0	13
41.40439	-16.13302	-102.56874	LAX_LV_EPICARDIAL	9	1.0	13
39.65665	-13.92953	-102.58208	LAX_LV_EPICARDIAL	9	1.0	13
37.90890	-11.72605	-102.59543	LAX_LV_EPICARDIAL	9	1.0	13
36.10611	-9.55771	-101.20404	LAX_LV_EPICARDIAL	9	1.0	13
34.30332	-7.38938	-99.81265	LAX_LV_EPICARDIAL	9	1.0	13
32.55557	-5.18589	-99.82600	LAX_LV_EPICARDIAL	9	1.0	13
30.75278	-3.01755	-98.43461	LAX_LV_EPICARDIAL	9	1.0	13
28.94999	-0.84922	-97.04323	LAX_LV_EPICARDIAL	9	1.0	13
27.20224	1.35427	-97.05657	LAX_LV_EPICARDIAL	9	1.0	13
25.39945	3.52260	-95.66518	LAX_LV_EPICARDIAL	9	1.0	13
23.65171	5.72609	-95.67853	LAX_LV_EPICARDIAL	9	1.0	13
21.84891	7.89442	-94.28714	LAX_LV_EPICARDIAL	9	1.0	13
20.10117	10.09791	-94.30049	LAX_LV_EPICARDIAL	9	1.0	13
18.29838	12.26625	-92.90910	LAX_LV_EPICARDIAL	9	1.0	13
16.49559	14.43458	-91.51772	LAX_LV_EPICARDIAL	9	1.0	13
14.74784	16.63807	-91.53106	LAX_LV_EPICARDIAL	9	1.0	13
12.94505	18.80640	-90.13967	LAX_LV_EPICARDIAL	9	1.0	13
11.14226	20.97474	-88.74829	LAX_LV_EPICARDIAL	9	1.0	13
9.33947	23.14307	-87.35690	LAX_LV_EPICARDIAL	9	1.0	13
7.53667	25.31141	-85.96551	LAX_LV_EPICARDIAL	9	1.0	13
5.78893	27.51490	-85.97886	LAX_LV_EPICARDIAL	9	1.0	13
3.98614	29.68323	-84.58747	LAX_LV_EPICARDIAL	9	1.0	13
2.12830	31.81641	-81.79135	LAX_LV_EPICARDIAL	9	1.0	13
0.32551	33.98475	-80.39997	LAX_LV_EPICARDIAL	9	1.0	13
-1.47728	36.15308	-79.00858	LAX_LV_EPICARDIAL	9	1.0	13
-3.33512	38.28627	-76.21246	LAX_LV_EPICARDIAL	9	1.0	13
-4.31908	39.31771	-73.40967	LAX_LV_EPICARDIAL	9	1.0	13
-5.30304	40.34915	-70.60688	LAX_LV_EPICARDIAL	9	1.0	13
-6.28700	41.38059	-67.80408	LAX_LV_EPICARDIAL	9	1.0	13
-6.39709	41.31028	-64.99462	LAX_LV_EPICARDIAL	9	1.0	13
-5.63331	40.13823	-62.17848	LAX_LV_EPICARDIAL	9	1.0	13
-4.86953	38.96619	-59.36234	LAX_LV_EPICARDIAL	9	1.0	13
8.50012	19.28745	-21.32112	LAX_LV_EPICARDIAL	9	1.0	13
10.19282	17.04881	-19.90304	LAX_LV_EPICARDIAL	9	1.0	13
11.94057	14.84532	-19.88970	LAX_LV_EPICARDIAL	9	1.0	13
13.63327	12.60668	-18.47162	LAX_LV_EPICARDIAL	9	1.0	13
15.38101	10.40320	-18.45827	LAX_LV_EPICARDIAL	9	1.0	13
17.12876	8.19971	-18.44493	LAX_LV_EPICARDIAL	9	1.0	13
-4.10574	37.79414	-56.54620	MITRAL_VALVE	9	1.0	13
5.98859	22.66298	-24.15060	MITRAL_VALVE	9	1.0	13
-27.08795	-13.23885	-7.91565	LAX_RV_FREEWALL	8	1.0	1.0
-25.56298	-14.59730	-10.30663	LAX_RV_FREEWALL	8	1.0	1.0
-24.03801	-15.95575	-12.69761	LAX_RV_FREEWALL	8	1.0	1.0
-22.23413	-15.95575	-14.85543	LAX_RV_FREEWALL	8	1.0	1.0
-20.70916	-17.31421	-17.24641	LAX_RV_FREEWALL	8	1.0	1.0
-18.90528	-17.31421	-19.40423	LAX_RV_FREEWALL	8	1.0	1.0
-17.38031	-18.67266	-21.79521	LAX_RV_FREEWALL	8	1.0	1.0
-15.85534	-20.03111	-24.18618	LAX_RV_FREEWALL	8	1.0	1.0
-14.33037	-21.38956	-26.57716	LAX_RV_FREEWALL	8	1.0	1.0
-12.52649	-21.38956	-28.73498	LAX_RV_FREEWALL	8	1.0	1.0
-11.00152	-22.74801	-31.12596	LAX_RV_FREEWALL	8	1.0	1.0
-9.19764	-22.74801	-33.28378	LAX_RV_FREEWALL	8	1.0	1.0
-7.39376	-22.74801	-35.44160	LAX_RV_FREEWALL	8	1.0	1.0
-5.58988	-22.74802	-37.59941	LAX_RV_FREEWALL	8	1.0	1.0
-3.78600	-22.74802	-39.75723	LAX_RV_FREEWALL	8	1.0	1.0
-1.98212	-22.74802	-41.91505	LAX_RV_FREEWALL	8	1.0	1.0
-0.17824	-22.74802	-44.07287	LAX_RV_FREEWALL	8	1.0	1.0
1.62565	-22.74802	-46.23068	LAX_RV_FREEWALL	8	1.0	1.0
3.15061	-24.10647	-48.62166	LAX_RV_FREEWALL	8	1.0	1.0
4.95450	-24.10648	-50.77948	LAX_RV_FREEWALL	8	1.0	1.0
7.03729	-22.74803	-52.70414	LAX_RV_FREEWALL	8	1.0	1.0
-10.01628	-9.16352	-26.63653	LAX_RV_FREEWALL	8	1.0	1.0
-11.82016	-9.16352	-24.47871	LAX_RV_FREEWALL	8	1.0	1.0
-13.62404	-9.16352	-22.32089	LAX_RV_FREEWALL	8	1.0	1.0
-15.42792	-9.16352	-20.16307	LAX_RV_FREEWALL	8	1.0	1.0
-17.23180	-9.16351	-18.00526	LAX_RV_FREEWALL	8	1.0	1.0
-18.75677	-7.80506	-15.61428	LAX_RV_FREEWALL	8	1.0	1.0
-20.56065	-7.80506	-13.45646	LAX_RV_FREEWALL	8	1.0	1.0
-22.36453	-7.80506	-11.29864	LAX_RV_FREEWALL	8	1.0	1.0
-24.16841	-7.80506	-9.14082	LAX_RV_FREEWALL	8	1.0	1.0
-26.25121	-9.16351	-7.21617	LAX_RV_FREEWALL	8	1.0	1.0
-26.80903	-11.88040	-7.68249	LAX_RV_FREEWALL	8	1.0	1.0
-29.79377	-13.23885	-4.67893	LAX_RV_EPICARDIAL	8	1.0	1.0
-28.54771	-15.95575	-7.30307	LAX_RV_EPICARDIAL	8	1.0	1.0
-27.02274	-17.31420	-9.69405	LAX_RV_EPICARDIAL	8	1.0	1.0
-25.49778	-18.67265	-12.08503	LAX_RV_EPICARDIAL	8	1.0	1.0
-23.69389	-18.67265	-14.24284	LAX_RV_EPICARDIAL	8	1.0	1.0
-22.16893	-20.03110	-16.63382	LAX_RV_EPICARDIAL	8	1.0	1.0
-20.64396	-21.38955	-19.02480	LAX_RV_EPICARDIAL	8	1.0	1.0
-18.84008	-21.38955	-21.18262	LAX_RV_EPICARDIAL	8	1.0	1.0
-17.31511	-22.74800	-23.57360	LAX_RV_EPICARDIAL	8	1.0	1.0
-15.79014	-24.10646	-25.96458	LAX_RV_EPICARDIAL	8	1.0	1.0
-14.26517	-25.46491	-28.35556	LAX_RV_EPICARDIAL	8	1.0	1.0
-12.46129	-25.46491	-30.51338	LAX_RV_EPICARDIAL	8	1.0	1.0
-10.93632	-26.82336	-32.90436	LAX_RV_EPICARDIAL	8	1.0	1.0
-9.13244	-26.82336	-35.06217	LAX_RV_EPICARDIAL	8	1.0	1.0
-7.32856	-26.82336	-37.21999	LAX_RV_EPICARDIAL	8	1.0	1.0
-5.52468	-26.82336	-39.37781	LAX_RV_EPICARDIAL	8	1.0	1.0
-3.72080	-26.82336	-41.53563	LAX_RV_EPICARDIAL	8	1.0	1.0
-1.63800	-25.46492	-43.46028	LAX_RV_EPICARDIAL	8	1.0	1.0
-0.11303	-26.82337	-45.85126	LAX_RV_EPICARDIAL	8	1.0	1.0
1.69085	-26.82337	-48.00908	LAX_RV_EPICARDIAL	8	1.0	1.0
3.77364	-25.46492	-49.93373	LAX_RV_EPICARDIAL	8	1.0	1.0
5.57752	-25.46492	-52.09155	LAX_RV_EPICARDIAL	8	1.0	1.0
7.38140	-25.46493	-54.24937	LAX_RV_EPICARDIAL	8	1.0	1.0
9.46420	-24.10648	-56.17402	LAX_RV_EPICARDIAL	8	1.0	1.0
9.74311	-22.74803	-55.94086	LAX_RV_EPICARDIAL	8	1.0	1.0
-10.08148	-5.08817	-24.85813	LAX_RV_EPICARDIAL	8	1.0	1.0
-11.88536	-5.08817	-22.70031	LAX_RV_EPICARDIAL	8	1.0	1.0
-13.96815	-6.44662	-20.77566	LAX_RV_EPICARDIAL	8	1.0	1.0
-15.77204	-6.44662	-18.61784	LAX_RV_EPICARDIAL	8	1.0	1.0
-17.57592	-6.44662	-16.46002	LAX_RV_EPICARDIAL	8	1.0	1.0
-19.10088	-5.08817	-14.06904	LAX_RV_EPICARDIAL	8	1.0	1.0
-20.90477	-5.08816	-11.91123	LAX_RV_EPICARDIAL	8	1.0	1.0
-22.70865	-5.08816	-9.75341	LAX_RV_EPICARDIAL	8	1.0	1.0
-24.79144	-6.44661	-7.82875	LAX_RV_EPICARDIAL	8	1.0	1.0
-26.87424	-7.80506	-5.90410	LAX_RV_EPICARDIAL	8	1.0	1.0
-28.33400	-10.52195	-5.29151	LAX_RV_EPICARDIAL	8	1.0	1.0
8.84117	-22.74803	-54.86195	LAX_RV_SEPTUM	8	1.0	1.0
9.12008	-21.38958	-54.62879	LAX_RV_SEPTUM	8	1.0	1.0
7.59511	-20.03113	-52.23781	LAX_RV_SEPTUM	8	1.0	1.0
5.79123	-20.03113	-50.08000	LAX_RV_SEPTUM	8	1.0	1.0
4.26627	-18.67268	-47.68902	LAX_RV_SEPTUM	8	1.0	1.0
2.74130	-17.31423	-45.29804	LAX_RV_SEPTUM	8	1.0	1.0
1.21633	-15.95578	-42.90706	LAX_RV_SEPTUM	8	1.0	1.0
-0.30864	-14.59733	-40.51608	LAX_RV_SEPTUM	8	1.0	1.0
-1.83361	-13.23888	-38.12510	LAX_RV_SEPTUM	8	1.0	1.0
-3.63749	-13.23887	-35.96728	LAX_RV_SEPTUM	8	1.0	1.0
-5.16246	-11.88042	-33.57630	LAX_RV_SEPTUM	8	1.0	1.0
-6.68743	-10.52197	-31.18532	LAX_RV_SEPTUM	8	1.0	1.0
-8.21240	-9.16352	-28.79434	LAX_RV_SEPTUM	8	1.0	1.0
-8.55651	-6.44662	-27.24911	LAX_LV_EPICARDIAL	8	1.0	1.0
11.54699	-22.74803	-58.09868	LAX_LV_EPICARDIAL	8	1.0	1.0
13.35087	-22.74803	-60.25650	LAX_LV_EPICARDIAL	8	1.0	1.0
14.87584	-24.10648	-62.64748	LAX_LV_EPICARDIAL	8	1.0	1.0
16.67972	-24.10649	-64.80529	LAX_LV_EPICARDIAL	8	1.0	1.0
18.48360	-24.10649	-66.96311	LAX_LV_EPICARDIAL	8	1.0	1.0
20.00857	-25.46494	-69.35409	LAX_LV_EPICARDIAL	8	1.0	1.0
21.81245	-25.46494	-71.51191	LAX_LV_EPICARDIAL	8	1.0	1.0
23.33742	-26.82339	-73.90289	LAX_LV_EPICARDIAL	8	1.0	1.0
25.14130	-26.82339	-76.06071	LAX_LV_EPICARDIAL	8	1.0	1.0
26.66627	-28.18184	-78.45169	LAX_LV_EPICARDIAL	8	1.0	1.0
28.47015	-28.18184	-80.60950	LAX_LV_EPICARDIAL	8	1.0	1.0
30.27403	-28.18185	-82.76732	LAX_LV_EPICARDIAL	8	1.0	1.0
32.07792	-28.18185	-84.92514	LAX_LV_EPICARDIAL	8	1.0	1.0
34.16071	-26.82340	-86.84979	LAX_LV_EPICARDIAL	8	1.0	1.0
35.96459	-26.82340	-89.00761	LAX_LV_EPICARDIAL	8	1.0	1.0
38.04739	-25.46496	-90.93227	LAX_LV_EPICARDIAL	8	1.0	1.0
40.13018	-24.10651	-92.85692	LAX_LV_EPICARDIAL	8	1.0	1.0
42.21297	-22.74806	-94.78158	LAX_LV_EPICARDIAL	8	1.0	1.0
43.67274	-20.03117	-95.39416	LAX_LV_EPICARDIAL	8	1.0	1.0
45.13251	-17.31427	-96.00675	LAX_LV_EPICARDIAL	8	1.0	1.0
46.59227	-14.59737	-96.61933	LAX_LV_EPICARDIAL	8	1.0	1.0
47.15010	-11.88047	-96.15301	LAX_LV_EPICARDIAL	8	1.0	1.0
46.80598	-9.16358	-94.60778	LAX_LV_EPICARDIAL	8	1.0	1.0
46.46187	-6.44668	-93.06254	LAX_LV_EPICARDIAL	8	1.0	1.0
46.11775	-3.72978	-91.51731	LAX_LV_EPICARDIAL	8	1.0	1.0
45.77364	-1.01288	-89.97208	LAX_LV_EPICARDIAL	8	1.0	1.0
44.52758	1.70402	-87.34794	LAX_LV_EPICARDIAL	8	1.0	1.0
44.18347	4.42092	-85.80271	LAX_LV_EPICARDIAL	8	1.0	1.0
43.83935	7.13781	-84.25747	LAX_LV_EPICARDIAL	8	1.0	1.0
43.49524	9.85471	-82.71224	LAX_LV_EPICARDIAL	8	1.0	1.0
43.15112	12.57161	-81.16701	LAX_LV_EPICARDIAL	8	1.0	1.0
42.80701	15.28851	-79.62178	LAX_LV_EPICARDIAL	8	1.0	1.0
42.46289	18.00541	-78.07654	LAX_LV_EPICARDIAL	8	1.0	1.0
42.11878	20.72231	-76.53131	LAX_LV_EPICARDIAL	8	1.0	1.0
41.77466	23.43921	-74.98608	LAX_LV_EPICARDIAL	8	1.0	1.0
41.43055	26.15610	-73.44084	LAX_LV_EPICARDIAL	8	1.0	1.0
41.08643	28.87300	-71.89561	LAX_LV_EPICARDIAL	8	1.0	1.0
39.84038	31.58990	-69.27147	LAX_LV_EPICARDIAL	8	1.0	1.0
39.49626	34.30680	-67.72624	LAX_LV_EPICARDIAL	8	1.0	1.0
38.25021	37.02370	-65.10210	LAX_LV_EPICARDIAL	8	1.0	1.0
37.00415	39.74060	-62.47796	LAX_LV_EPICARDIAL	8	1.0	1.0
35.75809	42.45750	-59.85382	LAX_LV_EPICARDIAL	8	1.0	1.0
34.23313	43.81595	-57.46284	LAX_LV_EPICARDIAL	8	1.0	1.0
32.70816	45.17440	-55.07186	LAX_LV_EPICARDIAL	8	1.0	1.0
31.18319	46.53285	-52.68088	LAX_LV_EPICARDIAL	8	1.0	1.0
29.65822	47.89130	-50.28990	LAX_LV_EPICARDIAL	8	1.0	1.0
28.13325	49.24975	-47.89892	LAX_LV_EPICARDIAL	8	1.0	1.0
26.32937	49.24975	-45.74110	LAX_LV_EPICARDIAL	8	1.0	1.0
24.52549	49.24975	-43.58328	LAX_LV_EPICARDIAL	8	1.0	1.0
23.00052	50.60820	-41.19230	LAX_LV_EPICARDIAL	8	1.0	1.0
20.91773	49.24976	-39.26765	LAX_LV_EPICARDIAL	8	1.0	1.0
18.83493	47.89131	-37.34299	LAX_LV_EPICARDIAL	8	1.0	1.0
-0.27243	20.72235	-25.82260	LAX_LV_EPICARDIAL	8	1.0	1.0
-2.35523	19.36390	-23.89794	LAX_LV_EPICARDIAL	8	1.0	1.0
-6.26001	0.34562	-27.16221	LAX_LV_ENDOCARDIAL	8	1.0	1.0
-4.17721	1.70407	-29.08686	LAX_LV_ENDOCARDIAL	8	1.0	1.0
-2.09442	3.06251	-31.01152	LAX_LV_ENDOCARDIAL	8	1.0	1.0
-0.29054	3.06251	-33.16934	LAX_LV_ENDOCARDIAL	8	1.0	1.0
1.51335	3.06251	-35.32716	LAX_LV_ENDOCARDIAL	8	1.0	1.0
3.03831	1.70406	-37.71813	LAX_LV_ENDOCARDIAL	8	1.0	1.0
4.56328	0.34561	-40.10911	LAX_LV_ENDOCARDIAL	8	1.0	1.0
5.80934	-2.37129	-42.73326	LAX_LV_ENDOCARDIAL	8	1.0	1.0
7.33431	-3.72974	-45.12424	LAX_LV_ENDOCARDIAL	8	1.0	1.0
8.85927	-5.08819	-47.51521	LAX_LV_ENDOCARDIAL	8	1.0	1.0
10.10533	-7.80509	-50.13936	LAX_LV_ENDOCARDIAL	8	1.0	1.0
11.63030	-9.16354	-52.53034	LAX_LV_ENDOCARDIAL	8	1.0	1.0
13.15527	-10.52199	-54.92131	LAX_LV_ENDOCARDIAL	8	1.0	1.0
14.68024	-11.88044	-57.31229	LAX_LV_ENDOCARDIAL	8	1.0	1.0
16.20520	-13.23889	-59.70327	LAX_LV_ENDOCARDIAL	8	1.0	1.0
18.00909	-13.23890	-61.86109	LAX_LV_ENDOCARDIAL	8	1.0	1.0
19.81297	-13.23890	-64.01891	LAX_LV_ENDOCARDIAL	8	1.0	1.0
21.33793	-14.59735	-66.40989	LAX_LV_ENDOCARDIAL	8	1.0	1.0
22.86290	-15.95580	-68.80087	LAX_LV_ENDOCARDIAL	8	1.0	1.0
24.38787	-17.31425	-71.19185	LAX_LV_ENDOCARDIAL	8	1.0	1.0
25.91284	-18.67270	-73.58283	LAX_LV_ENDOCARDIAL	8	1.0	1.0
27.71672	-18.67270	-75.74064	LAX_LV_ENDOCARDIAL	8	1.0	1.0
29.24169	-20.03115	-78.13162	LAX_LV_ENDOCARDIAL	8	1.0	1.0
31.04557	-20.03115	-80.28944	LAX_LV_ENDOCARDIAL	8	1.0	1.0
32.84945	-20.03115	-82.44726	LAX_LV_ENDOCARDIAL	8	1.0	1.0
34.65333	-20.03116	-84.60508	LAX_LV_ENDOCARDIAL	8	1.0	1.0
36.17830	-21.38961	-86.99605	LAX_LV_ENDOCARDIAL	8	1.0	1.0
37.98218	-21.38961	-89.15387	LAX_LV_ENDOCARDIAL	8	1.0	1.0
39.78606	-21.38961	-91.31169	LAX_LV_ENDOCARDIAL	8	1.0	1.0
42.14777	-18.67271	-93.00318	LAX_LV_ENDOCARDIAL	8	1.0	1.0
42.70560	-15.95582	-92.53686	LAX_LV_ENDOCARDIAL	8	1.0	1.0
43.26342	-13.23892	-92.07054	LAX_LV_ENDOCARDIAL	8	1.0	1.0
42.01737	-10.52202	-89.44639	LAX_LV_ENDOCARDIAL	8	1.0	1.0
41.67325	-7.80512	-87.90116	LAX_LV_ENDOCARDIAL	8	1.0	1.0
40.42720	-5.08822	-85.27702	LAX_LV_ENDOCARDIAL	8	1.0	1.0
39.18114	-2.37132	-82.65288	LAX_LV_ENDOCARDIAL	8	1.0	1.0
38.83703	0.34557	-81.10765	LAX_LV_ENDOCARDIAL	8	1.0	1.0
37.59097	3.06247	-78.48351	LAX_LV_ENDOCARDIAL	8	1.0	1.0
36.34491	5.77937	-75.85936	LAX_LV_ENDOCARDIAL	8	1.0	1.0
35.09886	8.49627	-73.23522	LAX_LV_ENDOCARDIAL	8	1.0	1.0
34.75474	11.21317	-71.68999	LAX_LV_ENDOCARDIAL	8	1.0	1.0
34.41063	13.93007	-70.14476	LAX_LV_ENDOCARDIAL	8	1.0	1.0
33.16457	16.64697	-67.52062	LAX_LV_ENDOCARDIAL	8	1.0	1.0
32.82046	19.36387	-65.97538	LAX_LV_ENDOCARDIAL	8	1.0	1.0
32.47634	22.08076	-64.43015	LAX_LV_ENDOCARDIAL	8	1.0	1.0
33.93611	24.79766	-65.04274	LAX_LV_ENDOCARDIAL	8	1.0	1.0
33.59199	27.51456	-63.49750	LAX_LV_ENDOCARDIAL	8	1.0	1.0
32.34594	30.23146	-60.87336	LAX_LV_ENDOCARDIAL	8	1.0	1.0
32.00182	32.94836	-59.32813	LAX_LV_ENDOCARDIAL	8	1.0	1.0
30.19794	32.94836	-57.17031	LAX_LV_ENDOCARDIAL	8	1.0	1.0
28.67297	34.30681	-54.77933	LAX_LV_ENDOCARDIAL	8	1.0	1.0
27.42692	37.02371	-52.15519	LAX_LV_ENDOCARDIAL	8	1.0	1.0
25.90195	38.38216	-49.76421	LAX_LV_ENDOCARDIAL	8	1.0	1.0
24.37698	39.74061	-47.37323	LAX_LV_ENDOCARDIAL	8	1.0	1.0
22.85201	41.09906	-44.98225	LAX_LV_ENDOCARDIAL	8	1.0	1.0
21.04813	41.09906	-42.82444	LAX_LV_ENDOCARDIAL	8	1.0	1.0
19.24425	41.09906	-40.66662	LAX_LV_ENDOCARDIAL	8	1.0	1.0
-0.27243	20.72235	-25.82260	LAX_LV_ENDOCARDIAL	8	1.0	1.0
-2.35523	19.36390	-23.89794	LAX_LV_ENDOCARDIAL	8	1.0	1.0
-29.79377	-13.23885	-4.67893	LAX_RV_EPICARDIAL	8	1.0	1.0
-28.54771	-15.95575	-7.30307	LAX_RV_EPICARDIAL	8	1.0	1.0
-27.02274	-17.31420	-9.69405	LAX_RV_EPICARDIAL	8	1.0	1.0
-25.49778	-18.67265	-12.08503	LAX_RV_EPICARDIAL	8	1.0	1.0
-23.69389	-18.67265	-14.24284	LAX_RV_EPICARDIAL	8	1.0	1.0
-22.16893	-20.03110	-16.63382	LAX_RV_EPICARDIAL	8	1.0	1.0
-20.64396	-21.38955	-19.02480	LAX_RV_EPICARDIAL	8	1.0	1.0
-18.84008	-21.38955	-21.18262	LAX_RV_EPICARDIAL	8	1.0	1.0
-17.31511	-22.74800	-23.57360	LAX_RV_EPICARDIAL	8	1.0	1.0
-15.79014	-24.10646	-25.96458	LAX_RV_EPICARDIAL	8	1.0	1.0
-14.26517	-25.46491	-28.35556	LAX_RV_EPICARDIAL	8	1.0	1.0
-12.46129	-25.46491	-30.51338	LAX_RV_EPICARDIAL	8	1.0	1.0
-10.93632	-26.82336	-32.90436	LAX_RV_EPICARDIAL	8	1.0	1.0
-9.13244	-26.82336	-35.06217	LAX_RV_EPICARDIAL	8	1.0	1.0
-7.32856	-26.82336	-37.21999	LAX_RV_EPICARDIAL	8	1.0	1.0
-5.52468	-26.82336	-39.37781	LAX_RV_EPICARDIAL	8	1.0	1.0
-3.72080	-26.82336	-41.53563	LAX_RV_EPICARDIAL	8	1.0	1.0
-1.63800	-25.46492	-43.46028	LAX_RV_EPICARDIAL	8	1.0	1.0
-0.11303	-26.82337	-45.85126	LAX_RV_EPICARDIAL	8	1.0	1.0
1.69085	-26.82337	-48.00908	LAX_RV_EPICARDIAL	8	1.0	1.0
3.77364	-25.46492	-49.93373	LAX_RV_EPICARDIAL	8	1.0	1.0
5.57752	-25.46492	-52.09155	LAX_RV_EPICARDIAL	8	1.0	1.0
7.38140	-25.46493	-54.24937	LAX_RV_EPICARDIAL	8	1.0	1.0
9.46420	-24.10648	-56.17402	LAX_RV_EPICARDIAL	8	1.0	1.0
9.74311	-22.74803	-55.94086	LAX_RV_EPICARDIAL	8	1.0	1.0
-10.08148	-5.08817	-24.85813	LAX_RV_EPICARDIAL	8	1.0	1.0
-11.88536	-5.08817	-22.70031	LAX_RV_EPICARDIAL	8	1.0	1.0
-13.96815	-6.44662	-20.77566	LAX_RV_EPICARDIAL	8	1.0	1.0
-15.77204	-6.44662	-18.61784	LAX_RV_EPICARDIAL	8	1.0	1.0
-17.57592	-6.44662	-16.46002	LAX_RV_EPICARDIAL	8	1.0	1.0
-19.10088	-5.08817	-14.06904	LAX_RV_EPICARDIAL	8	1.0	1.0
-20.90477	-5.08816	-11.91123	LAX_RV_EPICARDIAL	8	1.0	1.0
-22.70865	-5.08816	-9.75341	LAX_RV_EPICARDIAL	8	1.0	1.0
-24.79144	-6.44661	-7.82875	LAX_RV_EPICARDIAL	8	1.0	1.0
-26.87424	-7.80506	-5.90410	LAX_RV_EPICARDIAL	8	1.0	1.0
-28.33400	-10.52195	-5.29151	LAX_RV_EPICARDIAL	8	1.0	1.0
17.09625	43.81596	-36.96357	MITRAL_VALVE	8	1.0	1.0
1.81036	22.08079	-27.74725	MITRAL_VALVE	8	1.0	1.0
-5.06105	19.36390	-20.66122	AORTA_VALVE	8	1.0	1.0
-8.06389	0.34562	-25.00439	AORTA_VALVE	8	1.0	1.0
-50.16375	2.28764	-74.82991	LAX_RV_FREEWALL	7	1.0	13
-52.96332	2.28764	-75.09936	LAX_RV_FREEWALL	7	1.0	13
-55.54137	0.68635	-77.67032	LAX_RV_FREEWALL	7	1.0	13
-56.83039	-0.11429	-78.95580	LAX_RV_FREEWALL	7	1.0	13
-56.60888	-1.71558	-81.25731	LAX_RV_FREEWALL	7	1.0	13
-54.98758	-3.31687	-83.42410	LAX_RV_FREEWALL	7	1.0	13
-51.96651	-4.91817	-85.45616	LAX_RV_FREEWALL	7	1.0	13
-50.34521	-6.51946	-87.62295	LAX_RV_FREEWALL	7	1.0	13
-48.72392	-8.12075	-89.78973	LAX_RV_FREEWALL	7	1.0	13
-45.70284	-9.72204	-91.82179	LAX_RV_FREEWALL	7	1.0	13
-42.68177	-11.32333	-93.85385	LAX_RV_FREEWALL	7	1.0	13
-39.77145	-12.12398	-94.73516	LAX_RV_FREEWALL	7	1.0	13
-36.86113	-12.92463	-95.61647	LAX_RV_FREEWALL	7	1.0	13
-33.95081	-13.72527	-96.49777	LAX_RV_FREEWALL	7	1.0	13
-30.92973	-15.32657	-98.52983	LAX_RV_FREEWALL	7	1.0	13
-28.01942	-16.12721	-99.41114	LAX_RV_FREEWALL	7	1.0	13
-25.10910	-16.92786	-100.29245	LAX_RV_FREEWALL	7	1.0	13
-22.30953	-16.92786	-100.02300	LAX_RV_FREEWALL	7	1.0	13
-19.39922	-17.72851	-100.90430	LAX_RV_FREEWALL	7	1.0	13
-16.48890	-18.52915	-101.78561	LAX_RV_FREEWALL	7	1.0	13
-13.57858	-19.32980	-102.66692	LAX_RV_FREEWALL	7	1.0	13
-10.66826	-20.13044	-103.54822	LAX_RV_FREEWALL	7	1.0	13
-7.75794	-20.93109	-104.42953	LAX_RV_FREEWALL	7	1.0	13
-4.84762	-21.73174	-105.31083	LAX_RV_FREEWALL	7	1.0	13
-2.04806	-21.73174	-105.04139	LAX_RV_FREEWALL	7	1.0	13
0.86226	-22.53238	-105.92269	LAX_RV_FREEWALL	7	1.0	13
3.66182	-22.53239	-105.65324	LAX_RV_FREEWALL	7	1.0	13
6.46139	-22.53239	-105.38379	LAX_RV_FREEWALL	7	1.0	13
9.37171	-23.33303	-106.26510	LAX_RV_FREEWALL	7	1.0	13
12.17127	-23.33303	-105.99565	LAX_RV_FREEWALL	7	1.0	13
15.08159	-24.13368	-106.87696	LAX_RV_FREEWALL	7	1.0	13
17.88115	-24.13368	-106.60751	LAX_RV_FREEWALL	7	1.0	13
20.68071	-24.13368	-106.33806	LAX_RV_FREEWALL	7	1.0	13
23.25876	-22.53239	-103.76710	LAX_RV_FREEWALL	7	1.0	13
24.43703	-20.93110	-101.33086	LAX_RV_FREEWALL	7	1.0	13
-53.07407	3.08829	-73.94860	LAX_RV_EPICARDIAL	7	1.0	13
-55.98439	3.88894	-73.06730	LAX_RV_EPICARDIAL	7	1.0	13
-58.67320	3.08829	-74.48750	LAX_RV_EPICARDIAL	7	1.0	13
-61.25125	1.48700	-77.05846	LAX_RV_EPICARDIAL	7	1.0	13
-62.42952	-0.11429	-79.49470	LAX_RV_EPICARDIAL	7	1.0	13
-62.20800	-1.71558	-81.79621	LAX_RV_EPICARDIAL	7	1.0	13
-60.58671	-3.31687	-83.96300	LAX_RV_EPICARDIAL	7	1.0	13
-58.96541	-4.91816	-86.12978	LAX_RV_EPICARDIAL	7	1.0	13
-57.34412	-6.51946	-88.29657	LAX_RV_EPICARDIAL	7	1.0	13
-55.72282	-8.12075	-90.46335	LAX_RV_EPICARDIAL	7	1.0	13
-54.10153	-9.72204	-92.63014	LAX_RV_EPICARDIAL	7	1.0	13
-52.48024	-11.32333	-94.79693	LAX_RV_EPICARDIAL	7	1.0	13
-49.45916	-12.92462	-96.82899	LAX_RV_EPICARDIAL	7	1.0	13
-46.54884	-13.72527	-97.71029	LAX_RV_EPICARDIAL	7	1.0	13
-43.63852	-14.52592	-98.59160	LAX_RV_EPICARDIAL	7	1.0	13
-40.72820	-15.32656	-99.47291	LAX_RV_EPICARDIAL	7	1.0	13
-37.81788	-16.12721	-100.35421	LAX_RV_EPICARDIAL	7	1.0	13
-34.90757	-16.92786	-101.23552	LAX_RV_EPICARDIAL	7	1.0	13
-31.99725	-17.72850	-102.11683	LAX_RV_EPICARDIAL	7	1.0	13
-29.08693	-18.52915	-102.99813	LAX_RV_EPICARDIAL	7	1.0	13
-26.17661	-19.32979	-103.87944	LAX_RV_EPICARDIAL	7	1.0	13
-23.26629	-20.13044	-104.76074	LAX_RV_EPICARDIAL	7	1.0	13
-20.35597	-20.93109	-105.64205	LAX_RV_EPICARDIAL	7	1.0	13
-17.44565	-21.73173	-106.52336	LAX_RV_EPICARDIAL	7	1.0	13
-14.64609	-21.73173	-106.25391	LAX_RV_EPICARDIAL	7	1.0	13
-11.73577	-22.53238	-107.13521	LAX_RV_EPICARDIAL	7	1.0	13
-8.82545	-23.33303	-108.01652	LAX_RV_EPICARDIAL	7	1.0	13
-5.91513	-24.13367	-108.89783	LAX_RV_EPICARDIAL	7	1.0	13
-3.11557	-24.13367	-108.62838	LAX_RV_EPICARDIAL	7	1.0	13
-0.20525	-24.93432	-109.50968	LAX_RV_EPICARDIAL	7	1.0	13
2.59431	-24.93432	-109.24023	LAX_RV_EPICARDIAL	7	1.0	13
5.39387	-24.93432	-108.97078	LAX_RV_EPICARDIAL	7	1.0	13
8.19344	-24.93432	-108.70133	LAX_RV_EPICARDIAL	7	1.0	13
10.99300	-24.93432	-108.43189	LAX_RV_EPICARDIAL	7	1.0	13
13.79256	-24.93433	-108.16244	LAX_RV_EPICARDIAL	7	1.0	13
16.70288	-25.73497	-109.04374	LAX_RV_EPICARDIAL	7	1.0	13
19.50244	-25.73497	-108.77429	LAX_RV_EPICARDIAL	7	1.0	13
22.30201	-25.73497	-108.50484	LAX_RV_EPICARDIAL	7	1.0	13
24.99081	-24.93433	-107.08464	LAX_RV_EPICARDIAL	7	1.0	13
27.56886	-23.33304	-104.51368	LAX_RV_EPICARDIAL	7	1.0	13
24.32627	-20.13045	-100.18011	LAX_RV_EPICARDIAL	7	1.0	13
24.32627	-20.13045	-100.18011	LAX_RV_SEPTUM	7	1.0	13
21.30520	-18.52916	-98.14804	LAX_RV_SEPTUM	7	1.0	13
18.28412	-16.92787	-96.11598	LAX_RV_SEPTUM	7	1.0	13
15.37380	-16.12722	-95.23468	LAX_RV_SEPTUM	7	1.0	13
12.35273	-14.52593	-93.20261	LAX_RV_SEPTUM	7	1.0	13
9.33165	-12.92464	-91.17055	LAX_RV_SEPTUM	7	1.0	13
6.31058	-11.32335	-89.13849	LAX_RV_SEPTUM	7	1.0	13
3.28950	-9.72206	-87.10643	LAX_RV_SEPTUM	7	1.0	13
0.26843	-8.12076	-85.07437	LAX_RV_SEPTUM	7	1.0	13
-1.35287	-6.51947	-82.90758	LAX_RV_SEPTUM	7	1.0	13
-4.37394	-4.91818	-80.87552	LAX_RV_SEPTUM	7	1.0	13
-5.99524	-3.31689	-78.70873	LAX_RV_SEPTUM	7	1.0	13
-7.61653	-1.71560	-76.54195	LAX_RV_SEPTUM	7	1.0	13
-9.23783	-0.11431	-74.37516	LAX_RV_SEPTUM	7	1.0	13
-10.85912	1.48699	-72.20838	LAX_RV_SEPTUM	7	1.0	13
-12.48042	3.08828	-70.04159	LAX_RV_SEPTUM	7	1.0	13
-14.10171	4.68957	-67.87480	LAX_RV_SEPTUM	7	1.0	13
-17.12279	6.29086	-65.84274	LAX_RV_SEPTUM	7	1.0	13
-18.74408	7.89215	-63.67595	LAX_RV_SEPTUM	7	1.0	13
-20.36537	9.49345	-61.50917	LAX_RV_SEPTUM	7	1.0	13
-21.98667	11.09474	-59.34238	LAX_RV_SEPTUM	7	1.0	13
-22.02672	21.50313	-44.24784	LAX_LV_EPICARDIAL	7	1.0	13
-21.80521	19.90184	-46.54935	LAX_LV_EPICARDIAL	7	1.0	13
-21.58370	18.30055	-48.85086	LAX_LV_EPICARDIAL	7	1.0	13
-21.36218	16.69926	-51.15237	LAX_LV_EPICARDIAL	7	1.0	13
-21.14067	15.09796	-53.45388	LAX_LV_EPICARDIAL	7	1.0	13
-20.91916	13.49667	-55.75539	LAX_LV_EPICARDIAL	7	1.0	13
27.12584	-20.13046	-99.91066	LAX_LV_EPICARDIAL	7	1.0	13
30.03615	-20.93110	-100.79196	LAX_LV_EPICARDIAL	7	1.0	13
32.83572	-20.93110	-100.52251	LAX_LV_EPICARDIAL	7	1.0	13
35.63528	-20.93110	-100.25306	LAX_LV_EPICARDIAL	7	1.0	13
38.43484	-20.93110	-99.98361	LAX_LV_EPICARDIAL	7	1.0	13
41.12365	-20.13046	-98.56341	LAX_LV_EPICARDIAL	7	1.0	13
43.81245	-19.32981	-97.14321	LAX_LV_EPICARDIAL	7	1.0	13
46.39050	-17.72852	-94.57224	LAX_LV_EPICARDIAL	7	1.0	13
47.56877	-16.12723	-92.13601	LAX_LV_EPICARDIAL	7	1.0	13
48.74704	-14.52594	-89.69977	LAX_LV_EPICARDIAL	7	1.0	13
49.92531	-12.92465	-87.26354	LAX_LV_EPICARDIAL	7	1.0	13
51.10358	-11.32336	-84.82730	LAX_LV_EPICARDIAL	7	1.0	13
52.28184	-9.72207	-82.39107	LAX_LV_EPICARDIAL	7	1.0	13
52.06033	-8.12078	-80.08956	LAX_LV_EPICARDIAL	7	1.0	13
53.23860	-6.51949	-77.65332	LAX_LV_EPICARDIAL	7	1.0	13
54.41687	-4.91820	-75.21708	LAX_LV_EPICARDIAL	7	1.0	13
55.59514	-3.31691	-72.78085	LAX_LV_EPICARDIAL	7	1.0	13
55.37362	-1.71561	-70.47934	LAX_LV_EPICARDIAL	7	1.0	13
55.15211	-0.11432	-68.17783	LAX_LV_EPICARDIAL	7	1.0	13
56.33038	1.48697	-65.74159	LAX_LV_EPICARDIAL	7	1.0	13
56.10886	3.08826	-63.44008	LAX_LV_EPICARDIAL	7	1.0	13
55.88735	4.68955	-61.13857	LAX_LV_EPICARDIAL	7	1.0	13
55.66584	6.29084	-58.83706	LAX_LV_EPICARDIAL	7	1.0	13
55.44433	7.89213	-56.53555	LAX_LV_EPICARDIAL	7	1.0	13
53.82303	9.49342	-54.36876	LAX_LV_EPICARDIAL	7	1.0	13
53.60152	11.09472	-52.06725	LAX_LV_EPICARDIAL	7	1.0	13
51.98022	12.69601	-49.90046	LAX_LV_EPICARDIAL	7	1.0	13
51.75871	14.29730	-47.59895	LAX_LV_EPICARDIAL	7	1.0	13
51.53720	15.89859	-45.29744	LAX_LV_EPICARDIAL	7	1.0	13
49.91590	17.49988	-43.13066	LAX_LV_EPICARDIAL	7	1.0	13
49.69439	19.10117	-40.82915	LAX_LV_EPICARDIAL	7	1.0	13
48.07310	20.70246	-38.66236	LAX_LV_EPICARDIAL	7	1.0	13
46.45180	22.30376	-36.49557	LAX_LV_EPICARDIAL	7	1.0	13
44.83051	23.90505	-34.32879	LAX_LV_EPICARDIAL	7	1.0	13
43.20921	25.50634	-32.16200	LAX_LV_EPICARDIAL	7	1.0	13
41.58792	27.10763	-29.99521	LAX_LV_EPICARDIAL	7	1.0	13
38.56684	28.70892	-27.96315	LAX_LV_EPICARDIAL	7	1.0	13
36.94555	30.31021	-25.79637	LAX_LV_EPICARDIAL	7	1.0	13
33.92447	31.91151	-23.76430	LAX_LV_EPICARDIAL	7	1.0	13
31.01415	32.71215	-22.88300	LAX_LV_EPICARDIAL	7	1.0	13
28.10384	33.51280	-22.00169	LAX_LV_EPICARDIAL	7	1.0	13
25.19352	34.31345	-21.12039	LAX_LV_EPICARDIAL	7	1.0	13
22.39395	34.31345	-21.38984	LAX_LV_EPICARDIAL	7	1.0	13
-17.60587	19.90184	-46.14517	LAX_LV_ENDOCARDIAL	7	1.0	13
-17.38435	18.30055	-48.44668	LAX_LV_ENDOCARDIAL	7	1.0	13
-15.76306	16.69925	-50.61347	LAX_LV_ENDOCARDIAL	7	1.0	13
-14.14176	15.09796	-52.78026	LAX_LV_ENDOCARDIAL	7	1.0	13
-12.52047	13.49667	-54.94704	LAX_LV_ENDOCARDIAL	7	1.0	13
-10.89918	11.89538	-57.11383	LAX_LV_ENDOCARDIAL	7	1.0	13
-7.87810	10.29409	-59.14589	LAX_LV_ENDOCARDIAL	7	1.0	13
-6.25681	8.69280	-61.31268	LAX_LV_ENDOCARDIAL	7	1.0	13
-3.23573	7.09150	-63.34474	LAX_LV_ENDOCARDIAL	7	1.0	13
-0.21465	5.49021	-65.37680	LAX_LV_ENDOCARDIAL	7	1.0	13
1.40664	3.88892	-67.54359	LAX_LV_ENDOCARDIAL	7	1.0	13
3.02793	2.28763	-69.71037	LAX_LV_ENDOCARDIAL	7	1.0	13
6.04901	0.68634	-71.74243	LAX_LV_ENDOCARDIAL	7	1.0	13
7.67030	-0.91496	-73.90922	LAX_LV_ENDOCARDIAL	7	1.0	13
9.29160	-2.51625	-76.07601	LAX_LV_ENDOCARDIAL	7	1.0	13
10.91289	-4.11754	-78.24279	LAX_LV_ENDOCARDIAL	7	1.0	13
13.93397	-5.71883	-80.27486	LAX_LV_ENDOCARDIAL	7	1.0	13
15.55526	-7.32012	-82.44164	LAX_LV_ENDOCARDIAL	7	1.0	13
18.57634	-8.92141	-84.47370	LAX_LV_ENDOCARDIAL	7	1.0	13
20.19763	-10.52271	-86.64049	LAX_LV_ENDOCARDIAL	7	1.0	13
23.21871	-12.12400	-88.67255	LAX_LV_ENDOCARDIAL	7	1.0	13
26.23978	-13.72529	-90.70461	LAX_LV_ENDOCARDIAL	7	1.0	13
29.26086	-15.32658	-92.73667	LAX_LV_ENDOCARDIAL	7	1.0	13
32.17118	-16.12723	-93.61798	LAX_LV_ENDOCARDIAL	7	1.0	13
35.08150	-16.92788	-94.49929	LAX_LV_ENDOCARDIAL	7	1.0	13
37.99182	-17.72852	-95.38059	LAX_LV_ENDOCARDIAL	7	1.0	13
40.68062	-16.92788	-93.96039	LAX_LV_ENDOCARDIAL	7	1.0	13
41.85889	-15.32659	-91.52415	LAX_LV_ENDOCARDIAL	7	1.0	13
43.03716	-13.72529	-89.08792	LAX_LV_ENDOCARDIAL	7	1.0	13
42.81565	-12.12400	-86.78641	LAX_LV_ENDOCARDIAL	7	1.0	13
42.59413	-10.52271	-84.48490	LAX_LV_ENDOCARDIAL	7	1.0	13
43.77240	-8.92142	-82.04866	LAX_LV_ENDOCARDIAL	7	1.0	13
43.55089	-7.32013	-79.74715	LAX_LV_ENDOCARDIAL	7	1.0	13
44.72916	-5.71884	-77.31091	LAX_LV_ENDOCARDIAL	7	1.0	13
44.50764	-4.11755	-75.00940	LAX_LV_ENDOCARDIAL	7	1.0	13
45.68591	-2.51626	-72.57317	LAX_LV_ENDOCARDIAL	7	1.0	13
45.46440	-0.91497	-70.27166	LAX_LV_ENDOCARDIAL	7	1.0	13
45.24288	0.68633	-67.97014	LAX_LV_ENDOCARDIAL	7	1.0	13
45.02137	2.28762	-65.66863	LAX_LV_ENDOCARDIAL	7	1.0	13
44.79986	3.88891	-63.36712	LAX_LV_ENDOCARDIAL	7	1.0	13
44.57835	5.49020	-61.06561	LAX_LV_ENDOCARDIAL	7	1.0	13
44.35683	7.09149	-58.76410	LAX_LV_ENDOCARDIAL	7	1.0	13
44.13532	8.69278	-56.46259	LAX_LV_ENDOCARDIAL	7	1.0	13
43.91381	10.29407	-54.16108	LAX_LV_ENDOCARDIAL	7	1.0	13
42.29251	11.89536	-51.99429	LAX_LV_ENDOCARDIAL	7	1.0	13
40.67122	13.49666	-49.82751	LAX_LV_ENDOCARDIAL	7	1.0	13
40.44970	15.09795	-47.52600	LAX_LV_ENDOCARDIAL	7	1.0	13
38.82841	16.69924	-45.35921	LAX_LV_ENDOCARDIAL	7	1.0	13
38.60690	18.30053	-43.05770	LAX_LV_ENDOCARDIAL	7	1.0	13
38.38538	19.90182	-40.75619	LAX_LV_ENDOCARDIAL	7	1.0	13
36.76409	21.50311	-38.58940	LAX_LV_ENDOCARDIAL	7	1.0	13
33.74301	23.10440	-36.55734	LAX_LV_ENDOCARDIAL	7	1.0	13
32.12172	24.70570	-34.39055	LAX_LV_ENDOCARDIAL	7	1.0	13
30.50043	26.30699	-32.22377	LAX_LV_ENDOCARDIAL	7	1.0	13
27.59011	27.10763	-31.34246	LAX_LV_ENDOCARDIAL	7	1.0	13
24.56903	28.70893	-29.31040	LAX_LV_ENDOCARDIAL	7	1.0	13
21.54796	30.31022	-27.27834	LAX_LV_ENDOCARDIAL	7	1.0	13
19.92666	31.91151	-25.11155	LAX_LV_ENDOCARDIAL	7	1.0	13
-53.07407	3.08829	-73.94860	LAX_RV_EPICARDIAL	7	1.0	13
-55.98439	3.88894	-73.06730	LAX_RV_EPICARDIAL	7	1.0	13
-58.67320	3.08829	-74.48750	LAX_RV_EPICARDIAL	7	1.0	13
-61.25125	1.48700	-77.05846	LAX_RV_EPICARDIAL	7	1.0	13
-62.42952	-0.11429	-79.49470	LAX_RV_EPICARDIAL	7	1.0	13
-62.20800	-1.71558	-81.79621	LAX_RV_EPICARDIAL	7	1.0	13
-60.58671	-3.31687	-83.96300	LAX_RV_EPICARDIAL	7	1.0	13
-58.96541	-4.91816	-86.12978	LAX_RV_EPICARDIAL	7	1.0	13
-57.34412	-6.51946	-88.29657	LAX_RV_EPICARDIAL	7	1.0	13
-55.72282	-8.12075	-90.46335	LAX_RV_EPICARDIAL	7	1.0	13
-54.10153	-9.72204	-92.63014	LAX_RV_EPICARDIAL	7	1.0	13
-52.48024	-11.32333	-94.79693	LAX_RV_EPICARDIAL	7	1.0	13
-49.45916	-12.92462	-96.82899	LAX_RV_EPICARDIAL	7	1.0	13
-46.54884	-13.72527	-97.71029	LAX_RV_EPICARDIAL	7	1.0	13
-43.63852	-14.52592	-98.59160	LAX_RV_EPICARDIAL	7	1.0	13
-40.72820	-15.32656	-99.47291	LAX_RV_EPICARDIAL	7	1.0	13
-37.81788	-16.12721	-100.35421	LAX_RV_EPICARDIAL	7	1.0	13
-34.90757	-16.92786	-101.23552	LAX_RV_EPICARDIAL	7	1.0	13
-31.99725	-17.72850	-102.11683	LAX_RV_EPICARDIAL	7	1.0	13
-29.08693	-18.52915	-102.99813	LAX_RV_EPICARDIAL	7	1.0	13
-26.17661	-19.32979	-103.87944	LAX_RV_EPICARDIAL	7	1.0	13
-23.26629	-20.13044	-104.76074	LAX_RV_EPICARDIAL	7	1.0	13
-20.35597	-20.93109	-105.64205	LAX_RV_EPICARDIAL	7	1.0	13
-17.44565	-21.73173	-106.52336	LAX_RV_EPICARDIAL	7	1.0	13
-14.64609	-21.73173	-106.25391	LAX_RV_EPICARDIAL	7	1.0	13
-11.73577	-22.53238	-107.13521	LAX_RV_EPICARDIAL	7	1.0	13
-8.82545	-23.33303	-108.01652	LAX_RV_EPICARDIAL	7	1.0	13
-5.91513	-24.13367	-108.89783	LAX_RV_EPICARDIAL	7	1.0	13
-3.11557	-24.13367	-108.62838	LAX_RV_EPICARDIAL	7	1.0	13
-0.20525	-24.93432	-109.50968	LAX_RV_EPICARDIAL	7	1.0	13
2.59431	-24.93432	-109.24023	LAX_RV_EPICARDIAL	7	1.0	13
5.39387	-24.93432	-108.97078	LAX_RV_EPICARDIAL	7	1.0	13
8.19344	-24.93432	-108.70133	LAX_RV_EPICARDIAL	7	1.0	13
10.99300	-24.93432	-108.43189	LAX_RV_EPICARDIAL	7	1.0	13
13.79256	-24.93433	-108.16244	LAX_RV_EPICARDIAL	7	1.0	13
16.70288	-25.73497	-109.04374	LAX_RV_EPICARDIAL	7	1.0	13
19.50244	-25.73497	-108.77429	LAX_RV_EPICARDIAL	7	1.0	13
22.30201	-25.73497	-108.50484	LAX_RV_EPICARDIAL	7	1.0	13
24.99081	-24.93433	-107.08464	LAX_RV_EPICARDIAL	7	1.0	13
27.56886	-23.33304	-104.51368	LAX_RV_EPICARDIAL	7	1.0	13
24.32627	-20.13045	-100.18011	LAX_RV_EPICARDIAL	7	1.0	13
16.79483	34.31345	-21.92873	MITRAL_VALVE	7	1.0	13
-19.33792	22.30377	-42.82763	MITRAL_VALVE	7	1.0	13
-48.98549	3.88893	-72.39367	TRICUSPID_VALVE	7	1.0	13
-22.20818	12.69603	-57.04087	TRICUSPID_VALVE	7	1.0	13
38.43484	-20.93110	-99.98361	APEX_POINT	7	1.0	13
-10.97072	-15.78753	-2.56797	LAX_RV_FREEWALL	11	1.0	13
-10.50699	-17.18129	-5.34827	LAX_RV_FREEWALL	11	1.0	13
-10.12868	-17.17141	-8.13520	LAX_RV_FREEWALL	11	1.0	13
-9.66495	-18.56517	-10.91550	LAX_RV_FREEWALL	11	1.0	13
-9.28664	-18.55529	-13.70242	LAX_RV_FREEWALL	11	1.0	13
-8.82291	-19.94905	-16.48273	LAX_RV_FREEWALL	11	1.0	13
-8.44460	-19.93917	-19.26965	LAX_RV_FREEWALL	11	1.0	13
-7.98087	-21.33293	-22.04995	LAX_RV_FREEWALL	11	1.0	13
-7.60256	-21.32305	-24.83688	LAX_RV_FREEWALL	11	1.0	13
-7.13883	-22.71681	-27.61718	LAX_RV_FREEWALL	11	1.0	13
-6.76052	-22.70694	-30.40410	LAX_RV_FREEWALL	11	1.0	13
-6.29679	-24.10070	-33.18441	LAX_RV_FREEWALL	11	1.0	13
-5.91848	-24.09082	-35.97133	LAX_RV_FREEWALL	11	1.0	13
-5.54017	-24.08094	-38.75825	LAX_RV_FREEWALL	11	1.0	13
-5.16186	-24.07106	-41.54518	LAX_RV_FREEWALL	11	1.0	13
-4.69813	-25.46482	-44.32548	LAX_RV_FREEWALL	11	1.0	13
-4.31982	-25.45494	-47.11240	LAX_RV_FREEWALL	11	1.0	13
-3.94150	-25.44506	-49.89933	LAX_RV_FREEWALL	11	1.0	13
-3.56319	-25.43518	-52.68625	LAX_RV_FREEWALL	11	1.0	13
-3.18488	-25.42530	-55.47317	LAX_RV_FREEWALL	11	1.0	13
-2.89198	-24.01179	-58.26672	LAX_RV_FREEWALL	11	1.0	13
-2.42825	-25.40555	-61.04702	LAX_RV_FREEWALL	11	1.0	13
-1.96453	-26.79931	-63.82732	LAX_RV_FREEWALL	11	1.0	13
-1.58621	-26.78943	-66.61425	LAX_RV_FREEWALL	11	1.0	13
-1.12249	-28.18319	-69.39455	LAX_RV_FREEWALL	11	1.0	13
-0.82959	-26.76967	-72.18809	LAX_RV_FREEWALL	11	1.0	13
-0.45128	-26.75979	-74.97502	LAX_RV_FREEWALL	11	1.0	13
-0.07297	-26.74991	-77.76194	LAX_RV_FREEWALL	11	1.0	13
0.39076	-28.14367	-80.54224	LAX_RV_FREEWALL	11	1.0	13
0.68366	-26.73015	-83.33579	LAX_RV_FREEWALL	11	1.0	13
1.06197	-26.72028	-86.12271	LAX_RV_FREEWALL	11	1.0	13
1.44028	-26.71040	-88.90963	LAX_RV_FREEWALL	11	1.0	13
1.81859	-26.70052	-91.69655	LAX_RV_FREEWALL	11	1.0	13
2.19691	-26.69064	-94.48348	LAX_RV_FREEWALL	11	1.0	13
2.57522	-26.68076	-97.27040	LAX_RV_FREEWALL	11	1.0	13
2.95353	-26.67088	-100.05732	LAX_RV_FREEWALL	11	1.0	13
3.33184	-26.66100	-102.84425	LAX_RV_FREEWALL	11	1.0	13
3.62474	-25.24749	-105.63779	LAX_RV_FREEWALL	11	1.0	13
3.83222	-22.43033	-108.43795	LAX_RV_FREEWALL	11	1.0	13
3.66139	-19.62305	-108.45119	LAX_RV_FREEWALL	11	1.0	13
3.30140	-16.82071	-107.07097	LAX_RV_FREEWALL	11	1.0	13
2.94141	-14.01838	-105.69074	LAX_RV_FREEWALL	11	1.0	13
2.39227	-11.22098	-102.91706	LAX_RV_FREEWALL	11	1.0	13
2.03228	-8.41864	-101.53684	LAX_RV_FREEWALL	11	1.0	13
1.67229	-5.61630	-100.15661	LAX_RV_FREEWALL	11	1.0	13
1.31231	-2.81396	-98.77639	LAX_RV_FREEWALL	11	1.0	13
0.76316	-0.01657	-96.00271	LAX_RV_FREEWALL	11	1.0	13
0.21402	2.78083	-93.22902	LAX_RV_FREEWALL	11	1.0	13
-0.33513	5.57823	-90.45534	LAX_RV_FREEWALL	11	1.0	13
-0.88427	8.37563	-87.68165	LAX_RV_FREEWALL	11	1.0	13
-0.90260	5.56341	-86.27495	LAX_RV_FREEWALL	11	1.0	13
-0.73176	2.75613	-86.26172	LAX_RV_SEPTUM	11	1.0	13
-0.93924	-0.06102	-83.46155	LAX_RV_SEPTUM	11	1.0	13
-0.95757	-2.87324	-82.05485	LAX_RV_SEPTUM	11	1.0	13
-1.16505	-5.69039	-79.25469	LAX_RV_SEPTUM	11	1.0	13
-1.37253	-8.50755	-76.45453	LAX_RV_SEPTUM	11	1.0	13
-1.66543	-9.92107	-73.66099	LAX_RV_SEPTUM	11	1.0	13
-1.95832	-11.33458	-70.86744	LAX_RV_SEPTUM	11	1.0	13
-2.33663	-11.34446	-68.08052	LAX_RV_SEPTUM	11	1.0	13
-2.71495	-11.35434	-65.29360	LAX_RV_SEPTUM	11	1.0	13
-3.00784	-12.76786	-62.50006	LAX_RV_SEPTUM	11	1.0	13
-3.38615	-12.77774	-59.71313	LAX_RV_SEPTUM	11	1.0	13
-3.67905	-14.19126	-56.91959	LAX_RV_SEPTUM	11	1.0	13
-4.05736	-14.20113	-54.13267	LAX_RV_SEPTUM	11	1.0	13
-4.35026	-15.61465	-51.33912	LAX_RV_SEPTUM	11	1.0	13
-4.72857	-15.62453	-48.55220	LAX_RV_SEPTUM	11	1.0	13
-5.19230	-14.23077	-45.77190	LAX_RV_SEPTUM	11	1.0	13
-5.57061	-14.24065	-42.98497	LAX_RV_SEPTUM	11	1.0	13
-5.94892	-14.25053	-40.19805	LAX_RV_SEPTUM	11	1.0	13
-6.41265	-12.85677	-37.41775	LAX_RV_SEPTUM	11	1.0	13
-6.79096	-12.86665	-34.63082	LAX_RV_SEPTUM	11	1.0	13
-7.25469	-11.47289	-31.85052	LAX_RV_SEPTUM	11	1.0	13
-7.71842	-10.07913	-29.07022	LAX_RV_SEPTUM	11	1.0	13
-8.18215	-8.68537	-26.28991	LAX_RV_SEPTUM	11	1.0	13
-8.64588	-7.29161	-23.50961	LAX_RV_SEPTUM	11	1.0	13
-9.10960	-5.89785	-20.72931	LAX_RV_SEPTUM	11	1.0	13
-9.57333	-4.50409	-17.94900	LAX_RV_SEPTUM	11	1.0	13
-10.03706	-3.11033	-15.16870	LAX_RV_SEPTUM	11	1.0	13
-10.50079	-1.71657	-12.38839	LAX_RV_SEPTUM	11	1.0	13
-10.98905	-18.59975	-1.16127	LAX_RV_EPICARDIAL	11	1.0	13
-10.52532	-19.99351	-3.94157	LAX_RV_EPICARDIAL	11	1.0	13
-10.06159	-21.38727	-6.72188	LAX_RV_EPICARDIAL	11	1.0	13
-9.68328	-21.37739	-9.50880	LAX_RV_EPICARDIAL	11	1.0	13
-9.21955	-22.77115	-12.28910	LAX_RV_EPICARDIAL	11	1.0	13
-8.84124	-22.76127	-15.07603	LAX_RV_EPICARDIAL	11	1.0	13
-8.37751	-24.15503	-17.85633	LAX_RV_EPICARDIAL	11	1.0	13
-7.91378	-25.54879	-20.63663	LAX_RV_EPICARDIAL	11	1.0	13
-7.53547	-25.53891	-23.42356	LAX_RV_EPICARDIAL	11	1.0	13
-7.07174	-26.93267	-26.20386	LAX_RV_EPICARDIAL	11	1.0	13
-6.69343	-26.92279	-28.99078	LAX_RV_EPICARDIAL	11	1.0	13
-6.31512	-26.91291	-31.77771	LAX_RV_EPICARDIAL	11	1.0	13
-5.85139	-28.30667	-34.55801	LAX_RV_EPICARDIAL	11	1.0	13
-5.47308	-28.29679	-37.34493	LAX_RV_EPICARDIAL	11	1.0	13
-5.09476	-28.28691	-40.13186	LAX_RV_EPICARDIAL	11	1.0	13
-4.71645	-28.27704	-42.91878	LAX_RV_EPICARDIAL	11	1.0	13
-4.33814	-28.26716	-45.70570	LAX_RV_EPICARDIAL	11	1.0	13
-3.95983	-28.25728	-48.49263	LAX_RV_EPICARDIAL	11	1.0	13
-3.58152	-28.24740	-51.27955	LAX_RV_EPICARDIAL	11	1.0	13
-3.28862	-26.83388	-54.07309	LAX_RV_EPICARDIAL	11	1.0	13
-2.91031	-26.82400	-56.86002	LAX_RV_EPICARDIAL	11	1.0	13
-2.44658	-28.21776	-59.64032	LAX_RV_EPICARDIAL	11	1.0	13
-2.06827	-28.20788	-62.42724	LAX_RV_EPICARDIAL	11	1.0	13
-1.60454	-29.60164	-65.20755	LAX_RV_EPICARDIAL	11	1.0	13
-1.14081	-30.99540	-67.98785	LAX_RV_EPICARDIAL	11	1.0	13
-0.76250	-30.98552	-70.77477	LAX_RV_EPICARDIAL	11	1.0	13
-0.38419	-30.97565	-73.56170	LAX_RV_EPICARDIAL	11	1.0	13
-0.09129	-29.56213	-76.35524	LAX_RV_EPICARDIAL	11	1.0	13
0.28702	-29.55225	-79.14216	LAX_RV_EPICARDIAL	11	1.0	13
0.66533	-29.54237	-81.92909	LAX_RV_EPICARDIAL	11	1.0	13
1.04365	-29.53249	-84.71601	LAX_RV_EPICARDIAL	11	1.0	13
1.42196	-29.52261	-87.50293	LAX_RV_EPICARDIAL	11	1.0	13
1.80027	-29.51273	-90.28985	LAX_RV_EPICARDIAL	11	1.0	13
2.17858	-29.50286	-93.07678	LAX_RV_EPICARDIAL	11	1.0	13
2.55690	-29.49298	-95.86370	LAX_RV_EPICARDIAL	11	1.0	13
2.93521	-29.48310	-98.65062	LAX_RV_EPICARDIAL	11	1.0	13
3.31352	-29.47322	-101.43755	LAX_RV_EPICARDIAL	11	1.0	13
3.60642	-28.05970	-104.23109	LAX_RV_EPICARDIAL	11	1.0	13
3.98473	-28.04982	-107.01801	LAX_RV_EPICARDIAL	11	1.0	13
4.27762	-26.63631	-109.81156	LAX_RV_EPICARDIAL	11	1.0	13
4.48510	-23.81915	-112.61172	LAX_RV_EPICARDIAL	11	1.0	13
4.31427	-21.01187	-112.62496	LAX_RV_EPICARDIAL	11	1.0	13
3.95428	-18.20953	-111.24473	LAX_RV_EPICARDIAL	11	1.0	13
3.78345	-15.40226	-111.25797	LAX_RV_EPICARDIAL	11	1.0	13
3.42347	-12.59992	-109.87775	LAX_RV_EPICARDIAL	11	1.0	13
3.06348	-9.79758	-108.49753	LAX_RV_EPICARDIAL	11	1.0	13
2.51433	-7.00018	-105.72384	LAX_RV_EPICARDIAL	11	1.0	13
2.15435	-4.19785	-104.34362	LAX_RV_EPICARDIAL	11	1.0	13
1.79436	-1.39551	-102.96340	LAX_RV_EPICARDIAL	11	1.0	13
1.24521	1.40189	-100.18971	LAX_RV_EPICARDIAL	11	1.0	13
0.69607	4.19929	-97.41603	LAX_RV_EPICARDIAL	11	1.0	13
0.14693	6.99669	-94.64234	LAX_RV_EPICARDIAL	11	1.0	13
-0.21306	9.79902	-93.26212	LAX_RV_EPICARDIAL	11	1.0	13
-0.76221	12.59642	-90.48844	LAX_RV_EPICARDIAL	11	1.0	13
-1.22593	13.99018	-87.70813	LAX_RV_EPICARDIAL	11	1.0	13
-1.05510	11.18291	-87.69489	LAX_RV_EPICARDIAL	11	1.0	13
-0.88427	8.37563	-87.68165	LAX_RV_EPICARDIAL	11	1.0	13
-11.43445	-14.39377	0.21233	PULMONARY_VALVE	11	1.0	13
-10.96452	-0.32281	-9.60809	PULMONARY_VALVE	11	1.0	13
