x,y,z,Frame
34.190384669319485,-3.655577745187665,-96.56684209621655,18
-9.558744363876702,34.62954829779881,-50.543148901544065,18
-8.144756576585797,36.40990032856528,-51.802604418845235,18
13.570959374688591,45.08748145001802,-45.8527061407215,18
19.00217829009373,41.44277595960899,-34.87672536618466,18
-10.861520901537558,20.52847185861715,-25.147310106305927,18
41.16917213621214,29.63275889096061,-24.106164564999656,18
32.91969551549949,39.56918455164346,-41.21776154105391,18
28.991399150138452,17.764641821532408,-84.5427502463612,18
44.850032491064816,-21.418911957118148,-72.1531082470335,18
26.251920267553448,-22.451337792751467,-94.91383697970188,18
42.92021363843203,-7.279236708008451,-46.57878640038322,18
47.92531950890916,-3.4966822791873526,-79.8620435859738,18
49.66082550335837,16.98570945345454,-64.26777551608629,18
22.315281775745472,-7.360924407863626,-95.97656399756897,18
12.347428083135162,13.028950581072868,-86.23358293964445,18
24.47603275125707,45.98936470181077,-54.274874185431365,18
26.379149957033057,-24.560186294724808,-85.39608431476223,18
42.71313255139697,-3.990415658988968,-88.32164447744464,18
39.32377435500611,18.507902195632923,-73.15011671762657,18
-1.3968776032861223,22.20861455771908,-19.830074018682947,18
-16.544791171138684,24.04574290093724,-37.577969511648114,18
-11.221743604364464,18.31056520570389,-22.773249832164456,18
1.3448015989306707,14.340738399035866,-14.429280330074207,18
-19.041490987461096,17.365537901776353,-26.16120685741314,18
-8.586937724822205,17.725718291167603,-15.03766315350623,18
-0.5968122399032778,13.219371265041666,-10.075378627035985,18
-2.655604239301001,2.508957639242589,-13.324374484536092,18
-16.812502573091084,9.264996606188182,-24.748983872539988,18
-22.904196410193453,11.549386627941516,-40.31375662051068,18
-4.2622572596804,3.063446891762393,-22.707707847538753,18
-18.98918381206007,2.9386369925932962,-34.2475465730369,18
12.756794785093877,30.541640962935777,-20.687536928365656,18
32.136335838317216,13.083757970261136,-16.33857173314508,18
-15.597690591629709,-1.0450479262278656,-25.95859104522771,18
46.257081308764675,27.92506385393588,-52.81978867931861,18
4.19699403296216,20.176063457973,-79.31670363482368,18
34.2518671579046,31.601792933387426,-62.542189423886626,18
41.81861988489214,1.4305053378828765,-30.126165788326443,18
29.597731812345273,6.525231753023457,-85.56961949890808,18
44.31858090064409,-14.318917175359456,-58.89082342001569,18
48.35929086763576,4.52420455509396,-70.19865666982633,18
19.55694384830187,0.5395197490486666,-90.0045764514296,18
38.951780595264104,7.6166832449756265,-77.93750498696727,18
-7.582762122757305,29.09017376413651,-72.43288240931274,18
-19.492324120133013,22.33836026113023,-42.53163083154548,18
-14.841470391941417,27.676592539238943,-66.74827292067258,18
18.993606653370783,2.8304495108139904,-22.56770786576519,18
5.230697472003096,5.7446659456881735,-23.111855164381172,18
2.232797627437795,42.302964016132464,-53.19741265813109,18
48.880782667510424,-11.392243487300952,-75.60130929428225,18
51.58152413461813,7.015798086984469,-52.09657536818853,18
17.635121752532303,34.96768818435071,-23.133498842510964,18
25.5331010804142,-16.42065363154799,-97.50429129288885,18
35.58060840734954,-15.922253731004586,-103.61718648719017,18
44.82296671100609,15.075834847591992,-39.12370804705887,18
49.71305449127926,-0.34563002423107597,-65.23175701050704,18
28.273746460763046,-21.732450953452645,-73.42082351427368,18
27.335643054497893,-14.821908830617254,-43.10341657628282,18
24.803331223559827,-10.81257058099537,-25.853487709959143,18
29.04201177543064,-19.14602419014233,-59.15314244297254,18
7.085366123126096,25.27039824462818,-18.116818272532637,18
13.453645762806332,13.619320903026852,-20.833378980108577,18
-14.784830905898081,29.727866063021708,-46.033208220169186,18
-17.46342508461594,28.591341372478837,-53.804933373768606,18
19.99284044748129,32.01210329970661,-74.11822897977044,18
11.434834419247757,45.26325276172447,-65.44250784730639,18
38.469151865607984,-26.412452116036352,-85.64751807229287,18
37.43688542563752,-21.64535555916564,-95.76976531537785,18
48.590015588182744,-16.17843713503459,-92.26361381946012,18
-8.634983956475667,19.36080618452836,-68.97027851081825,18
-17.561251746531614,16.0275842685362,-56.61620887807791,18
-13.471222270868678,20.24101033715581,-63.98588184606775,18
-19.564510329920783,19.49468357850441,-59.99941723748816,18
-18.440156558384906,8.391629626990232,-49.58718076434905,18
-5.923510303178928,1.9112838712580782,-32.81006453223625,18
-14.291213336126795,1.4737866816814797,-41.96362126093767,18
9.096657926972673,-6.219563916358552,-32.81721317251561,18
0.5730398137577472,1.3882985936975643,-34.2057521162521,18
-6.007243784045528,-1.144893236854986,-44.98103077684781,18
0.06189248599944949,-3.3945393797212,-48.95528913858618,18
-10.158764019890771,6.1965107784236,-55.19054676022451,18
-3.8341319341412445,0.8185947081356837,-58.571534257087485,18
-11.742911722709179,12.423276977429758,-60.33287917956642,18
-6.37072122338152,9.243896805964878,-65.43678558861255,18
17.416477968650245,-15.043856548740237,-83.33296955511013,18
17.213932072621958,-6.140498656899511,-90.50136223435506,18
20.019680224436744,-18.489983645600578,-79.40049553322368,18
17.684311120708493,-10.16986284612144,-87.09097115322999,18
21.884093912887106,-19.878438333951106,-73.01238795352475,18
12.809162782800954,-0.6684655683865677,-84.33282175383013,18
18.04200677958784,-16.763590644201305,-65.04771741035557,18
12.802437731006158,-15.056557216073468,-71.04004415599988,18
10.336521472135521,-10.924736716677112,-76.56038515276025,18
10.493241027165775,-7.022209078971605,-81.95509354672575,18
4.4365987099686475,5.862365805762409,-80.14872366917243,18
3.7182658568900946,-9.237881980011617,-71.6347498660474,18
7.856731968657257,-14.171196725002062,-63.222894207754955,18
14.3108899581226,-15.614658411221678,-51.68926256122149,18
3.3448790833118434,-1.2910082211631302,-75.72507771906213,18
11.860746739577177,-9.942641606127054,-41.38986128776645,18
4.062731791234375,-9.998686463590493,-54.50115469843992,18
-0.5171277526249892,-3.4051901696821654,-65.65530253049076,18
0.26774050923818493,4.162904581361012,-70.46155964479458,18
-1.3448507192788175,14.050195848058882,-73.76136956888082,18
5.060187897729661,-24.495421457081115,-73.4378275840522,18
-33.59535500005237,1.457483199297193,-46.962909260033,18
-57.514700161974844,15.163617593589597,-70.28213661891647,18
-32.65278874598861,26.417535699712925,-67.28959661140081,18
-62.40010879867319,3.1002878658501634,-81.28027118336249,18
1.1931951841447344,-25.588529872537332,-49.118063990010405,18
-17.684410142339633,-20.2952594303733,-101.9297084630113,18
-24.223722950333308,24.06535173652851,-69.57648003964161,18
-16.67603824729934,-28.727508943159282,-58.062478321603045,18
-26.83879322060371,20.31958709714152,-55.9570600460142,18
-18.68510742660451,-10.343530101686497,5.285073412683874,18
-2.213443574364115,-7.0717328805447695,5.225479369080471,18
-7.622310303463385,0.6299771482086899,-2.576891659960754,18
-27.602626240459937,10.55997322393491,-48.997949813478435,18
-42.155736919393824,-18.73979284333819,-22.600419340027905,18
-8.848051836459216,-25.28484715712143,-20.881896450703326,18
-55.61607094310525,-1.7812040611472202,-56.336868621778166,18
7.831993499384269,-24.829810486150258,-88.58318157293915,18
-42.3328478875881,-2.441139359694565,-48.22001847116365,18
-21.357318370334074,-3.566967356277223,-0.1634382037397367,18
-15.650722853808803,0.32650440430910077,-3.6610013568544906,18
-40.00990875193311,-13.07292355276028,-37.31199096016265,18
-27.78826529005351,-24.07237239815896,-28.982550308861867,18
-23.68681063395561,-6.760730804605886,2.9507036924783883,18
-9.930315153600406,-13.313029842902637,8.696130722822044,18
-3.1160634320522846,-1.3141474698772138,0.7701423333568482,18
-53.4436321973176,-7.5586043252572335,-92.8944478941514,18
-4.572898538047165,-21.652383785894084,-35.00261816316861,18
-19.827543469847846,-30.552288739077603,-42.48325433094154,18
-48.663749039904864,-29.095507235255567,-66.86721203612237,18
3.769845692418956,-24.413928249338834,-62.70050694659738,18
-7.697794413623368,-29.410365720669944,-70.12654211010702,18
-39.00131330591674,-12.915411987365905,-97.49811150795308,18
-7.8353180785825876,-27.517924655608613,-92.22087453476622,18
-21.30625522829624,-34.94827987389369,-87.90142007324116,18
-25.49428509019153,-13.877171872478899,-100.9658019576998,18
-25.101500691632264,17.552000597918482,-52.94036844905898,18
-0.1778489888990325,8.037700414817238,-88.39132175852224,18
7.184409770998666,-0.7758822002153756,-96.17371241954321,18
-10.074799784160101,16.296504782333766,-80.94028087588589,18
-20.467497122071162,23.98052549208271,-76.6454450183892,18
9.471169267429099,-10.982697874641872,-103.28513265660028,18
-39.28611045885934,-32.51393387257826,-75.24359987112669,18
-26.523434035717795,6.1758353494428055,-43.85541628665228,18
-24.455758878157287,-4.233310976054378,-35.91088268253702,18
16.98986183089874,-24.59340236766942,-75.60163411239381,18
-73.94021389583112,-12.199622306248898,-74.97405760982359,18
10.344791320126898,-21.65772929616309,-47.522796824480345,18
-60.66612891962909,6.034440078617415,-63.773042413393995,18
18.589509289512865,-27.301145771808738,-99.40542875228786,18
17.966653552293202,-26.86379635940592,-87.62577326801892,18
-60.58579671988236,-17.27448472479458,-87.16418744629988,18
9.274274645659348,-14.592937368726593,-31.095115850640923,18
-30.740237950598406,-24.980891759499585,-101.76771806007515,18
14.929382027913725,-22.287148853783552,-62.136131363744376,18
-16.486435193993554,-23.77378672765012,-103.78638587315541,18
-14.998058936338873,-7.634127362685294,-26.18945335713046,18
-52.08133550549709,-23.497444394333236,-95.84559850263591,18
18.28021605308871,-20.242241719655375,-106.90457122044833,18
0.8895937291132524,0.5451327309370706,-16.077095541793252,18
15.173721190056037,-6.22463719918153,-10.829510213645582,18
-28.41383050544251,24.09898964146553,-62.15219647300984,18
-26.451523731416493,22.838694534130475,-61.57551967628966,18
-22.10152138600024,15.755216568721364,-69.04500732306757,18
-24.932972032001505,11.679723393368043,-58.97559556012442,18
-18.435930393800902,14.609514942922283,-75.01715922757255,18
-25.480884129268006,16.4505482412289,-64.41844177148879,18
-23.830937992627437,3.9594412876159453,-51.60016797539563,18
-20.93780532958329,-6.112742550349299,-41.930149789172816,18
-17.012477033099714,-9.50084970311832,-31.98483888252163,18
-7.989676858789219,-11.933084431265438,-30.18268889247393,18
-0.5826323732455367,-14.637555746282297,-32.639517451084856,18
-14.547377289566636,-8.30900234709047,-45.71598760327674,18
-9.357884823722937,-13.481838779764617,-48.653580034642516,18
-18.60486812713441,0.7594121438783414,-56.417883968470015,18
-15.209421670648695,-3.1832382655127702,-62.10301781613933,18
-19.910742282275912,7.780747087304228,-63.88619502554824,18
-15.004697806975008,3.4712533182240684,-68.23053297597653,18
11.31586547208516,-8.762376178553541,-92.85059610904133,18
12.141974942648522,-23.19276310873909,-75.25760984880552,18
13.623854198281597,-16.224080121744258,-87.07467673285647,18
11.732247231321672,-22.70264481091901,-82.07423962716287,18
11.728801696281106,-12.19279593462393,-89.91947136284028,18
4.766322595586316,-4.799261734038779,-89.5201707631214,18
8.253910250400821,-21.977314857580925,-67.76632008952785,18
1.1229699903929005,-11.348964337733044,-86.80916473742293,18
1.6430624940766871,-14.498163364358748,-80.55144814062324,18
5.259296820505813,-18.875417461838705,-74.05468018839272,18
-2.923831313240364,2.2213633603752556,-84.02865429954116,18
-2.514165796687983,-9.972952515535601,-73.83299217296583,18
-1.7542844632235517,-19.46208839103393,-66.23483562323034,18
6.01478525903881,-23.937384502077272,-54.364295169599394,18
-2.945456319178419,-6.649214009202715,-80.15644942099964,18
3.1812662108979644,-20.442036993329886,-42.3650692364686,18
-3.3703329099775603,-13.341094616569972,-56.182054422519855,18
-9.13472465138987,-9.023079910254873,-67.21790025640064,18
-10.392624411807986,-0.2501489188097067,-75.42289370179151,18
-10.179394200654054,8.47565741970176,-79.54691526442517,18
-34.73136643268457,-13.37529140109884,-20.999964590548974,18
-12.61012753503204,-20.264114394337028,-9.432176941823956,18
11.11350875534668,-12.499847476973443,-2.663071958291106,18
-8.917120995025638,-5.722803501404158,-14.202772001382948,18
-27.919079714195135,-19.79333944015362,-11.440067424045157,18
2.08128231166985,-3.9164305889890882,-8.840743476089834,18
-25.494130376476953,-32.55764156910386,-67.91911332056542,18
-16.18218608025272,-30.70484460085828,-78.22685393813246,18
-38.08110975463242,-30.669215924077747,-54.521041088798626,18
-6.7002377026831965,-27.56515501263102,-84.12596089017204,18
-41.108639021832026,-24.5384159303828,-42.017256524398775,18
-60.78798081570607,-22.72171850368673,-53.506301788016955,18
-71.77552506911744,-8.195809030336669,-65.95382894182352,18
-61.22870389411435,8.843035470742121,-75.05883339140571,18
-38.68741647639001,14.184075408223297,-80.77337690705728,18
-16.72169074569941,-2.7730720241946756,-90.99759576597309,18
-28.480301760233854,7.91411584824703,-84.35896667579918,18
-9.357425287889633,-9.142824474246822,-95.71102130533792,18
-49.728508305347106,25.939608150655307,-71.56598550649828,18
-3.5498932084055697,-15.966027039691708,-106.79876039573229,18
-1.5502969426483935,-25.246474609988113,-109.43364696527054,18
5.125867178717635,-26.178410980972288,-98.07287527716467,18
-46.495905412348485,20.52490991683839,-75.66352552734111,18
-59.05175493882149,-19.795409003151924,-46.320090366578484,18
-2.914581400152807,-26.153858088485226,-77.11932548306467,18
-22.809456917841885,-11.846513174592886,-20.88459658572326,18
29.201417523187757,22.173627045107533,-89.82246761560083,18
46.66957905060885,-4.632009446349345,-35.66700433887155,18
55.8779815056458,22.57699395738755,-59.01164407759643,18
12.861887596783554,18.266593546940772,-91.58644315727467,18
42.625380060561845,29.219734155453896,-73.66761315922949,18
51.26333715449414,30.291198469855424,-50.34049597328752,18
5.395836032211008,28.666722973558393,-84.21898627995546,18
41.37056311709597,38.663514398574236,-65.646187421751,18
47.975261336436795,2.2029586607184797,-27.380474569931078,18
28.60044517501586,12.778857664725779,-91.48162914816348,18
48.78560279733321,-14.761761280203338,-57.41256682993716,18
53.03772260079636,10.056146722814534,-70.41972673521059,18
18.49444862505191,3.6595881247041597,-92.91621540376887,18
42.86576621286122,13.534786090923086,-79.9414052320434,18
55.8644932178081,10.668315471478676,-45.76394923597101,18
52.24963645594481,15.399762244847585,-34.57541356349818,18
58.54962558271556,-1.6576263690031394,-63.49409849275774,18
20.42692853366396,36.42190115475197,-80.49746955694636,18
33.28967184307215,-1.1132163806203303,-99.43673840655508,18
51.47923029296174,-24.82561976115143,-71.99677585174686,18
54.41950761002682,-0.7276156547009556,-76.2826492577987,18
21.703477925331764,-4.412640256611761,-97.81063657250532,18
48.09148762618789,-1.5458506323616743,-93.40233535657546,18
56.999261328697806,-9.107957567854637,-76.65407301821375,18
23.459382787896924,-20.017344640238335,-102.8055480837943,18
39.35936045668176,-15.881952408727367,-107.85501791623437,18
46.477542420132444,-27.292910865032226,-88.6109999942569,18
40.37647860983552,-25.339602857267757,-98.41280010726418,18
50.36073347546315,-17.444098596876955,-95.47703506073567,18
37.3927307164071,-30.714950645331317,-71.79975949448199,18
36.67623124662964,-17.735898444816627,-35.07300978383738,18
32.50505232659462,-13.080955154176973,-21.647559722621136,18
38.851646761398875,-24.10944848613009,-52.71372268732715,18
5.345383746128029,-26.292210436825332,-73.08728177465133,18
1.75930358453169,-26.946897937884852,-46.58425826766996,18
-19.376065817268024,-19.734732010410244,-103.52819758511092,18
-18.416466177748887,-31.75094853758867,-57.79022979741152,18
10.867724999991186,-26.780362390114885,-91.23819543871869,18
-56.9862812776127,-7.559095855445208,-95.74016291160886,18
-4.3541458893379446,-26.124094752769267,-33.291071629371274,18
-22.200219231193138,-33.38736451080698,-41.01867126953252,18
-52.29571222386469,-32.60926954482592,-67.20430209310523,18
5.869557899247756,-26.860002500195016,-60.63921593209695,18
-9.679978392832728,-32.09560564966516,-69.47524454378487,18
-41.40452973543817,-11.461134393777076,-100.10328170476204,18
-11.459480968068107,-31.424972819972687,-94.49566937920792,18
-24.80498064151135,-38.044179228215775,-88.41578745137518,18
-28.46894906225445,-12.381681347912862,-103.58010500163617,18
-1.5327012326968783,10.171232611556595,-90.30596685998462,18
4.101072590354902,0.9578953750788921,-100.49594747032893,18
-11.087893847488528,16.335484637559297,-81.05893739846462,18
7.23576172535243,-9.711281033120018,-107.24527551152079,18
-43.10030727951508,-35.51723365514572,-75.98403272157765,18
10.428652771148418,-22.6235414959667,-46.619119058708925,18
-64.08947130538037,-17.267436023020803,-89.46132725341043,18
11.018486001973386,-13.81916978266606,-30.030730480555228,18
-35.79857268767871,-26.303217962464746,-104.65298554687298,18
15.451919794641778,-23.750336290532,-61.68313246669025,18
-20.189449716329552,-25.298460872842213,-107.10601517526992,18
-56.426016106751646,-24.628567840562695,-98.40444887909577,18
12.046505391093543,-31.77685487011088,-101.45869083250638,18
16.883002232257343,-23.28252810382002,-114.6255805571793,18
-34.11605968550372,1.7424463761839082,-45.5959157473594,18
-10.068012081428414,21.562489118186683,-19.64323922465143,18
-0.2744148449642149,23.292458047571937,-15.110633296421026,18
-18.753870759995323,24.983998387369617,-36.08664731275502,18
-26.736665784676315,21.084136571225837,-53.971460527046375,18
-10.194445701184383,19.990543449078395,-19.583264795853417,18
2.5063900479174475,14.095508705133579,-10.701215628781755,18
-7.827247783700122,2.157298643897517,-3.3417439852184865,18
-27.498344292679743,10.201483156565986,-47.00662945103406,18
-20.92238283679712,20.6749091653635,-28.058127124802347,18
-8.704336830033842,20.360379841868223,-14.290173243805615,18
1.8577091350676633,13.253073451141924,-7.8188221777018025,18
-1.5287365457814226,0.4692159274913214,-12.009064231425937,18
-19.290901654621,7.616161097681955,-26.392970720190423,18
-23.66342843842089,10.842267308942844,-39.21872230666154,18
-3.260802420124384,1.9299834860326124,-21.075513619369396,18
-19.007269994350096,-0.7334760061680451,-31.350493724546347,18
-43.04686820785244,-1.8561566039854245,-46.49004807140777,18
-23.016641497645193,-2.8410560765998736,-1.3118634003548169,18
-15.659006106443064,1.6164662706063575,-3.826515534804446,18
-41.61478553236486,-12.18284981146682,-36.10645045100879,18
-0.17066992768309677,-1.3425256915376602,-0.24230015692473453,18
-18.503877314165276,-3.500971740009313,-26.732489640820294,18
-21.472342814280108,21.408808957827304,-40.00671881530484,18
-24.605539682529034,19.27220075492716,-51.3455289493169,18
-26.753619982488047,6.802734893336024,-42.17826316569273,18
-24.1557911793101,-3.8033366427913426,-33.62441460175305,18
7.742322428899276,5.341518202142771,-15.61500421230809,18
-14.694292303819525,-6.11927925112518,-23.65031290917254,18
2.5101999155850274,0.8288703530873902,-12.467497465066172,18
7.808402789829269,24.588278813194464,-14.183069456513048,18
13.792046997130425,14.92062592750953,-13.87206033661459,18
-18.746476081028682,29.59579802282146,-45.255931747458575,18
-27.244281965321065,25.50060178709843,-61.43119717841001,18
-22.478217287129063,28.688486033116966,-56.10745277908062,18
-25.994404663511123,24.93542168361126,-61.37219240323716,18
-32.260120274566034,28.252532191686523,-67.26158246256207,18
-14.454541029279465,36.69093029356246,-52.590296505391876,18
-23.866917002070082,25.72220827171511,-70.72564904940432,18
-15.998590162421728,32.47260431107271,-68.52662378246278,18
2.0901341457396114,-8.369397301483676,4.489663804420977,18
15.4443992590792,32.71744162727251,-12.246391548178964,18
37.26949801701578,18.593138475420208,-8.278946232397432,18
24.328647594061444,0.17709885970351852,-14.206742172838169,18
19.33085471588632,-5.832726325829552,-6.954044889025254,18
-7.992151615751062,42.93930270106753,-56.55202301258911,18
18.58943702719513,53.37995263255232,-42.0915536684422,18
19.56763682386474,48.94890159171213,-33.557018316421384,18
45.56847563237562,32.57935387616747,-22.166483576558218,18
42.24327342484392,42.331580935379385,-40.12717915638945,18
29.64225893073104,54.547609915233,-55.21063966171558,18
-10.867451382014117,38.46524088369676,-77.01477400901278,18
1.2448075915157888,48.687891709868104,-55.70960408721507,18
28.47824661588159,42.161995286120415,-15.32591834918547,18
10.540673752006812,51.78160710579629,-68.62354545836911,18
-60.711218413032306,15.831939783840777,-71.4169530212883,18
-65.88460537850355,3.623176450685738,-83.20282657658869,18
-61.67840201985637,-20.321846733253743,-44.21914179669913,18
-57.114189441694464,-1.4801904498693779,-54.023324825409496,18
-21.594328600184514,25.188505442525912,-77.88342014963543,18
-78.49409499268968,-13.277393520802828,-76.12426752425733,18
-63.09132926936698,6.201013970696006,-62.63949382503906,18
-18.617325768137913,-12.26917663583047,6.5178600435226235,18
-10.122884908930239,-28.874306476374567,-18.814968170753655,18
-30.400252193171763,-26.47674347778837,-28.228110260736784,18
-26.369413280770363,-6.650908982728434,3.1167123647843833,18
-10.0411553827428,-15.566375341999679,9.36318384932352,18
-35.945102078574386,-12.401180557355804,-21.228450620874522,18
-10.277287185784857,-4.98682170818667,-16.07261742581922,18
-22.785608655085177,-9.791993075017995,-20.824107404077818,18
2.637453133335139,-2.1718599511858114,-8.296387978082828,18
-13.723368628719937,-23.275845492810966,-7.561322260879063,18
14.77503911602394,-12.713653934445277,-1.0721695746407565,18
-29.194321180951675,-21.43183642553776,-10.383515909695346,18
-45.208955999907765,-20.071734987373052,-22.550883678110935,18
-64.57000422605805,10.078177585564857,-76.15755020246668,18
-74.12277728578685,-8.193788842714051,-64.82429525477671,18
-64.78258753435375,-26.12051106693399,-52.835257388722106,18
-43.891105442297636,-27.517138865561638,-41.95685287553572,18
-40.280802070608964,-33.44876631912362,-54.038107282506374,18
-28.0779668718148,-35.41196411016018,-68.17620679162954,18
-17.09020585317398,-33.18178012809351,-78.99521548632003,18
19.621523738290332,-28.40218532022046,-90.46397107542397,18
-8.342016950878078,-30.340026996963022,-85.17873853872288,18
29.205371547220846,-30.412497882477314,-83.52425275047685,18
34.137556266493455,-22.91835430954679,-101.79518038904904,18
19.107811845164694,-26.307604676523557,-71.90389837736151,18
-30.00310882432946,10.6936243712486,-87.71708847544954,18
-40.89643375293605,17.022097078970763,-83.95676436097013,18
-18.958269107282277,-1.5548164489219134,-93.49368306515443,18
-11.793029407036334,-7.8345375829756865,-96.6834772538792,18
-4.289558383866333,-16.099129673022873,-108.35021173144338,18
4.783858072649177,-27.485412347761383,-99.20651931311602,18
-5.667412703011439,-27.14084195076135,-111.84144684898475,18
-50.43486036155026,27.581887034878697,-72.90872194090446,18
-47.72569269183788,22.96524084693881,-77.52456634384757,18
-3.8006718085062356,-29.09181564120609,-78.33399516588004,18
