x,y,z,Frame
33.485580894415016,-2.909010207225382,-94.74338164303576,22
-12.211367672520746,33.5493227992695,-49.889404792917055,22
-8.896266385182013,36.68557379123546,-51.85601266899382,22
12.568464614260138,45.9943152208177,-45.40126283281235,22
18.479402871422703,43.67664413773084,-35.59327032098957,22
-13.159100026558674,19.86432515252318,-23.147622158645284,22
39.546637770122,31.280265834789464,-23.092899490480917,22
36.304947201311485,39.68776832956365,-40.1432069420779,22
23.736889203700137,23.543690537123133,-83.25591225928393,22
45.58870980649568,-21.530964335815174,-72.14582629685057,22
26.554499949559624,-22.53603966732618,-94.3418624530685,22
41.4841544016189,-5.41083263317889,-41.53298417986169,22
48.46069000435493,-2.764762150150881,-78.64197695078187,22
49.524431838564965,19.300377917781923,-62.43770055659859,22
22.49710292584302,-8.37552603778742,-97.92631542769978,22
12.34931847780895,12.971390526968518,-85.79206116919859,22
24.045192377843474,46.535546623770884,-53.74283807001815,22
27.138866205033068,-25.574866007453366,-85.35719408062344,22
43.194493423361926,-4.430155444888062,-88.20274057375535,22
39.0691278380174,22.314360987305864,-70.81577112656569,22
-3.0175858770919453,22.066716178117293,-15.8312790523997,22
-19.649803590507943,23.950974895273617,-37.6086742294714,22
-12.757583102687533,17.60667384558661,-21.416251627766673,22
0.5433753035411373,13.567272905813809,-12.7031235341511,22
-19.458666940869097,18.637856125291812,-24.1097300696551,22
-9.399745553242502,17.818419049523126,-13.712969092392429,22
-1.6430025555441343,12.910555253004079,-8.85073475281171,22
-3.5812207642585445,2.8126651474868605,-11.255088630406838,22
-18.094536355457066,9.293369006912437,-22.65609421789091,22
-23.473504709790003,11.171169711715486,-38.51956215037207,22
-4.5840777174495,2.1517648086238164,-20.92244145942245,22
-19.54233871992347,2.205860454150911,-32.51589120142634,22
11.031354043673513,30.799252108264866,-16.20788104083241,22
30.694401278413753,13.449089669672293,-13.839370989318262,22
-16.591109278274427,-1.6144672753044325,-23.35218758067669,22
43.69255951143981,33.7457271122057,-46.7986778427904,22
0.9067415398187104,22.683848272247683,-77.26525990290976,22
34.307772247300214,34.874671176538286,-61.10814972802736,22
41.21292577478027,-0.5009427853731755,-29.15033433370333,22
28.85336763523022,4.552083150262167,-86.70740348315752,22
43.81955982001832,-13.298648660929889,-57.555996516905665,22
48.31827083326504,3.626354836014318,-70.45405608923768,22
19.625895670950847,1.3573369110178228,-89.48153261449258,22
39.34471793843243,7.644625148125744,-78.86333779400023,22
-7.371606464859794,30.64763727465413,-71.89296532188294,22
-20.896726462707694,22.430652243891785,-41.81178421208144,22
-13.623235203840933,28.38228831460212,-65.80614953366468,22
19.349173130481926,1.8722418645913577,-20.47622220706031,22
4.597780181839166,3.3699836854022385,-20.887743531403213,22
0.40434806327405337,42.19483834505899,-52.92879949210286,22
48.91510087960589,-11.553173123240203,-76.05938394960413,22
50.777623992570355,9.424777958765253,-49.76954867442343,22
17.7028728753332,37.1469665823642,-21.05047510699284,22
25.832211908758246,-16.28706144623553,-97.27251116788028,22
36.662634666999196,-15.161378962272602,-103.23447884403505,22
45.443057268381665,14.83771932712305,-37.35725015708945,22
50.30523297329371,0.6130547197328664,-62.9861916312023,22
30.01087773935396,-21.944701872823583,-72.68246554609523,22
26.794015389455964,-15.959446590191513,-44.46682274835196,22
26.063299172310927,-10.149370207541766,-23.56893118862087,22
31.232486682569007,-19.992268813484245,-58.99131433584004,22
5.237333762584871,25.410906438281852,-15.152709091590069,22
12.830435571032151,12.76508964119212,-18.257628804249883,22
-16.136067089670274,29.698246371566974,-45.872276300633935,22
-17.916330342033284,28.936123353148517,-52.883576905079714,22
22.010429107882665,31.10372220515933,-75.5207429422415,22
10.614064206649308,46.54110857838666,-63.16933492528003,22
40.24671118178658,-26.47138379099763,-84.57792154555729,22
36.54685251988019,-21.709816551371976,-94.58203256535488,22
49.12852270272771,-16.72198150346709,-91.65287458000908,22
-8.346876850353274,20.011790176684823,-67.95730209004935,22
-17.17259889955268,17.092199259644218,-53.66490112372025,22
-12.637380379324116,21.663066992196246,-62.206439228403035,22
-18.29193091179433,21.207595793420325,-58.355105911985596,22
-18.294785001183506,7.1916196878396965,-47.85009546296917,22
-8.12415422027398,0.933498933722617,-31.236339598895842,22
-14.352394011662982,1.1628726244831342,-39.56918229811166,22
7.66688084422202,-6.952337460809291,-29.877242224036287,22
0.18806022631980326,0.8296850428305573,-30.863613362727982,22
-7.117032341039044,-0.8350453644207655,-43.47180029078167,22
-0.5929782769426474,-2.6817125429687527,-47.82243674008736,22
-9.832687555246903,7.420779417379499,-52.82038496251533,22
-4.618271473488205,2.2486961704141244,-57.14001385975101,22
-10.528176829712729,13.575565994597197,-58.90087844585349,22
-5.484915280262279,10.762303012908054,-63.412562461047585,22
18.619240372452218,-14.143077634875029,-83.39506835347574,22
16.811213582050932,-5.2727351967949225,-90.39862629680526,22
20.884621548827674,-17.43141166982799,-79.62726530079794,22
19.863585083471662,-9.541345524502297,-89.08330362953664,22
21.925417186730684,-19.435459783331225,-71.93576615694909,22
12.851397389995164,0.5658997525792583,-84.6274820261844,22
19.087970436824833,-17.50533995118354,-64.64458404040228,22
13.28344002896097,-13.915820084718213,-70.64694269354506,22
10.581734467894726,-9.257021413179832,-76.26974253919134,22
9.735075753173824,-3.9161105670121525,-81.20995165450428,22
4.134593913037525,6.540926025027709,-81.04424116216741,22
3.590728589793568,-6.313665837197593,-70.23670653268097,22
7.487696922176108,-12.383408459920268,-61.30370654845274,22
14.520490679560945,-15.534230015756835,-51.53543566316938,22
3.858519139044522,-0.44969687094507427,-75.8177505166069,22
10.524264308282245,-10.840272153296242,-40.96100223013456,22
3.5876443557127757,-8.559443856428603,-53.93559168782802,22
-0.18022013056129002,-1.7507532291987442,-63.93998585897977,22
-0.20422671726324113,5.3482078274891816,-69.62782651092903,22
-1.6806676620655256,13.757628666088273,-72.73391250982752,22
6.10117647597301,-24.67741725167098,-72.79858339045143,22
-35.304436821267714,0.22143034258558975,-44.04222095423935,22
-63.33922214688978,19.99582486150656,-68.30759951527767,22
-34.542638890268684,28.438327597321113,-66.41704383801732,22
-62.617675249393514,4.570929152126509,-80.64096510436002,22
1.1972685281178408,-25.14738485747224,-49.92436083295372,22
-17.080407691719476,-19.77597431664635,-103.16338042440847,22
-24.9552578367981,23.62135205282685,-68.94987384120233,22
-18.222800837384,-30.241338690071697,-57.229203168322876,22
-27.167432897563558,21.504616594449143,-54.77900123798727,22
-17.397155270233807,-10.622561252457798,5.073486328591508,22
-3.3302166716610473,-7.038363434386605,5.455439174699113,22
-7.838557454112019,-0.8278279877327578,-1.1116202492533054,22
-28.331461994543165,9.976653197056834,-46.709719013075244,22
-46.733162726357044,-19.634252014342685,-17.870027781372592,22
-8.377862495821493,-24.501762878868234,-19.11761259654453,22
-62.14827368458476,-0.46165556123199497,-53.78983242904756,22
7.417025107628895,-25.507638230959994,-87.90670080665444,22
-48.02310027690193,-2.634659182936576,-45.588196053698326,22
-21.021508924981774,-2.499692554858381,1.3539486935641358,22
-14.712216899583948,-0.9863248485617743,-2.7690237049942006,22
-43.71564113315922,-13.477049147824305,-35.14697271973251,22
-28.72617804378181,-25.638726063509573,-28.552276125391295,22
-24.78113554468457,-7.358870216799904,5.448312306238317,22
-10.756778896706647,-13.190202596442061,8.992047364929888,22
-4.017776377533058,-2.9202136298995214,1.724863540730167,22
-54.00144984211643,-6.888008467543129,-92.35766923270388,22
-5.692201519923014,-22.515073186131747,-32.90105302216556,22
-23.538812736501065,-29.450402689176368,-42.54840341436007,22
-48.969782627841674,-29.62283952932903,-68.75368409083272,22
3.1692106594908784,-24.918970128546835,-62.772918566113965,22
-8.260558108353084,-29.588335522099875,-69.40776016915997,22
-41.08006712764213,-12.781583898262577,-99.32299946740443,22
-8.45215949609251,-27.141573502133397,-93.19373407810627,22
-22.021793397665174,-34.86893526403209,-89.45444999934678,22
-26.146961605176283,-14.781787042779419,-103.14015379304881,22
-25.377241884826123,18.355553630814303,-51.808042710775716,22
-0.6947830770120141,9.462979276798151,-88.94321976508782,22
6.7637462758994475,1.9430545240784804,-95.70324389551651,22
-10.79907182219781,17.28100405552463,-81.04364519476825,22
-19.52125601425758,25.00267152770475,-75.95172515452758,22
9.611565662876624,-11.583423112839476,-104.39111544893683,22
-41.850776578422405,-33.60604795083577,-75.69909752548152,22
-27.167141492383287,5.024781635482154,-41.72869992551131,22
-25.242506901309287,-5.740893793774439,-34.27113295636317,22
17.660036404762838,-24.267791368851668,-74.72211899438817,22
-74.3083972652617,-12.212923747252745,-73.54587219028242,22
11.245302101195936,-21.396725307170275,-47.136977211282854,22
-67.47894008954405,8.834759993717109,-60.37739941427205,22
18.255030595087778,-27.834841339440953,-98.55278338250822,22
17.1617754602976,-27.605294049705083,-87.47338528522991,22
-67.63343169281156,-15.001406094339547,-81.75854634010928,22
8.095854276410785,-15.516807560604068,-29.450309247382073,22
-31.721731079045675,-24.92635113397977,-102.52777442580917,22
16.097717374070253,-22.67190917965805,-61.51605954247872,22
-16.12188779825711,-23.9926550898718,-104.92187906652985,22
-15.836779180739885,-8.145675046705822,-25.532057844092968,22
-51.83955645090481,-24.44019929446762,-97.28136626912564,22
20.085479682813236,-19.88145584488433,-107.36642200035297,22
0.39127285527995337,-2.585036115383207,-14.883659915090096,22
13.921957421324338,-6.832319167842755,-8.481321396578187,22
-28.195771451134664,26.180296537946774,-61.51158915426687,22
-25.398475936823193,24.635460884963887,-61.02678982133284,22
-20.784838488927022,17.65847189454394,-67.76666244925065,22
-24.868884180117885,13.429295702856788,-57.7453545515998,22
-17.642865834783535,16.86029832837789,-74.44852839044526,22
-23.816178005834693,17.69073184868129,-62.61210868998669,22
-23.80834940102396,2.3598445656237934,-48.974916202317395,22
-21.565705599140404,-6.332446697392603,-40.85422887076316,22
-16.581568422461604,-10.643611092543367,-31.411862561028773,22
-9.848124717152613,-11.8783884329013,-29.370764711075758,22
-1.79377894265964,-14.580385757555225,-29.74487679406624,22
-15.164514183166352,-6.942179303266107,-44.375198068627526,22
-10.945779392543127,-12.050576736306558,-49.43348523679338,22
-18.081405142847185,1.9373252246873145,-54.83494038322321,22
-14.985401862255722,-0.9848810220840403,-59.64697793322197,22
-19.14882566521885,8.971037960035849,-61.485868663529715,22
-13.718401789558525,4.31481289438274,-66.69644037291563,22
13.418926935082206,-6.873280550444701,-93.16852462495066,22
12.964930053222147,-21.055978170071143,-74.9603140073535,22
15.262823159812665,-15.22292747332706,-86.27604321198925,22
12.750199811661162,-20.652129526520287,-81.82179143920935,22
13.280023004613607,-11.213751311717735,-90.19217784516584,22
5.088999399885747,-1.7699723577962687,-89.51967186160459,22
8.86141759053422,-20.758316219146714,-66.59144751957956,22
1.7492991000651283,-9.126624792339495,-86.13942839251901,22
2.068075149457556,-13.244696903993617,-80.07865358237956,22
5.924514161096452,-17.168806047044292,-73.1441720753107,22
-2.4024321011928857,3.1967157085768467,-83.22164162375037,22
-2.0304626281178293,-10.487794375776598,-72.62967515643783,22
-1.9101591000749396,-15.546350924931822,-63.826927682764676,22
6.719162699647473,-23.064724230669395,-51.409682545294594,22
-3.159597041164567,-4.5474456684694635,-80.71888387083476,22
1.9757430088083017,-19.196305150732318,-42.31479661143139,22
-3.386125266850341,-12.31288155257874,-55.506377347078185,22
-9.229572354296657,-7.0827595486685615,-66.0061346366267,22
-10.10509137570095,0.3341693427835038,-73.05535046759258,22
-11.266866657102964,10.767981052731002,-79.6086344262805,22
-38.51503156844028,-11.713583052210073,-17.66170471292436,22
-12.703736970150393,-20.70762255005194,-7.932941171677991,22
9.207248996581711,-11.725933131990573,-2.736836622589916,22
-9.943331184802455,-6.277997161220906,-13.610364664808165,22
-27.915326976903827,-21.353906588476278,-12.24141525168336,22
1.0351116540030287,-5.476383544492204,-8.208902842836215,22
-26.663393377473977,-33.37621049971368,-67.34885063441074,22
-17.598468583868875,-31.033790500643843,-77.4600462574774,22
-38.47752364120721,-31.261511813243693,-55.40376989682395,22
-6.204952535646098,-26.99448146677586,-83.99444600214848,22
-43.417207980387786,-26.67805940193041,-38.656964082239924,22
-67.12531708823994,-24.470795035576106,-53.99991407606765,22
-75.20590114985767,-7.21020890871988,-63.48951526396646,22
-67.27796874151589,12.906876355505426,-73.04815715051629,22
-38.72455311237375,15.019689483863527,-82.23576401451683,22
-16.116280435077176,0.40408335791734534,-93.60666547745065,22
-28.721578274693098,8.551456658034818,-87.14648076992277,22
-9.525071015484444,-5.629120112397907,-97.33575198716716,22
-53.32147201401033,30.834495079161425,-70.67236469677383,22
-3.8565256871977898,-15.28157182032119,-107.56082391573513,22
-2.3293889224806,-24.823795556011518,-109.41833235225874,22
5.662178237281865,-27.31689539436965,-98.12402671935911,22
-48.44985557151761,23.756186894302587,-75.57785685936862,22
-63.47456726017955,-20.95566080754442,-46.27713828280371,22
-4.466049045455737,-26.55499811692638,-76.08747350506245,22
-23.624205329643548,-10.44989355800093,-20.591353629435655,22
25.33598197252198,28.65928164822103,-86.87723404839295,22
46.88379534490896,-6.381915699780432,-37.813227630390514,22
56.710374629931295,22.37430653374172,-58.522274667087345,22
12.005667309096868,19.867009970199785,-90.34481271982773,22
42.89264144534813,27.823678759872525,-75.56390849365717,22
50.124077549026005,33.911363995971634,-46.5044604688886,22
4.893808510716428,29.88405061648585,-83.09191768322563,22
39.51292257916547,43.86380162152064,-60.8088639854103,22
43.233844283010086,3.6928017840054945,-19.36801645480293,22
29.675222253675404,11.448850212780908,-90.75048976297055,22
47.86988336326925,-11.841959459689205,-51.001204302598715,22
54.096272041545035,7.975427883594313,-69.3105351336636,22
17.45803769665963,2.7095032253661677,-93.19065439995111,22
43.44308106137949,14.4650826998541,-81.02544419225586,22
55.207580131684104,9.333423497533643,-47.44514765611519,22
51.10318873467073,18.90012485108346,-30.94169835302736,22
58.00615675670592,2.21961731327364,-58.87757144095108,22
23.732639013810278,37.307773889737355,-80.35852061064583,22
33.12082016374222,0.02955926736284105,-99.25701472640834,22
52.3118626736714,-23.702756342525802,-72.47037073812474,22
55.258472597208,-1.2771945360664678,-76.01364142581161,22
21.7867484780968,-6.079953355302412,-100.60409047382143,22
47.54883937602446,-1.0624489979353418,-93.07417372152038,22
55.51451766458972,-9.311361271325236,-76.17574027023487,22
24.361633661158542,-19.955963796209264,-103.8217166162413,22
41.780741579661736,-16.229868543529662,-107.22612867824107,22
46.907062298122554,-27.004192537468214,-87.70511266220824,22
39.736505213598676,-24.616034071825677,-97.53656845774896,22
52.22447702909031,-16.937320482207582,-93.62841318800027,22
39.65805857186097,-29.631744404162188,-70.43260721099244,22
34.560093429985365,-19.05907774589799,-35.90839602531036,22
32.58758414355643,-11.947890392517893,-18.614238391371657,22
40.04763268999124,-22.874579592305466,-49.27839952560487,22
6.312510836965891,-26.59621881019845,-72.05657717783568,22
2.7983171959304243,-26.209649281300607,-48.03511706490307,22
-18.456783459621025,-19.495836933654044,-105.1488874174942,22
-20.23916006968821,-33.26677093372461,-56.249646828764476,22
10.011593927318385,-27.530206850223607,-89.76250447923064,22
-57.703469222544946,-6.688101342475461,-94.0153472670889,22
-4.978206506301923,-26.397497224680365,-31.443518681901583,22
-24.43011506663817,-32.267802735207816,-42.61513240802804,22
-52.319164698263044,-32.542034905361504,-69.54211763197796,22
4.834084571563619,-27.085126028412546,-60.422036276447955,22
-10.216769408421522,-32.41546318434467,-68.48351106195825,22
-43.73045120918294,-11.32409622500826,-101.88907582520521,22
-11.934475730547332,-31.431632664542192,-95.1808721362698,22
-25.39382328376595,-38.202475153047395,-89.43998130168508,22
-28.974985242367275,-13.567377411530721,-106.07784609875645,22
-2.070997097739801,11.159928794766186,-90.59984977751522,22
3.8462844023029956,3.768911891189364,-100.08150448382237,22
-11.46380783841563,16.910704761720897,-81.38140879756132,22
7.645985897986771,-11.220381109752548,-108.78184289635647,22
-45.214618532188005,-36.47235457739665,-76.5396329079365,22
11.626509880969042,-21.44315388214657,-46.01359262030117,22
-71.87895837654463,-15.114012949988656,-82.84374016740215,22
9.241674034415825,-15.727292409832328,-26.908378968607956,22
-36.03728329922068,-26.94550494652991,-105.19767914982896,22
17.139691908642963,-24.139925605501254,-61.0367161192663,22
-19.17005723033041,-26.161726740541525,-108.26275812412092,22
-55.97436297645811,-25.522640379379183,-99.46880892169894,22
10.92508861742606,-32.313833389642355,-101.82832146081688,22
19.156406754292256,-24.17714448649387,-115.37413459604014,22
-36.00005485243724,0.7326798033031314,-42.52534842537506,22
-11.81038553346298,21.3099111785381,-18.01402356573817,22
-1.7177723355661492,23.28192000896235,-11.514909989173411,22
-20.386412412595725,25.556628918215218,-35.10911052900237,22
-27.248663614485974,22.553869580611533,-52.75989255114699,22
-11.619558553333137,19.589700879723274,-18.207701302153907,22
1.7685426234169117,13.41192290042048,-9.066687638010036,22
-7.919516659127342,0.5664124771659385,-1.8216684122058218,22
-28.231366104655603,9.548434976988784,-44.52379286905573,22
-21.256206757242825,22.508623174231868,-26.05499038885891,22
-9.740427654108855,20.42449596513051,-12.847738020421883,22
0.8295960225227794,13.01410568127736,-6.483571529865628,22
-2.363615928489003,0.6459627829698672,-10.064081946257295,22
-20.390778286175973,7.55776577153778,-24.09972432524225,22
-24.305317805281828,10.57473608906036,-37.08733305839942,22
-3.749500705909433,1.2283357831484834,-19.269431138518005,22
-19.736689530112177,-1.5084924901369534,-29.37071677812542,22
-48.66496264797458,-1.8053993463717606,-43.45208406082866,22
-22.887542627241682,-0.9066468243572534,0.5120661978433226,22
-14.43717762324315,0.20766524006558854,-2.9514077097581093,22
-45.67734749306786,-12.020452335570958,-33.62162314509962,22
-1.2578935036863916,-3.095787771617784,0.6168615646648999,22
-19.501737717135224,-4.24863626304811,-24.14700408241564,22
-22.6203216849514,22.18313007029469,-38.89409495010588,22
-25.04915513249139,20.39669798246155,-50.1478983362744,22
-27.37209795023889,5.831836080427625,-39.93633561599564,22
-24.547921284261697,-5.357282900778102,-31.64384533131313,22
7.303847115128577,3.325024865618213,-13.918875453285922,22
-15.711094127233707,-6.744338478808768,-22.952983439872483,22
1.872431471643808,-2.043814462687515,-11.57367209012975,22
6.579250837752769,24.084398448431717,-10.883118301481694,22
12.507857586498826,14.535179342865147,-11.374746308771634,22
-20.120573757685996,30.112967664143564,-44.6550257374894,22
-27.104258184763605,27.43740899087002,-60.651872331781426,22
-22.21660836643334,29.731147425260044,-55.060568165360415,22
-25.255673018525798,26.686529701103584,-60.70845389810275,22
-34.51268329390056,30.245095121098206,-66.25842294971413,22
-15.928743240900301,36.0752256401437,-51.9037189808507,22
-25.1617442773599,24.812097343777044,-70.12862660886618,22
-16.223105660046723,31.797725414592616,-66.95343260308604,22
0.8073792001529198,-8.018765159540587,4.6350044229462934,22
12.976593892985584,31.87034732299903,-9.705062187245288,22
38.127677787159605,15.558483688788087,-7.480016925207939,22
24.239558316133152,2.2082687567456483,-12.029717707225982,22
17.722762786892737,-6.812053386761908,-5.010931253019009,22
-8.70545050569879,42.969491167371146,-55.52840543374021,22
16.854841648293945,54.287569556501914,-43.202387419686744,22
19.100650163042157,50.65614315331969,-33.03414607471037,22
43.49530664018615,32.05249654791876,-19.08128092915655,22
40.78798310932461,45.56550913048692,-35.35274001685997,22
27.64362801193783,55.036283478024224,-53.13615562351567,22
-9.011213900501946,40.10053755976175,-76.47897789005039,22
-0.11931768276015144,48.72655486379648,-56.109075112903916,22
24.04103897428524,45.18011117350938,-13.300395338317125,22
10.69025993820801,52.39895416959032,-68.94917877915374,22
-67.27448963617648,21.065426158989137,-69.0627115822116,22
-66.41571623958916,4.964499543915376,-82.39813886467658,22
-66.23421004949066,-21.455736463852876,-44.01067391317182,22
-64.00390950360199,0.13825621429036544,-51.26637371184414,22
-20.549097893992332,25.307735617758695,-76.83866921114705,22
-78.29828080191085,-13.638853966704016,-74.61597128171336,22
-70.59757283007868,9.255862499396448,-58.4674557259438,22
-16.928985629898044,-12.650687170790144,5.706460124945058,22
-9.103754058283974,-28.241961547586985,-17.33081160659197,22
-31.31236821924129,-28.71782871035479,-28.07133801440905,22
-28.03869916048194,-7.3650471733575325,6.250805604673957,22
-10.837705613172488,-15.432387678439593,10.03763034680084,22
-39.82537447551239,-10.620552498610671,-17.640267447483037,22
-11.143954974668587,-5.7627529278241685,-15.337344327460379,22
-23.30385365060611,-8.335863696432554,-20.53816833167871,22
1.7011536396419924,-4.153717757681117,-7.5267240769661745,22
-13.365096792153235,-23.841532288111996,-6.032512178357444,22
12.565458877551613,-11.536644282840792,-0.9216020261314438,22
-28.664810866791385,-23.236096666307326,-11.59772575096335,22
-50.054396174859136,-21.229409239249037,-17.475500547785423,22
-71.60089217765783,14.637414330014904,-73.59620246016107,22
-78.25951938806982,-7.054893468692378,-62.02919718584612,22
-70.57717734979232,-27.690584954079,-53.76862404725701,22
-45.26818429315198,-28.706702023616415,-38.25359601663243,22
-40.42482746225735,-34.11545661331675,-54.8912887281554,22
-28.33005076554396,-35.761153058391564,-67.74145931244068,22
-18.477837531025962,-33.630615188480014,-77.68209125364368,22
17.297993716498123,-29.626569669575485,-90.97231762980017,22
-8.260820296443711,-29.782264206644804,-84.88043876559175,22
32.0302670159145,-30.907689011002,-81.80799535484505,22
32.573097967729396,-23.509892524203387,-101.09727498545737,22
18.930845061877548,-25.338186939391502,-70.38798997336352,22
-29.986934486976526,11.120234180658391,-90.23453819362405,22
-41.154788797697535,18.059996888234267,-85.29360919894162,22
-18.33656559284684,1.4934068177075994,-96.56041472415087,22
-11.198763124638335,-4.511399744526866,-98.83581841321323,22
-4.2801058768161,-15.564286420336726,-109.24876131208121,22
5.788763966652754,-28.931628219468664,-99.9521366728733,22
-6.46521311868218,-26.87734024538646,-111.50466672829116,22
-54.41754881031087,32.436175355239136,-71.95121338338747,22
-49.94641796190536,26.34470621842596,-77.44329196604123,22
-5.384333605567214,-29.272135322931813,-76.36696920345072,22
