x,y,z,Frame
34.30444110929765,-3.514424341690263,-96.33001680308206,0
-14.064460871533745,36.206581956023946,-45.56791557416971,0
-11.411715419760045,38.79455161025634,-47.190730433952425,0
8.643189809792272,46.78457369130389,-42.44340278822571,0
14.102680498093706,44.12079928554008,-32.9462034269328,0
-14.074460780906056,23.885388637501737,-21.187482283945776,0
40.137701452929385,33.58759930988452,-20.389009644465894,0
31.90994649709057,44.20019971691133,-39.83775102438793,0
25.731653891460905,22.55145905818653,-84.77277166511422,0
44.47118797095601,-21.298389491447303,-69.91918346317564,0
25.240249482552095,-23.47346542080349,-93.63468931567823,0
41.77022455889009,-6.342193375296548,-43.001329917572555,0
47.790485958919724,-1.089333280040974,-77.08697484154978,0
48.67430951364392,18.50749325194764,-62.21475593369729,0
22.562603183913037,-7.254585594685677,-95.51302813933027,0
10.185735981633936,12.754050345251574,-84.58786210459698,0
23.311689164812417,50.03121296236091,-50.822008420724,0
25.47438783382021,-25.60687877426963,-84.4451040642167,0
42.68814633975791,-2.4145103654370272,-88.0403756965154,0
40.93654342030176,24.969790432363432,-70.69861284223413,0
-4.7237895404115715,25.74507552135874,-16.126426713445035,0
-20.29518273103813,28.160029909445992,-35.97439000968763,0
-13.21960247407987,21.948557272403043,-19.351372183499684,0
-0.43376165451421067,16.937371299954663,-11.757769585459101,0
-19.353592195513325,22.517298887482553,-22.47396096246089,0
-9.168498063048794,22.29134264045192,-11.606799662639888,0
-1.9108715016236189,17.182676011058938,-7.4547990805948094,0
-4.005192394640563,6.472192694903645,-9.520963580780059,0
-18.222098726426267,13.35882609389731,-20.99944286225131,0
-25.57191665055532,13.101637968729728,-37.302254034720384,0
-6.092210749234896,4.6006152581880455,-18.145043658600066,0
-20.943566716683733,4.960561253051024,-30.49312606486658,0
7.557229512815538,33.81833658245844,-17.2097008692763,0
27.912841092404857,14.364302157096322,-13.175498985011583,0
-16.989774828701858,2.1433631209593034,-21.57546536356512,0
46.02531402130449,31.41946878717694,-47.789948111707034,0
0.6251105292186332,23.942389657446643,-74.48344694947542,0
31.535037863317168,37.14817462849985,-63.32762521877304,0
38.893747987885675,4.005924822014431,-24.29831482094564,0
30.451833139294543,7.528503780033133,-86.55824268463626,0
44.18396508539057,-12.611538334721661,-56.35967674027197,0
48.587706468611145,6.201978100065588,-69.90996227066654,0
18.26123817573965,2.594142249359653,-88.32672489309553,0
40.14435138942531,7.910356841042576,-79.66847132181853,0
-11.635893716701277,31.621532124375484,-72.6188198250042,0
-21.59108787131308,24.578034158899367,-40.82224426714676,0
-17.91687863430244,28.845889910229108,-63.31623163870834,0
19.932491569639826,2.726787567937574,-17.377712053751527,0
3.8322472888829813,6.003369629626404,-18.809689573917762,0
-3.042328745418237,43.16515838782196,-48.617961225536824,0
49.17281280604694,-10.911322512936215,-74.55216593802487,0
51.26162001761478,9.371138100230217,-49.64608320035434,0
13.57951763644724,38.07308700526396,-20.583554279840776,0
25.306547473266406,-16.176818478832722,-96.16519255849813,0
36.8459617939971,-16.208187004905252,-103.83656590408405,0
44.79071188283529,18.26875664775374,-38.2245159530684,0
50.17524374670267,0.20034430950616045,-65.11595624675357,0
28.085367759690016,-23.05687051767791,-72.30690973606403,0
26.38246624337263,-16.46800258248933,-44.20296637321703,0
25.431585180810515,-12.471556664454088,-23.13439504080633,0
29.80110063150036,-19.539127778160907,-57.065579316500134,0
2.8906862806722127,27.898923752771807,-15.408163866206241,0
10.763471942127437,14.642707274116491,-15.701121299257535,0
-17.593186933735662,32.61829675810127,-41.239158102906444,0
-20.892858509287,30.806350573055393,-50.22872742649401,0
18.564254581117567,36.65495791206164,-71.63069311425363,0
6.958269254688869,46.28748525639965,-64.01829264064429,0
40.93358442851885,-26.761147200115836,-83.4008521565922,0
35.109124400536494,-22.457896555456426,-93.78650225584339,0
48.03654572616287,-16.140640040129238,-91.66395437851482,0
-10.510600543958574,21.183790563891428,-65.82469491022482,0
-20.52371475892689,17.968490167130774,-52.3235095194951,0
-16.664019396034995,21.619662067112596,-60.633769520907876,0
-22.38060399768215,21.10130119810809,-57.44847831461346,0
-21.11320833903848,7.941887927898778,-46.480380049974805,0
-8.300410589246804,2.0548557093939874,-27.783414155164554,0
-15.982461134691226,2.998608012155379,-38.80840076327926,0
6.419879909743281,-6.658770966224316,-28.577175281904207,0
-2.2439676750132542,2.540925455260361,-30.673693491342938,0
-9.281436851403846,-0.44581014980647554,-41.22469984140085,0
-3.0551247218148356,-4.637458391682888,-44.96090120689778,0
-13.71938771192585,7.266411922332239,-52.65299768950788,0
-8.186230977549393,1.649625238264338,-55.21379526957543,0
-15.035464588417335,13.683501707591041,-59.1447098218981,0
-8.52402726245033,10.35649833077815,-63.342139658534784,0
16.984861087099716,-16.39528588415526,-82.16132886302653,0
15.593819603957792,-4.814821907068521,-88.68770921493227,0
18.942793775343652,-19.537813664302384,-77.70037397796295,0
17.575241083290024,-10.762525632866067,-87.24606227700244,0
20.831079016076057,-20.574662063730898,-70.66782159021487,0
10.620735117560942,0.3433179111852011,-83.50058567221443,0
15.917158949435546,-18.526652956188364,-62.45436787883023,0
11.360061849578951,-15.868642301225838,-69.4301787828888,0
8.597476801950634,-11.548184084807415,-75.47286304056217,0
7.120664888083517,-5.499287279290832,-80.70304203171466,0
2.58485765769711,7.577081061943674,-77.92162241691436,0
1.2609041969699804,-8.007055748084548,-69.69639021339104,0
6.121721166593449,-15.077528092172738,-61.13859966870154,0
14.484830498639333,-16.698198477958027,-49.93415994285028,0
1.294680857607776,-0.6817668375631838,-73.46774014601941,0
8.78260722389195,-12.422522542114567,-39.25386914021308,0
1.3140648164490858,-10.613211917818528,-52.01898739073862,0
-3.3272020246409357,-3.480937904106485,-62.047504391919034,0
-2.7874710178932283,4.906419082016067,-66.73737492648986,0
-3.180861085770333,13.097954694999842,-70.54375064093058,0
5.473087603460074,-24.704556947242853,-71.4168397243315,0
-40.13429548718917,1.1440556125752652,-43.58043287738182,0
-67.76534056660661,21.78937126452488,-63.69969149857591,0
-39.1241948649934,29.355473681907064,-65.6166949438191,0
-62.99967159885408,6.174058488544305,-79.35490450908473,0
-0.4398550191893329,-25.548515362210882,-46.892753378869656,0
-17.27747365830255,-19.042018663801734,-102.1483853003399,0
-27.849081090358254,24.22860160481704,-67.48307294784924,0
-17.243666309875337,-31.945743675516237,-56.16407452399866,0
-30.771196885647488,21.21317960247434,-54.98574964640792,0
-18.188319619055385,-8.094814627175639,9.283624279473823,0
-3.0020370401908214,-4.252840996439171,8.298526778952882,0
-7.057038389771719,1.8926707899970534,0.8347622664192414,0
-32.24056974805959,10.35613706628815,-47.21970797408255,0
-51.89302879927645,-19.09859175957361,-12.969339010264301,0
-8.492068452450182,-24.142306142768085,-16.84124799568504,0
-65.78354294926952,2.2214209393355064,-49.57191011426241,0
4.03987325245329,-26.18566975772134,-85.31156937492067,0
-52.30272723053143,-0.7909767147798034,-43.637273131469875,0
-23.38661387688759,0.7905344501916616,2.9549915687572517,0
-15.529984830764878,2.2816037088109864,-1.6864106729097021,0
-46.38120406281203,-11.324697534567443,-32.44588450904318,0
-30.423129302833484,-25.924457182951773,-25.90475580982443,0
-27.63389267707513,-4.716425604145524,8.05792541998087,0
-10.239151914792645,-10.680608109993353,13.960274593219246,0
-3.9283102442569606,0.49319715921240104,3.873219263900765,0
-55.49327812571686,-5.131022935591785,-89.16541788520081,0
-6.0511249385252786,-21.331373924484357,-32.82524241379863,0
-22.838646706464207,-28.57359866326683,-39.56958098075633,0
-53.56099384216984,-29.14339032091126,-61.87080077260169,0
2.6679812911380165,-24.838701987756902,-60.48642298192197,0
-9.297987065882602,-29.81584180328422,-66.37559299247846,0
-42.09572750697027,-10.18028109608765,-96.44209316378088,0
-9.460712867929471,-28.477300483280597,-90.82436733928007,0
-23.615214546269584,-33.06124110441284,-86.1373072219251,0
-26.31310483338449,-12.981054542292123,-100.57224137363842,0
-27.712470274992626,18.42966039714429,-51.56173978478831,0
-3.530390518481115,9.920219876074745,-86.29104064180314,0
5.89416143769447,1.8736888516293178,-93.94351043505117,0
-13.777308087975596,18.72717877344508,-79.30855348909293,0
-22.388882369371498,25.811521839256546,-74.47839036206328,0
9.693691860349576,-10.353742574729267,-101.74684495936852,0
-38.9334748141248,-34.93378060973571,-76.7531842466897,0
-30.03998128807012,6.851381865720617,-40.75642010818544,0
-26.81731946448178,-3.2604235790177856,-32.44604845784636,0
16.955021753413185,-24.930823766021085,-73.6418366952054,0
-73.53534647514442,-10.58356448919492,-69.99105445157119,0
10.285859109530655,-21.85014685910867,-44.909110551463044,0
-71.30327851805554,12.1274739939637,-56.39956773117852,0
17.675710024883486,-28.319258830284795,-96.27637088940757,0
14.578339593486062,-26.815347470062637,-84.89779133119741,0
-65.25764051249388,-17.39392479926753,-83.26914140827135,0
6.953809096591478,-15.266354163104937,-27.88044210670217,0
-32.503158435249695,-23.377338526589927,-100.02980074111187,0
12.896201610615549,-22.694768757613218,-60.219295464027304,0
-16.416415031994188,-24.114185877187897,-102.3141558911953,0
-16.493205653556142,-4.889656167436211,-22.639059474362686,0
-52.829134592258086,-24.59295451247055,-96.12585280428779,0
20.566415463459535,-20.870907448167202,-107.05790580804182,0
-3.0291292922072617,1.4604751569216519,-11.688273554657009,0
14.574784457772564,-7.166838786669509,-7.090421542003269,0
-32.58904068123788,26.790981959076653,-60.22845143786009,0
-29.546536581413662,25.83482207258065,-59.17044803162557,0
-23.914818224112064,18.60164294058993,-66.31663173202526,0
-27.567145275271383,12.9836155169511,-56.24627631579029,0
-20.061004522736447,15.669478062086142,-71.28574392869083,0
-26.61757615316657,18.36270585399166,-61.383281428713424,0
-26.437996005754986,3.8907083342512423,-47.46044516946563,0
-22.67199701587624,-3.0673766198102963,-40.0015132699045,0
-18.108108048352477,-8.103084188824178,-30.71740194682805,0
-11.506989229720197,-9.457987388041122,-26.294730789509213,0
-1.4209964517883893,-13.585907393083037,-29.880855478224717,0
-16.17563656540739,-5.896348334333208,-43.226840198035035,0
-12.120288426978355,-11.868206992833915,-46.35720180307881,0
-21.268216172596563,2.663937164250813,-53.716610742209795,0
-17.864638882940447,-2.027822812902805,-57.949859667624544,0
-21.53858814142908,9.321516638893897,-60.863247943962584,0
-16.710709003611647,6.745172479136437,-66.70304607560098,0
11.388627599839749,-8.169562358670367,-91.5576740823926,0
10.676647494782568,-22.944643131844458,-73.31653564200444,0
12.92378990803828,-18.210214743914133,-86.24924295899875,0
9.922013202435544,-22.348596099319813,-79.26588723652004,0
12.296935693158252,-12.991295570511785,-89.74086446919543,0
2.4777845963528153,-2.9234533118567634,-88.07299936547832,0
6.923034524889619,-21.626039023877258,-65.64842573791206,0
0.5107506519561131,-10.364053285375485,-85.07278773920629,0
0.7858841692815114,-13.335800590682432,-78.28141507213674,0
3.732777721042604,-18.953386876022865,-72.62236451815606,0
-2.757852152464012,2.9804248918662304,-82.37391073205288,0
-4.876941786128469,-10.59295109303337,-71.75116568722375,0
-2.6000626925873984,-15.952500206097469,-64.77512786160737,0
2.9562018411255915,-24.4391194052251,-52.21354327700244,0
-5.490207800582607,-5.955424278711754,-78.87020961101786,0
0.1708186828502446,-21.032562708036647,-38.87247335314073,0
-6.8772838291878395,-13.392122680455303,-52.52853672645772,0
-13.330664941568319,-8.342779445122277,-63.95446363440543,0
-11.688479243133871,-1.4174000547240437,-71.2435409476826,0
-12.780996770553452,9.532345161440407,-75.75047685446438,0
-42.05517243231727,-9.894841553818225,-14.618288604714936,0
-12.03383668512673,-21.463290281530792,-4.294416818777513,0
6.863143660206143,-10.771006240782496,0.17673771849478156,0
-11.084064535747205,-2.5818885785636985,-10.722570154404877,0
-30.883178394872612,-20.924738029855682,-8.268535706048894,0
-0.8180148216551105,-2.4358291585482337,-5.5655144935955505,0
-29.293301120945387,-33.25048082060353,-63.18111648118426,0
-18.076087357261184,-31.065385590184537,-75.5535991055384,0
-40.40660768099412,-29.70286635227188,-51.0750055704207,0
-6.984078996070559,-26.94729182705845,-81.14799924351884,0
-46.208358272749884,-26.763438252557126,-35.40252568711298,0
-64.5766379802121,-23.822613951245216,-51.31461826871794,0
-75.18177241939976,-5.170657578803875,-60.63654390870839,0
-69.79857829638338,13.015000382491587,-69.72643051166683,0
-42.55200775819832,16.94133984354263,-80.5697204491138,0
-19.50709257029282,2.062693783218121,-90.96433808347224,0
-31.358925224640306,10.65981716602202,-84.84506395877298,0
-9.964982375172704,-7.84085326467842,-96.3005597320597,0
-58.029867416459275,33.13319954069844,-67.86609549481639,0
-4.16036615485122,-15.218904574957334,-106.03062272265376,0
-1.6586217415970514,-26.371353479094147,-108.47889997232194,0
3.0131408899990793,-28.047137791100592,-94.93022000175374,0
-53.24824842238051,26.531151622351796,-73.9622327423057,0
-64.24719647080269,-18.514723929745777,-43.08004037169497,0
-4.099649895678137,-27.67393455744122,-74.68741099818007,0
-25.207930742990147,-5.968592675944792,-18.08072286667097,0
25.790181423042668,28.877592396508675,-88.93924452542424,0
46.808098823902434,-5.460881522831392,-38.80870543968287,0
54.79770002135558,21.511523491754474,-59.748168099852016,0
12.859440003194708,17.48358124551322,-89.01968464727419,0
45.64901301381881,28.79405471668896,-75.38402273293318,0
50.52475033689299,33.85489640395943,-47.69163323618313,0
1.4803564578017996,31.028710420034358,-80.04920716787565,0
37.03012467142906,44.28164174326047,-64.82022648353659,0
43.220822526363726,4.610277919488928,-21.788961693468277,0
29.82999293905685,12.344342948241907,-93.7528454221802,0
47.34215228411041,-10.78207299450516,-50.861348878941335,0
54.74674693224369,11.409655740398081,-68.153604067885,0
16.955267622826135,4.486889193703454,-91.16529355465782,0
43.871230697238396,14.811881096499398,-81.37615644534809,0
56.68999869934823,9.4375461481599,-46.39054537545327,0
50.746320169504486,21.01993654055097,-32.44528664798985,0
58.1044859426047,1.459078115683205,-61.59251993647093,0
17.855487910150543,39.49768908285608,-77.18962603719537,0
33.16610351934001,2.203701555215334,-99.52860138755008,0
51.37747085884587,-23.288686617343775,-68.42383869989771,0
52.9896607425616,1.3320852413374535,-75.18429061815226,0
22.338268405676654,-5.996934486915986,-97.9088780379455,0
47.4494289857113,0.5707888906747632,-92.10430870910498,0
57.3599071604782,-8.847839595709157,-75.01017719609476,0
25.05945267988171,-19.34855319640113,-104.73023983220284,0
42.42857279996229,-17.132821095232682,-106.95848905181708,0
46.91925707749302,-27.523969855285532,-86.26423116080332,0
40.19028550218879,-24.434337248034524,-97.82444155966705,0
48.9217446620292,-17.07562371264855,-94.35369749623062,0
36.152533738116745,-29.875463944588287,-70.18619039034903,0
35.184671941784075,-20.26855006715621,-36.964410663883875,0
30.51334450968736,-10.87915724544048,-16.1426877267393,0
39.13811576065969,-23.34170913950261,-50.795476813285816,0
6.266818648626631,-26.160915405380344,-71.52011694126492,0
0.7859276603226183,-27.202398947687513,-45.37197019700768,0
-18.819995730892785,-17.907408201096793,-103.79458044494999,0
-18.48405737877889,-34.724295058994265,-55.7999012890615,0
4.275735050931555,-28.368820593901503,-87.32805888683366,0
-58.68130175526652,-4.977204946717169,-91.9197003257152,0
-5.397541268576741,-24.783772715969356,-31.009686714895093,0
-24.871187841561117,-31.568092831766446,-38.2189971036777,0
-56.90174921460645,-32.03911752365541,-62.12806966100737,0
4.628012914047833,-26.743833637362442,-58.56280698303325,0
-10.855093839966038,-32.66462972551776,-66.33267224718266,0
-44.84535567512688,-9.161143342110275,-99.45054053602833,0
-12.834146548136562,-32.22045516450318,-92.62427225447172,0
-26.249479627547885,-36.4403204563506,-86.83490088637454,0
-28.96459551827179,-10.639521826473265,-103.35297290808141,0
-5.483546206556599,11.51358627603632,-87.16807342986476,0
3.7785759854813077,4.2869658508065855,-97.72827973974366,0
-14.461557168373734,18.797347141296953,-80.18963767440675,0
7.3688446832562615,-9.009888497414089,-105.71977239558498,0
-41.653464347581966,-37.96277356020761,-77.88446362860574,0
10.341554559016071,-22.448679890378532,-43.12370899808104,0
-68.62163945664783,-18.023756851514335,-84.78858741641508,0
8.695715797718908,-15.295658844867633,-26.941997723327475,0
-37.141757524884525,-25.00526171986313,-102.8833198720118,0
13.860708724137428,-24.301678302322713,-59.93534384535054,0
-19.795817018404357,-25.73797096867883,-105.4188666153911,0
-56.94373732065914,-25.88582641474426,-98.32988515318958,0
11.125928912298734,-32.57947529597541,-99.32663171189155,0
20.164356229946385,-25.026462601944726,-114.80137080872966,0
-40.8268842641309,1.836590552292374,-42.13965495680829,0
-12.026017294041592,26.13883154007775,-16.068150856663173,0
-3.1906150770314814,27.3589556270927,-12.098822670048797,0
-21.00266394656614,28.788296289501897,-33.726273157200744,0
-30.51117274006923,22.511764850053428,-52.90582133206987,0
-11.772423079701223,24.172484411852917,-16.112395399684416,0
0.9797511314103697,17.210143816317277,-8.240836545012193,0
-7.028936486123213,3.5385018071495273,0.03922233831003315,0
-31.898797545216503,10.15236334357721,-44.993779633764,0
-21.079567634401744,26.241466125186992,-24.594294896780827,0
-9.488591234190906,25.269260612136815,-10.83003446650937,0
0.48833412609454774,17.254471080582267,-5.435239558772948,0
-2.8440162162890235,4.28015555644126,-8.045732897089621,0
-20.83742829824687,11.357465518254722,-22.61477969949289,0
-26.279862333799418,12.656463918155177,-35.97028969353335,0
-5.036621226580529,3.772117357942831,-16.514435685767108,0
-20.743942462530903,1.6640236250409333,-27.53513284060066,0
-53.14194707530377,0.12955372177961907,-41.641322938589255,0
-25.91111187071263,2.3469390142004034,1.4491933915232342,0
-15.319922348962528,3.6582857946712606,-1.8126002640382615,0
-48.91672684198756,-9.812768183474548,-31.051495693779298,0
-1.7129132466593215,0.3510893366916856,2.853104143910758,0
-19.907396701244345,-0.4175901106986698,-22.461289512229584,0
-23.148710122558445,24.5625978553609,-38.03933209308688,0
-27.049653911948038,20.346276977450607,-49.97244992132719,0
-29.881256587065554,7.963043220424361,-38.9958430412443,0
-25.70423771531576,-2.6118499384329414,-30.074374051253482,0
5.999236871588178,6.688883038021881,-11.74241442173666,0
-16.540625201135285,-3.1542727861377586,-20.116516725727383,0
-0.7645447610706915,2.135804584607669,-8.573121840592572,0
4.083669606629304,27.373757340884243,-11.682659473240191,0
10.568234456181584,16.415595919978696,-10.49424400381695,0
-22.01241229004648,32.75065986618357,-41.875383108169714,0
-31.54521319172701,28.39870078142023,-59.05489434754976,0
-26.24211257488654,30.82482313788868,-52.77610294411336,0
-29.85619988611672,28.38457784398152,-58.59013124057629,0
-39.060496746236836,31.10266376268574,-65.34144998958622,0
-18.124356269387192,37.385617566105026,-47.08750247752319,0
-27.60152545196058,24.99698670529531,-68.54401178854245,0
-18.606905266740217,30.852531195602012,-65.17427398313687,0
0.7372217602581537,-5.693661000636257,7.477679677798665,0
8.682558774874114,36.20966543047503,-12.384754791428522,0
34.23839241920996,20.126299594412952,-6.275728555415689,0
23.89925176440966,1.1444891852675638,-10.60832127174926,0
17.678023437360274,-7.295492631702947,-2.4479492518277275,0
-11.555591500306557,42.38057301410503,-51.63150107793847,0
14.433689814660436,55.92049457873286,-38.53507841148001,0
13.475581063000446,50.297795981999265,-31.37897003529578,0
42.634046971637346,35.632625295599716,-17.283066669112923,0
40.468945783673504,48.09217601929908,-38.53314256056543,0
27.71899927909757,56.60089508126959,-51.656136400093686,0
-14.353363261693676,39.25911017248731,-75.20660905357308,0
-3.1927626066547763,48.42398225795033,-52.391615869084575,0
24.327876953092694,45.70593521418372,-11.661040717918326,0
7.713695957040291,54.24420587277098,-68.95040631051994,0
-71.44027549880904,22.69258527339079,-65.14539079788081,0
-66.11988265122004,6.794892084049744,-81.28336045679343,0
-67.23315905810111,-18.938701507147883,-40.69775806729475,0
-68.10536935268254,3.030437982298517,-47.00589222690656,0
-23.115586250761535,25.785927352912253,-75.40923719856124,0
-77.25553292418859,-11.219890375850609,-70.53984709897242,0
-74.42277266458262,12.685119628078656,-55.03204679688774,0
-17.751323457997902,-10.283427305309335,10.687646349922797,0
-8.968784644975106,-27.54020110409492,-15.088351901690658,0
-32.95355577602318,-28.529122161382887,-25.112053355003912,0
-31.961770200141807,-4.7762018005028555,8.554442333440528,0
-10.290981032440435,-13.3776876051071,15.09428204040519,0
-43.49927256731857,-8.849698058833065,-14.884459135526992,0
-12.138166502288236,-2.158258200239538,-12.617062978313202,0
-25.121194356774353,-3.8461340189983373,-18.197760041988396,0
-0.14485249531670233,-0.9030599527765628,-4.772787311999991,0
-12.418903996144252,-24.65070773717558,-1.6188561179227197,0
10.418254517192244,-10.78472373755821,1.4111136165405196,0
-32.466883502945606,-22.648675041562083,-7.410279671369085,0
-55.80155433038635,-21.085966305571638,-12.299131031162771,0
-73.59298419474972,14.250431242907421,-70.51415682862992,0
-78.42324124241065,-4.8251975705263765,-59.288687675106914,0
-67.59763862518993,-27.082322713315587,-50.29370132614506,0
-47.84202429579833,-28.944279472124382,-35.133284933406735,0
-42.348410961387415,-32.26785007246865,-50.46813197254538,0
-31.213781112870144,-35.55491945087225,-63.32075782994827,0
-19.183865579879047,-33.469214417369884,-75.68598650185157,0
15.62742440569884,-28.557102871721114,-88.74775467826579,0
-8.771083685492204,-29.244076231046375,-82.89869385471681,0
30.915384497104995,-31.77076675702998,-82.45720419357261,0
29.538977643009748,-23.4551041946439,-99.33473341419463,0
18.018227371630594,-26.466358573236736,-70.25269834704295,0
-33.08650222926675,12.786557757143925,-87.82001086997995,0
-45.33956997400812,19.867884028357633,-84.07009187821039,0
-20.653828317050923,4.242020131156792,-94.14769939721795,0
-11.57942947447273,-6.5045598698857265,-97.84974911918685,0
-4.201419151958921,-15.401291877821608,-107.89563061259925,0
1.6546784041839924,-29.638542738778355,-97.14320232591473,0
-5.278291386023263,-28.227545343158326,-110.81866380614628,0
-59.22511198292156,34.66651194010537,-69.26954793598222,0
-55.005701839068934,29.130347296478845,-76.05213224273729,0
-5.28595771225694,-30.200710400765225,-74.82820968669685,0
