x,y,z,Frame
30.7424747900621,-7.178186640804495,-89.21021863237674,11
-9.384331193759445,31.376920049455045,-56.954588832390996,11
-6.083268792017189,33.73711345760868,-58.563207698616445,11
13.593893803626754,41.31690474915506,-53.746951934979975,11
20.957397336445837,39.80571703569743,-43.64426031079573,11
-9.255818378418308,17.827987379636696,-30.331901815148264,11
31.909082138277718,22.96894401262349,-36.21352325791499,11
27.830732951553586,29.28067368292847,-49.552033076876704,11
24.707995684462347,15.154673739393537,-81.97816465093203,11
38.143164918714156,-16.03845453568099,-66.8693963200442,11
24.499282993792818,-17.495246766175768,-85.34340063074707,11
36.67224577618301,-5.495576556374039,-42.99663686609187,11
43.45735261097727,-3.868192054919634,-74.51648859607133,11
41.91756727676946,15.715157941020617,-60.185983465733884,11
23.12783184066624,-8.77757171737141,-89.89499359085396,11
11.831347139800217,9.863618617509193,-79.63513325506868,11
24.169323551054468,39.67675375165419,-61.83841828347051,11
23.08919678006596,-17.146779803781406,-77.30733974332612,11
38.34426181023254,-2.796560816942673,-85.0156674498688,11
32.55936150761528,16.627626218464933,-71.29166111118302,11
2.5507345169306253,20.427638664350052,-25.024290114296626,11
-15.309022516923493,21.33095272140693,-44.126937271455944,11
-8.612304296838898,15.82902539731718,-28.16122403390849,11
5.26610127768086,12.133286539952561,-20.737313284862818,11
-14.724691629713833,16.13777428968108,-32.43241801249958,11
-5.281237472367083,16.789613801289825,-20.721182653450875,11
3.984582972030112,11.79743366880572,-16.15148253135824,11
1.195884972812684,2.0192477712317998,-18.3143483529099,11
-12.323888155612105,7.005568641129974,-30.316705107287785,11
-16.538548102330974,8.339692494125853,-45.43213751051749,11
-2.313042816377596,1.7610852433217798,-27.169246794621813,11
-13.052457374503916,-0.1865812474543561,-38.59917212817171,11
13.708906921148186,27.20031472502398,-26.580511977563752,11
22.19598850301578,12.106000975787763,-37.32687814760429,11
-9.93630197782469,-3.203123403098849,-30.949080008514365,11
36.277792648419606,23.156551046633062,-54.821125219328735,11
3.496768820289224,15.484688860770419,-72.00548189621206,11
25.857230954168696,22.89335236996225,-61.872504793689465,11
36.62473301940179,3.09503035698884,-28.62698144054699,11
26.32641813529654,0.5264745628665224,-81.29587240948463,11
38.338130514812896,-12.916442946151017,-55.04761095572883,11
42.357872218453785,4.459021964200193,-69.71032969315274,11
18.85626556710212,0.04600995622964941,-83.26712318107188,11
34.09711953155383,2.7515968185415924,-72.00162431837597,11
-4.322412035439795,21.125431267102062,-69.35838280374846,11
-15.542251825345868,19.04099157359603,-48.371005175014076,11
-10.793142952306594,23.471740725912635,-66.52472901283083,11
14.232670753763657,3.481531595451215,-30.170579575397685,11
2.3699638276130575,3.0132049399876997,-25.311888427490914,11
3.9601023372488737,39.44573893222841,-59.918096827772196,11
42.5543493456675,-9.30775749037204,-71.02735958164405,11
42.3924211698365,5.962034497930683,-54.1131013228604,11
19.06280699178808,30.847739146559228,-30.03476541748749,11
27.824753106977187,-15.527985886853306,-92.03092771197853,11
33.384413795398075,-17.479996516864357,-97.78769005038666,11
38.6634559577737,17.227125099369758,-43.613658020677896,11
43.14163326064771,-1.2947585173510108,-61.08404745483705,11
25.360401266899252,-15.415850556008992,-68.9194916900241,11
22.588706118499896,-11.23395197315812,-41.15014743293839,11
19.08971949029725,-5.010028488060997,-32.46510576238389,11
24.20515707577741,-14.589863212133519,-55.04111963457957,11
7.332637419416998,22.263146010003805,-25.44127196869554,11
11.590655367398087,11.66449784167068,-31.85606128784998,11
-13.952580608304737,26.27466766109732,-51.36479164278112,11
-14.714723642415343,26.418515725368206,-58.168043545136136,11
18.898746226824937,25.617751059785437,-74.22961499973849,11
12.511166060311139,32.72044632907356,-63.98637949649203,11
34.49097006427284,-20.49730506049384,-78.52885414342113,11
35.29708395772285,-22.624993152427297,-86.94676592277955,11
47.71433990770781,-17.85135198911476,-86.1304152994895,11
-2.699555996103448,17.381740398477994,-64.99226165285697,11
-10.079769874398156,15.416886382348283,-56.352678670608334,11
-8.638435747523982,17.83592084061974,-63.057898848614386,11
-13.460687168041456,17.391453107556515,-60.70273289678423,11
-10.772418275865567,6.334658863762005,-50.42187828106284,11
-2.6073983651485357,2.1288393631890177,-35.86547136525174,11
-7.604253497346588,1.862468654185699,-43.9887296107716,11
8.774393312903756,-0.883806258753202,-34.18924798052377,11
2.70996599019272,4.1241783393919,-37.03181550532016,11
-2.420278382509823,1.3057466992340163,-45.63964851055779,11
3.8390859832175446,1.2837269185240254,-48.38783384692968,11
-4.704916856583259,7.542419532581939,-54.50109706096454,11
-0.3398061571944138,3.849232266781561,-57.03960423446425,11
-5.9926493875717455,12.516435423876244,-58.51896809906631,11
-0.9208378127882331,9.835795361621914,-62.43895112797408,11
19.05059943219285,-11.171101778967792,-75.41820528777444,11
17.2075566326355,-5.872674109902099,-85.19737683334486,11
18.99224553137108,-13.361384333699828,-71.83003737929933,11
22.77594181985578,-6.247604505526852,-80.51926224794458,11
20.42146837938511,-13.28901052317826,-66.12338078812175,11
13.467709990755887,-0.09037042799975707,-79.05773623109769,11
17.61290532872188,-12.011233652423055,-60.20819369255229,11
13.398368274975939,-10.391422201731778,-65.06215959394687,11
11.499938932888497,-8.071192553189462,-70.66824471303173,11
11.819307113431602,-4.839191884314648,-75.63738457623549,11
7.063284064146889,5.031331958280707,-76.04120333906478,11
7.113989024897122,-5.1752616315091196,-65.89613354192599,11
9.718285859262489,-7.661046997323093,-58.480754741233326,11
15.220254479465627,-9.46867856534956,-49.10162904125163,11
6.980580958124626,0.659909189155303,-70.17531689303664,11
13.240402841686985,-2.307362986691842,-41.24086833578224,11
6.000872986256456,-3.707060468734578,-51.894636764913884,11
3.366199546390464,-0.0744787064070934,-61.44135585918422,11
3.458973468919926,4.979492943408065,-65.88412547856797,11
4.098266921492287,12.861396938238098,-68.0626569884409,11
4.822767627523476,-24.432677285863473,-64.233089282454,11
-24.752088169391758,-2.281143760878725,-52.42639811634389,11
-44.1964172721282,8.220100067122624,-78.67037360104445,11
-26.417850262733463,22.534751114863184,-73.20584238014527,11
-45.65078717614356,-1.2620709611413679,-78.18654775411915,11
-0.9205798129035412,-23.975309500594562,-44.126714698067076,11
-15.193935620559035,-19.286977063785667,-97.24413923093678,11
-20.004876732920703,22.384671294980567,-71.99649494444247,11
-16.52159289388096,-27.644753162818276,-49.911643524328866,11
-19.21315110020363,16.946762867177497,-60.55103131750349,11
-18.232604005529566,-12.65183487098499,1.6955427180594334,11
-1.0009460285181597,-8.729148082165793,1.6850289129955713,11
-6.373865149237044,0.40378735959855894,-5.034518106930624,11
-19.772101398162793,7.296234381044062,-53.313985303113874,11
-27.208689461146637,-20.989462558745927,-22.68082204803035,11
-8.891235998624479,-20.462576638956616,-18.10244062890865,11
-40.47024929792736,-8.186282357915552,-62.43945862177258,11
0.10245742801267443,-26.344698729467265,-76.08091382873079,11
-31.044122412723873,-6.304198727704074,-54.55254309668578,11
-20.661995448609357,-5.100961157490606,-3.321862757494191,11
-15.380205448833022,0.858550399082648,-6.802769886469005,11
-27.655332358269888,-15.863134288571148,-39.45656499990897,11
-24.683079980780427,-14.799076146022204,-25.578385065233594,11
-21.076423595888937,-10.00977088155365,-0.940621871818135,11
-11.138920873739828,-16.25273237942829,4.222411815141915,11
-3.501876620691835,-0.9225227062204726,-3.3625810039577426,11
-45.9667250637452,-6.871370794458445,-94.96956825530798,11
-5.986961121084384,-23.010323140346646,-30.051932938881194,11
-20.306558436322263,-24.726969046693334,-34.950946291520275,11
-39.479998839929394,-21.665115618037632,-60.41109605112354,11
1.5463663943308918,-22.765070157328157,-54.29247684265759,11
-9.42508062949075,-25.378296588960644,-60.91881748952323,11
-31.853389857553587,-13.503827935687355,-90.81832943596956,11
-7.913657570385029,-29.923160818239158,-83.18634351174268,11
-20.279428334566425,-31.816518774491502,-77.09960646728233,11
-23.501785521738622,-12.121211916136655,-97.37809198553349,11
-17.523648503946898,14.41133896784246,-57.19110654524381,11
-0.7410060773835779,7.035612082010182,-86.47407063011528,11
8.26055268524808,-0.25012319125551247,-90.38977929044188,11
-4.68872841994267,12.540715913915413,-75.25192482675,11
-15.497057512034706,17.223615091681914,-73.96860403152071,11
11.29013838753293,-11.225952206760601,-98.10845161113254,11
-33.27848729479154,-31.917501516806084,-69.8433153469806,11
-18.9988064201239,2.0824647888100767,-47.9892492949023,11
-16.219294192128235,-9.596022804422832,-39.4290312900646,11
16.393074878441364,-21.298639749191544,-67.78773325868451,11
-52.74920281168257,-13.800454936383723,-73.35819410412228,11
10.166632567928438,-19.39059730321476,-41.84138953925711,11
-46.49360177706774,-1.9821347939811318,-72.51440948233544,11
12.432032248601562,-22.813880487417684,-85.96100288148382,11
11.334103495848158,-23.848674848326,-74.77301623170811,11
-52.825403060199754,-16.694378513878327,-81.34608740414042,11
9.260275767834965,-13.190376551979432,-29.808347660727836,11
-25.199667388841537,-25.02841472858079,-90.89058667776642,11
11.032863432978637,-21.302361613554886,-54.714703497097375,11
-13.98201245298252,-24.449406352391144,-94.64786089815163,11
-10.52752499647544,-10.937153312491423,-29.413163407148723,11
-41.09156050647836,-19.281108594153192,-84.58185708889413,11
23.990885258630684,-21.106423924682083,-102.65737658066864,11
-3.831797995465576,-2.625817829203703,-17.518361535152028,11
6.897033864094052,-9.936254791605203,-16.454481825013065,11
-21.659582929977653,21.829719984048786,-66.73321868821668,11
-19.872518346424002,21.007947069154945,-65.09647240624437,11
-15.541443572743825,12.842526166750332,-68.59071904153143,11
-16.731773910791013,9.429376658473036,-61.11151330876872,11
-14.157084149204193,10.404769899885732,-73.17429935645342,11
-17.65424984583028,13.76438695731415,-65.69265914908631,11
-15.446905873774545,-0.3672700438054397,-52.651192113282946,11
-15.098415502529765,-10.255671992033138,-43.689482007840425,11
-11.547544286549433,-12.067371128076966,-33.79893111626582,11
-8.34498276507017,-12.042587745369378,-29.95309393567972,11
-0.8879956716720132,-13.64474338949998,-32.74957703773257,11
-10.395859300944577,-8.403634907694926,-47.48229529157653,11
-6.682006565803753,-10.641523424443546,-48.43973971263961,11
-13.525281933986909,-0.3216643262819125,-56.26514032405998,11
-11.28485756466708,-4.067219205329479,-60.4232089658253,11
-14.58151692674987,4.8604923061097685,-62.809752182791335,11
-11.592661673955487,2.678702247503793,-66.56987303117447,11
12.53016768847513,-7.562811743351194,-87.09617752749024,11
10.296764311350286,-19.955087691786016,-66.53974357873473,11
9.941398335922244,-14.52321198211569,-78.52611887363226,11
11.23670893049798,-19.190318462881493,-72.10062448463141,11
12.722244943939817,-11.588638838650834,-84.84104854971018,11
2.9273928427968583,-5.0821138427975825,-86.45327871627691,11
7.942834693036882,-19.271203522593193,-59.74067895300217,11
2.055354858281987,-10.305832708935107,-82.07783066641743,11
1.8243707626347603,-15.32850300484105,-74.07087272850603,11
3.1892676630532866,-17.79541246486496,-66.3173528192136,11
-2.190658180722734,0.03497411448973393,-81.25067834134661,11
-3.167719302648804,-12.006902233531271,-69.0513657515966,11
-0.5794084499547631,-15.88717088508387,-58.86744146668799,11
5.256213157091179,-19.838490169520526,-48.328946523471856,11
-1.8320722891372687,-6.090063393262985,-75.75484754100233,11
3.502604615698473,-13.963163514585762,-39.288681404571456,11
-2.239766313895025,-13.112555709890957,-52.431678306909696,11
-5.050945048385954,-6.37156858385862,-61.685381032528554,11
-5.981744995958967,-1.2113396845435422,-70.602324922379,11
-6.45377315435494,6.584708744381359,-75.54165647217017,11
-22.8429849766688,-16.63664409743117,-21.775673596746095,11
-10.665859926539042,-19.209572326641823,-8.962280570599392,11
2.4225650064044597,-10.78954163484132,-8.048723404618249,11
-7.773208233902575,-7.465039114940242,-17.351683461969827,11
-23.295545841965506,-18.935515227547675,-12.187982139478542,11
-1.824581720242704,-5.3674764657938585,-12.123655220971784,11
-24.729068930715275,-30.040109626218186,-58.40016475864512,11
-15.936285638818173,-31.36744467473695,-68.00418735283,11
-30.592590154761353,-23.22825408466926,-47.861404836621546,11
-6.613954892179078,-27.70091553027853,-73.7897881122922,11
-32.33982326271945,-23.277434039309128,-36.159343977612274,11
-43.7840405556195,-21.51381876679704,-54.83932218042587,11
-50.634413236774094,-10.953345486132662,-69.78911764223417,11
-46.87148533622417,3.613032035655848,-79.5238911237529,11
-27.778150877231717,10.083429085496334,-78.90403144551485,11
-12.210526313214451,-0.4243884049925682,-89.19821432339683,11
-19.054456477954385,3.1765924535227703,-78.12673098230759,11
-6.437027815789837,-7.593059362767141,-92.62236887251207,11
-38.26855289396162,18.432670432039338,-79.32004019626332,11
-3.3035605829112376,-15.915723187449617,-102.7043544669401,11
0.08021445595332942,-25.99397213794027,-102.62320781417264,11
2.270440309842772,-25.22217175846675,-86.2621003369734,11
-35.62153827779793,15.0850438576601,-79.58211963124793,11
-41.23627930589924,-19.018818782705733,-50.063992991164966,11
-4.753986812164103,-26.527681438835906,-67.62269285495597,11
-14.773265566505978,-13.84340158376861,-23.891503581758602,11
26.18695988534422,21.713403539219623,-88.81946603227755,11
42.884067280849656,-6.052692462242619,-38.01751349209805,11
52.33527160524542,23.41140141957536,-60.39184033965521,11
10.625938456501288,15.430687759422913,-88.09303885855071,11
37.68389453314612,26.717246327262504,-80.51940787369949,11
47.65789029858653,32.17277913007781,-52.851746387025834,11
2.748168776310211,24.501419956323723,-84.04042277480939,11
36.96485447588351,35.72059789835757,-69.64149683367401,11
43.57527776017453,0.7804350999474411,-22.809340810686066,11
28.02272244958005,7.54578846637261,-89.48958320714841,11
44.712838413840906,-16.157621920654243,-48.70011512115577,11
51.89278691608052,11.385038459814371,-69.63190213519614,11
16.96943307641095,6.737337200117084,-88.94807785191547,11
42.1964609636685,12.715173051811869,-82.49637334053551,11
53.93574574445404,7.846052199298371,-47.60853906101652,11
49.51155181025154,20.631913176440154,-39.45665507396913,11
55.42338139543826,-1.770213360486132,-61.92874754859891,11
18.10134513509831,32.996651222438345,-82.50337237778783,11
30.045587586822833,-0.6716389059359593,-99.39023839833708,11
47.92417010814094,-22.334356665089633,-64.62365570920792,11
53.308995881287146,0.7311601729342767,-76.78225907586938,11
22.538257146740282,-7.372393478611308,-95.48251926768256,11
46.95931407865022,-0.10944272119868596,-90.75528864757784,11
53.23886947881247,-12.373025739039582,-69.73261700660197,11
25.61433304579703,-20.584640580575662,-103.82387947103797,11
37.40341817299152,-21.075713735609764,-100.43030570803248,11
43.363365161203504,-29.26540957506802,-78.63308084449964,11
39.800868602631326,-28.23520048600418,-93.19638771531217,11
54.07735973577475,-17.706883980115176,-95.10774349996932,11
32.459080908428376,-24.818554272967187,-64.72518844518389,11
32.215524694289414,-15.247261014248327,-30.891836787583973,11
23.007032501335786,-7.14276285622924,-24.075521528501465,11
33.120124535518855,-21.29662762200347,-46.337133234791494,11
4.588287950864341,-26.769823067519184,-63.27545504344161,11
0.20001257495632138,-27.190095498609153,-42.073272941995626,11
-16.63291157649142,-18.55337543818245,-99.8673858188602,11
-18.436764601723045,-30.91737932076315,-48.38611166783146,11
-0.986194772860385,-29.71368360283062,-75.86904254631044,11
-50.288440782068534,-6.160196200838454,-99.93693522052719,11
-5.531783071254055,-26.951974247524813,-27.70890427130751,11
-22.6851728708923,-27.601221165557153,-33.0253251298523,11
-43.4985439427098,-25.839742827001995,-60.10903606997664,11
2.4648222436792113,-24.775104515007698,-51.63564205280756,11
-11.649654362484279,-29.100465114112108,-59.70793970429332,11
-35.07278592498694,-12.499018651550688,-94.20643245807413,11
-12.068615141391675,-34.99533323786694,-82.9446826285034,11
-23.71435002681385,-36.004143610716504,-76.85785531016218,11
-26.39686314145089,-10.583613598772983,-101.16306162709432,11
-1.8978757282437801,10.039695111214758,-90.2935479880381,11
5.640316618517735,1.7493778976836394,-94.06855120869989,11
-5.016624613442186,12.369256894861058,-75.13708018937916,11
10.025924233494914,-10.35079834329226,-103.24350681302124,11
-36.948096887338465,-35.60446662455143,-69.9087562663476,11
9.739477513870217,-20.91619845854574,-40.245322609983695,11
-56.85195113524826,-17.88989180725099,-83.59891490523023,11
10.332062269666807,-16.190496661283056,-26.549418557892608,11
-29.15321429823506,-26.857808296421616,-92.58136815760224,11
10.652849869972341,-23.264154647425112,-52.35124161705667,11
-16.959253031546098,-26.24510458781931,-97.0827342460025,11
-45.06717646714878,-19.804919358288213,-86.60004532304112,11
5.184919021129734,-29.460596335532877,-86.43114090076098,11
21.706448090625205,-25.64199706025337,-111.32992569165783,11
-24.96266802254497,-1.7639984418345078,-51.368848428071836,11
-7.982166955408234,19.748709390730983,-25.158557706666347,11
3.9645267385669385,21.31129915241425,-19.816632310948982,11
-15.803362776650909,22.788853017881404,-42.91358800555786,11
-19.376987105067943,18.145708160274435,-59.15553205504669,11
-7.784228168825905,18.120244918269645,-25.03457878215739,11
7.011689175920788,12.148450970851092,-17.095447705848457,11
-6.310119839151948,1.854560316306292,-5.900519013792968,11
-19.604046236451786,7.1473195331426655,-51.54034628379794,11
-16.797782874358287,19.73645148438374,-34.89617197118028,11
-5.75021412887647,19.383978121894362,-19.93027171651361,11
6.658504426236073,11.843255171372508,-14.191349963826523,11
1.6589201753481528,0.13813934287832905,-16.79413892892163,11
-13.798192621164363,5.166937104307614,-31.870648933822824,11
-16.937975848157176,7.89600901080012,-44.075267346359574,11
-1.3884406361279138,0.9683282316709678,-25.107194231361667,11
-12.327176766954368,-3.515235966785086,-35.705891268854714,11
-31.29364763756669,-5.855658767948379,-53.017022098134575,11
-21.662605014654634,-4.596137504143772,-4.495822557593824,11
-15.295345738445802,1.9866979610429907,-7.215574569039954,11
-29.00153062197605,-15.108088539723623,-38.70516878390041,11
-1.8147873414211237,-1.3121819228087601,-4.58503747910919,11
-11.752464947437051,-6.259410997272214,-31.390583042308922,11
-17.113845776194925,18.685792716118907,-46.42195713904516,11
-17.516676002001734,16.506884466432204,-56.18525835592014,11
-18.80939737324002,3.2669203580099984,-46.537164021632016,11
-15.079783217593375,-8.780175034064332,-37.208952349934634,11
5.629485339693139,4.171486761193352,-20.40649066636414,11
-10.523019727253892,-9.319420762994817,-27.002437965371794,11
-1.9871148560052638,-1.6881819831772722,-14.699810619584461,11
9.369531708854435,21.32365004062903,-21.375213378174944,11
12.263252863113639,12.14069042865799,-25.535669741671327,11
-16.920324242087915,28.001145945441802,-52.38171588547537,11
-21.584721477662168,24.04977925332643,-66.34164333705398,11
-18.572139080619873,28.077123156944158,-61.76880259083302,11
-20.558106189765414,23.88162152518341,-65.52692267920017,11
-26.63922082395952,24.719253158350273,-73.8855564358883,11
-14.336026238846635,35.40444411015837,-60.125985472073616,11
-20.748420141121553,24.23001492579541,-73.81979772018464,11
-15.370151812364318,29.807983362208162,-71.3347268692609,11
0.9892488123924402,-9.322561419679033,0.5208595733999728,11
17.256031470139884,26.48581296004633,-21.519479649484904,11
30.93234096476084,14.330798336918631,-29.424767666357923,11
19.491949809550963,1.5508222911149094,-22.543639168561207,11
9.649352152425712,-9.714295878680577,-13.575559998008432,11
-7.310659969195539,38.42150554049389,-63.25541186211751,11
19.762114573703847,49.7729646358715,-54.350080597181496,11
23.730101627563496,47.46321725870484,-43.15407734950781,11
38.77065349661636,28.734769931705546,-24.916553627216175,11
38.69679195021227,40.4384556654213,-48.681392706135846,11
29.505105358410642,48.28468612308447,-65.4022037739331,11
-5.68953365636116,30.69956588136931,-77.68912811033529,11
3.2628501251836566,45.012346795726415,-63.794785125428824,11
26.347942905569422,36.61916375106578,-25.505854684126305,11
12.200876804055596,43.653603160281655,-72.32433496364573,11
-46.79844133393751,8.800985603388115,-80.52804434191363,11
-49.12749768322402,0.015730555288697674,-81.03357995769453,11
-42.95119719570259,-19.290303917344964,-48.44711392427561,11
-41.71868275172618,-7.920501016258409,-61.07317465906865,11
-16.842520994403763,18.786002142398356,-75.5776369598752,11
-56.2373743633415,-14.989653110360962,-74.80049463326064,11
-48.15043137230468,-2.327482132603221,-72.67129772326761,11
-18.454942338268385,-14.18365037569218,2.8977014010889093,11
-9.723909620382535,-23.51444213198456,-14.436673977320398,11
-26.937985834183326,-16.374180121809857,-24.5447568681489,11
-22.382786244245604,-10.295002662363512,-1.1321208465440566,11
-10.62602609027605,-17.87617969885345,5.32528860459285,11
-23.93944246238623,-15.866697498629643,-22.19867206263185,11
-8.310562271891767,-7.062415330008135,-19.162240128069268,11
-15.058524586761761,-11.76925669948046,-24.24679090478646,11
-1.5820265151343518,-3.6711403494221466,-11.381191288252134,11
-11.576343295165625,-22.436241482311306,-6.58047103103423,11
5.4783735196511,-10.7542916493537,-7.216233323625117,11
-24.37278873272871,-19.86608048225834,-11.066680946777808,11
-29.064772369306198,-22.30583754456798,-22.634871329698427,11
-49.649291204491384,4.621145849146673,-81.62996508663241,11
-52.58280974794509,-11.259840564816175,-69.99505464079871,11
-47.40131367994172,-25.157554551470426,-54.18346925137934,11
-34.498250479199726,-25.731280107023984,-34.98510215244923,11
-32.03575418408827,-26.302268046357433,-46.8760461485902,11
-26.77133983237631,-33.492178054683755,-58.1068906861474,11
-17.18943048233428,-34.717194507792975,-67.06034967447003,11
8.226195253871447,-25.818177396525833,-75.08986942783899,11
-9.750536198108046,-31.588487677191296,-73.63745342052393,11
25.969549463244093,-27.78299111398945,-74.70760571365176,11
29.82901704569289,-22.889690827108605,-90.28336736276518,11
17.487527484641607,-23.809024521406066,-64.38356116186685,11
-20.865032794253935,5.752037938820079,-82.38608307976146,11
-29.737218019838664,12.660513576722948,-83.6256462804403,11
-14.081535152587346,1.3044288831412971,-92.05035631139184,11
-8.125480103031403,-6.133980666309923,-94.33416803439695,11
-4.276824122831492,-16.441312913271634,-104.47468162848857,11
-0.1374189208187009,-28.04932810287537,-87.21853085828629,11
-3.422452303138084,-28.37406755113905,-105.21260313146576,11
-39.40453304633156,20.1221973227443,-81.23001489863618,11
-36.95162782655451,17.211711568913195,-81.88539448716489,11
-6.3941567129448575,-29.891537167338672,-67.17350209940632,11
