x,y,z,Frame
34.5844653774307,-4.597579104866845,-92.17093741390977,13
-10.164930662235996,34.19422492705365,-54.2250996516917,13
-7.7704063144484365,36.439472120385744,-55.508699696714814,13
11.902991291927494,47.0328687100814,-48.1930684564549,13
18.050393292296082,45.666655304603054,-40.040882323459826,13
-9.844039737404202,17.422738518156553,-29.926068409761154,13
35.43734100416592,26.64642048505697,-30.0651288619381,13
30.07286487870465,35.96131341996564,-44.02266978733636,13
25.865693447278662,18.206787811054834,-81.50521607677005,13
42.30994428767229,-19.090252671988,-68.63987920777303,13
28.61958002979655,-20.41675188995829,-89.83019644039386,13
39.831086533634874,-6.516445874564755,-46.353682736699994,13
45.538271480546214,-4.0333096199359035,-77.60980165980492,13
44.4228709709758,15.067976183550241,-62.064939119375424,13
24.877225154513233,-8.942977056650165,-92.50581651019579,13
14.831308927462597,10.340743890445507,-84.2408736631718,13
22.332924931487092,42.46502633168462,-56.35418672264889,13
26.814934145398443,-21.11264831283071,-81.36090956936273,13
42.04052914743088,-4.482735530235344,-85.16011757676134,13
35.60046435243142,19.655822747816632,-68.48780188541613,13
0.33304484565230386,19.667634794700984,-22.433623160628713,13
-16.01513976161305,21.861167418754558,-42.80219869486589,13
-8.99680363968995,15.670546355836771,-27.8276328428016,13
4.1455923923499105,13.76879038484808,-18.983798931221457,13
-15.65088071816705,18.10811013910518,-30.09212407197569,13
-4.829456446355915,17.7797036454835,-19.235560548131183,13
2.8647598453676917,13.836091060970176,-14.681626575235484,13
0.37019000101133465,3.8575231666168563,-15.897333069668832,13
-13.384188234742737,8.744327099092722,-27.99851386432424,13
-18.90966676538978,9.844602193851657,-43.91131112387003,13
-2.904694935541872,2.3641730168578072,-25.038645778814445,13
-14.68019930242424,0.7553094939945426,-37.045689828491724,13
11.44510410223443,28.071627668334298,-21.5534484167872,13
27.862534834736806,15.084164747084039,-28.465253648742898,13
-11.353965445589388,-2.360574918850264,-28.313373644300263,13
41.551759358503986,26.995523067760807,-51.28004662828469,13
4.713323424662395,20.557182600521358,-79.57175922773129,13
31.18223052668587,30.44181464212865,-62.02636011105448,13
38.61361605653266,1.1648263145576327,-27.50745583651919,13
27.634901573192668,1.2148856531790002,-83.34841861574698,13
40.41634512540422,-14.307469491055803,-57.09441555500539,13
45.751300224687114,5.105825321968093,-68.4539360818484,13
21.63623446012318,0.7328975120075162,-86.3853878152514,13
34.75681898002215,4.68069135048772,-74.8707898454711,13
-2.653436845315176,25.718503061786524,-72.08163515384419,13
-17.796952385493267,20.181960328765634,-47.3826380511377,13
-11.835565777737507,26.218566972115912,-67.45296961471179,13
18.26919144642783,4.23707205960414,-27.629162132967306,13
3.220854763895547,3.729994536326006,-23.934887012491288,13
2.5569670520324754,44.942839657358036,-55.93493885236274,13
45.173301222102445,-10.894319232359996,-72.8937655333366,13
45.56313701022168,8.689401584791995,-50.99540813108732,13
19.409402179288783,36.63071641903548,-25.3532727097998,13
28.114900343690785,-15.731303436981689,-92.3447818236766,13
36.906167237806756,-17.037120177228257,-99.06015983698656,13
41.908110424988855,16.7786706353789,-41.00579364851147,13
46.035660683111395,-1.0013952718658314,-63.10774024355709,13
28.516604024571336,-18.63183366679158,-70.79859763632422,13
24.80089887458442,-12.16609025195636,-43.00142066685908,13
22.864118351910612,-5.0321372665643365,-29.097682602838024,13
28.849224530283575,-16.265980274227665,-57.35828518539716,13
8.68796187135916,24.945497980126014,-21.25433066860171,13
12.115118191556375,14.106433353018943,-27.511556484865615,13
-14.510320482003976,28.293445925868845,-50.27275597729018,13
-16.09838184660463,28.264723163662588,-56.9644401566446,13
18.163215882486362,27.953196539397865,-71.64448751929065,13
13.179654378452812,39.23448607231793,-65.98497272211205,13
38.71791699711866,-24.40640722792708,-81.59560054486458,13
36.13039315909525,-22.01214630418786,-91.89957053591962,13
48.00628495569668,-17.085589486873143,-90.02155247877268,13
-5.266551603475416,18.54865580747428,-67.99719859537254,13
-12.143745489355886,15.913699995450235,-57.78322281216933,13
-9.921428863197548,19.421101070879665,-64.80129189905561,13
-15.719464498134904,18.37321955274357,-61.55467799563047,13
-12.445585181321265,6.1212638121628276,-51.14765799824393,13
-3.0505554112106683,2.4858154579750296,-35.309385776616665,13
-8.706768649561688,1.1215026004671822,-43.26594705921027,13
8.416800508063956,-2.329048244084264,-34.45741386346648,13
2.1519556588391753,1.8944190243584444,-35.12208826589625,13
-2.9129115420067344,-0.4816304710144508,-45.79831232785747,13
3.3176899688253743,-1.3870187879547498,-49.57769995430558,13
-6.4460211202289885,6.564569783473499,-55.49432701404262,13
-1.9875600135202596,2.5145761723641997,-57.57255069627728,13
-8.107298645743407,11.895564162028636,-60.36794246886244,13
-2.8508271847589843,10.036373383745177,-64.80044481235288,13
19.64498958434948,-13.496517740944531,-79.93149310909742,13
19.4659280889278,-6.431753714633486,-86.81386812625983,13
21.44167936643606,-15.525168741067697,-76.15384128715586,13
22.69690341544526,-9.22374439699952,-85.21917108123046,13
22.010956703026316,-16.928524011003294,-69.6466053679258,13
15.956820392874427,-1.048447511605999,-81.8194456957409,13
19.866973245761017,-14.17050469789239,-63.53744289763388,13
14.900302362307178,-12.318725669149714,-69.0379904928369,13
13.222115306428073,-9.226063645245116,-74.73534714591834,13
13.691426959181383,-4.626376327469832,-78.84300297362168,13
7.674730334493179,6.101535112964266,-76.5942715574899,13
7.154719662106058,-4.585102535643204,-68.58547212591569,13
10.897261505153399,-10.075362116809842,-62.938888141796255,13
14.946835276631479,-11.947414488514863,-51.36196954689467,13
6.940287454200141,-0.6502240660771784,-73.93755307406234,13
12.348836374415127,-6.2468092517043425,-42.806019645924046,13
5.646519706453415,-7.280297351375452,-53.4365870276934,13
2.848853242405364,-1.3962712855587875,-64.2795302307857,13
2.607138780106784,4.840492196416351,-68.14679108424097,13
2.5855916694163996,12.909496922223276,-70.95073475975839,13
7.5375767857921865,-24.118176861543475,-70.03251925539168,13
-26.950838885308695,-0.16985455266371569,-51.09945005783554,13
-47.85725779640361,9.803786166851857,-75.31384461419488,13
-28.82075480510627,23.318198832707868,-71.004136920019,13
-51.988866676378336,-0.23989826303671657,-82.80531264689509,13
0.5136038653356689,-23.975251587493307,-47.3996516755356,13
-13.077858984272938,-21.992346800417632,-101.44569119075354,13
-21.997588242919445,24.043930497367064,-71.7845572120132,13
-14.013179862288379,-26.43921692234362,-58.034848684437144,13
-22.45992244808704,17.553988352596832,-59.72091448722463,13
-18.19620385023111,-10.927705219215754,0.8434551680586312,13
-1.9887050279112344,-7.824078675741338,1.3721394369412128,13
-6.627980134156649,0.557230601175392,-5.098400092799891,13
-22.72458286362443,8.213030841064649,-52.26648987898352,13
-38.14886923341017,-19.772990594594166,-24.975922101344537,13
-8.516963087287325,-23.522825885908194,-22.152715377962867,13
-46.38734694243309,-4.828603637927227,-63.45881833288703,13
5.712497227561171,-24.985984450085677,-82.53520873829682,13
-34.68388455021841,-4.506001232880177,-53.41020832929171,13
-19.97112531169314,-3.867728447280896,-3.958098921511849,13
-14.437992287421162,0.7171702991141291,-6.5935470131781555,13
-32.951909437133885,-14.951525090213178,-41.15587519032051,13
-23.79498582379605,-20.32112792836959,-32.244027488659526,13
-23.163761974671772,-8.356168097479575,-0.8235007577493462,13
-10.878495346696207,-14.979427508759317,5.189686723032471,13
-3.3555995645871035,-1.4611093240385506,-2.407734864915298,13
-43.2987943104842,-7.215319038945163,-93.39680146859475,13
-4.493550360319557,-23.650839747460044,-35.64960661058689,13
-18.94344710214224,-27.14358219169304,-42.63051893986691,13
-41.729066674870715,-28.022093362938335,-67.4531279398786,13
3.415949164963411,-22.881380720589107,-59.25573871284473,13
-6.568084829961088,-27.742658321844015,-66.54851592504413,13
-32.16720986770075,-14.280086481252699,-96.1394928736126,13
-6.331292179937766,-26.924105272526702,-88.20870284470358,13
-17.44281908083212,-33.70052403468773,-86.48932787164108,13
-20.35129876662702,-15.600756296669543,-99.8280764335505,13
-20.685369497479417,15.202198530948472,-56.76218114245973,13
2.1518536652914557,6.418632186783033,-88.48259700995955,13
9.858134549466076,-1.2165753073416488,-92.86978420847258,13
-5.375931287102464,13.490444279478249,-79.26223242127537,13
-16.799688207841516,20.096603391090778,-76.47134946690159,13
12.163995199740858,-13.13586687156026,-100.28566323691574,13
-31.363621921001158,-32.67431359329644,-76.47689758643672,13
-21.43653577201618,3.429008655457325,-46.94527645039559,13
-18.540163287906076,-8.612192894786984,-38.52985307463827,13
16.748515104311412,-23.141554046908798,-71.87505813497462,13
-66.05577559985761,-14.888074797166539,-81.63879550941373,13
11.436583835451135,-20.549276733453983,-45.95051951972413,13
-50.35775601246134,2.354588630860502,-70.2569520110209,13
21.049000704378972,-25.41971266224725,-92.78219513102256,13
17.724749181938606,-25.19516172433892,-81.3675045093038,13
-55.39318940804915,-18.38624499417105,-88.91463533380376,13
9.965325455254037,-13.103259527330552,-32.515990057946254,13
-26.16447291791665,-28.034557073417407,-101.8247644005787,13
15.478123391566921,-20.157703079894514,-58.91922698589022,13
-12.847918436269294,-24.963689827998166,-100.95396744400732,13
-11.527678650744738,-9.545077071076003,-29.024451940738935,13
-39.66426981251486,-21.36449097050253,-92.4850186413631,13
23.976747853149046,-22.047141540770458,-104.58436636866146,13
-3.7620042322849927,-1.7834606676555655,-16.112161880889417,13
8.207331612806707,-9.364597305707271,-16.57483092246352,13
-24.54226944346907,22.802142524811906,-65.51262667423153,13
-22.59369921732974,22.111417097690904,-64.40942727617885,13
-17.72302637357237,13.86446714881287,-70.47202924132937,13
-19.81166592636132,9.708386369730405,-62.34203166503553,13
-15.076608393121438,11.614820421144147,-75.5599703603209,13
-20.21449375978598,14.712459283434224,-66.87410607685176,13
-17.36513802352711,-0.41228618447240317,-53.3644238430613,13
-16.280636132766848,-10.857743168697553,-44.10319162531834,13
-12.362931135989502,-12.217718655180631,-34.202446865512066,13
-8.41871627044403,-12.851469954795089,-31.038965674445574,13
-0.8826893619830287,-14.659147324000097,-33.431080290198175,13
-10.471402828919057,-10.39659469006345,-47.355958630225565,13
-6.437823208162554,-13.731401693416776,-49.285916085452826,13
-14.6608293589213,-1.470656309913317,-57.89386417687021,13
-11.397925496513032,-4.383506985573788,-62.58776484800817,13
-16.07838596515305,6.298344890123292,-65.79093478810692,13
-11.337557530204169,3.204342917288302,-68.66854955027006,13
12.882638276630273,-8.875481333019334,-90.28590682063036,13
12.437515535194617,-21.542628059202062,-71.40568988185676,13
13.56117937546491,-17.447853831439197,-83.4913415524689,13
11.546207397698177,-20.798033370612558,-77.44449554191802,13
15.314953967577111,-13.013627339791194,-87.01903945901684,13
6.449129776155821,-5.274508758076761,-88.21892723090383,13
9.757458766170767,-19.846756088319676,-64.98657147315285,13
2.9861568757284243,-11.401923966898325,-85.95070880850534,13
3.892498447548679,-15.035232189602779,-78.23738403441878,13
6.890794064884422,-18.007200341084772,-71.40052248246032,13
-0.46588227994782055,0.0841607130838769,-83.93216739242503,13
-1.7049858211750872,-12.262774641496913,-72.06947605036585,13
1.5362268922601465,-16.923405972085252,-64.35724290048839,13
7.446716460516775,-22.686992706170198,-51.591057779090505,13
-1.8162064552252382,-5.808567986354267,-78.96076133770715,13
2.6075066548514143,-17.99394605751756,-40.773454703084184,13
-2.4158650611339922,-14.128413544473666,-56.22614284123196,13
-5.3962897872423925,-7.336968469616056,-65.49970590099458,13
-7.803979416722368,-2.789548739430594,-72.80997765717645,13
-8.318676550745487,6.111467722013986,-77.99217081550206,13
-29.21872720039687,-14.558170128587115,-24.80997585729597,13
-10.418538998841953,-20.323125622449844,-10.37312114135745,13
2.827469815969354,-10.752342644148115,-7.995882189894427,13
-8.412415396408372,-6.4011627686912345,-16.744168360572097,13
-24.90463097218605,-18.444391713941037,-16.17440828786672,13
-1.903540475132032,-4.853120110357814,-11.359838765533416,13
-22.89444625808041,-33.917650371804235,-65.24300628716527,13
-13.098362535087912,-29.59859705773321,-75.57430081178536,13
-32.338496742026706,-25.55496535271753,-55.104571500256995,13
-4.309968118437594,-26.94795085888763,-80.14245180110498,13
-38.63625536571644,-22.704590291095183,-42.18187503408041,13
-49.644045618131585,-24.0875307865101,-59.92669720347351,13
-62.207869253074016,-6.754411500984996,-72.82248938539293,13
-54.350224719726654,6.051203779616314,-78.68539757139816,13
-29.752893287627963,11.420871321466956,-82.0392649247791,13
-11.015093157478683,-2.8159254345529225,-89.88699411161167,13
-19.588665145079585,2.4801988050500903,-81.88562288106188,13
-3.821536732371581,-10.169323195417615,-95.71510155644106,13
-40.6569689685648,20.348691294253285,-76.1195576553034,13
-0.6797832949300302,-17.03460830743715,-107.16427176481552,13
1.2890103725965665,-26.679283469307897,-107.04140375387452,13
6.779280731109698,-25.043859906308498,-92.10292492774981,13
-38.210838753576844,16.18331701264329,-78.88449753098567,13
-49.81690645616506,-18.494590512010323,-53.74512479115166,13
-1.574765363080891,-25.9834351638705,-74.29195929773793,13
-17.31994389567602,-12.995102437337215,-24.001839276291864,13
26.656147764503498,22.863843473875495,-87.78649257556089,13
46.87182742018339,-7.272948413560676,-38.659045850594886,13
55.229799356907485,20.724300306517616,-61.66419547834009,13
16.778071212621185,17.0892278463604,-90.82471312424497,13
42.75018937690466,28.814500958651514,-73.93789723964036,13
47.12660157168938,36.44704017323011,-47.07308066484769,13
7.042262740537839,27.36303991525498,-85.44533388491114,13
39.13798523316877,39.607093558895116,-65.34547759312375,13
41.298310668014835,4.939221674473828,-20.907703503304607,13
30.141676232563533,8.040798643984967,-88.47927916961183,13
45.64581538628252,-14.936140141862543,-51.0308562498475,13
54.574827262909636,12.288487885427541,-65.85096785287628,13
20.291640991445597,4.395036804593054,-90.45602847468122,13
40.2851210184128,13.333099739696229,-80.76416911388024,13
55.166611232623175,10.111421292148377,-46.73725282790876,13
50.2621927943394,20.28549858641865,-34.38127267210796,13
56.80677717466443,-1.1105034423797127,-59.53728332092271,13
20.834454494531602,34.451056597975594,-79.28532316316637,13
34.69028115002436,-0.7179399996854999,-97.13730731082254,13
50.405948142854434,-23.135824542494838,-68.71821385315144,13
53.73661126817334,-0.7341185311354713,-76.67591556980317,13
23.699054742124044,-7.296176839738208,-96.50098913037546,13
47.68440078659091,0.4962751530110477,-88.54416500310371,13
53.685999783579724,-11.773639939467305,-73.98583588074045,13
26.178381908488213,-19.02094200311733,-100.66207820241951,13
41.47290205592178,-19.402814712008496,-104.8123479482852,13
46.797677587172515,-26.832550400134377,-84.69206054619671,13
39.85996367497939,-25.697646597188026,-95.5994235352341,13
51.949834026296415,-18.6153784783852,-94.90507067880466,13
36.56576663242152,-26.510173337111667,-68.23913774937684,13
35.15744524919265,-18.303430783888484,-37.294778017297354,13
27.116771679626407,-6.81288489605026,-20.70817535763584,13
36.046116525134146,-23.73043448832496,-49.46685072433873,13
8.72331801086037,-26.19325831253368,-69.67935899237118,13
1.8031714626410262,-26.8228885515521,-45.436173637674045,13
-14.2006729102704,-21.603254890635462,-103.25256084871684,13
-15.136551063683957,-29.455350317227328,-57.07446487404782,13
5.943942557528815,-27.44431779865555,-83.35198700601661,13
-47.142758167945914,-7.409733947114404,-96.88058878849242,13
-3.730614400830411,-27.10064732008221,-33.0887887794818,13
-20.88321372586144,-30.31838873292938,-40.98101596230525,13
-45.06445878608111,-31.91912117451171,-67.83804265875098,13
4.246351607701852,-25.17825658643556,-56.75149084560126,13
-8.095463501579633,-30.624994831015346,-65.97792536747338,13
-35.158720265515804,-14.213936101480478,-98.99631833139836,13
-9.17072112099107,-30.91913452244497,-89.42371571593219,13
-19.70151167154156,-36.922534328022294,-86.80903964895899,13
-23.94860290471476,-14.737933046085532,-102.7014237280673,13
1.6553657248035873,8.270793057317285,-90.37765951421342,13
7.017859742742183,-0.133227701883038,-97.12562618172063,13
-7.043935641394857,13.20534403211447,-79.36438433096309,13
10.403254686890769,-12.613393018628237,-103.86276163801048,13
-34.823112059100204,-35.91729509246238,-77.30390625435832,13
11.349353767841066,-20.867237586033188,-44.17800825314923,13
-59.87348858736625,-18.902009254743266,-91.94179634495302,13
11.568902911427728,-14.480228349718965,-30.62268538523969,13
-29.936061080131502,-29.542754304981177,-103.90472779479525,13
16.206736430378246,-21.849374746636858,-58.035650010575104,13
-16.220035218237456,-27.50869139204435,-105.09989220844187,13
-43.87433536215927,-22.49641183935689,-94.67755560387094,13
19.34437934332776,-30.28089237659484,-96.29520833620118,13
22.584401979209073,-27.134554098019297,-114.0135034914654,13
-27.185518111012705,0.37506005992006247,-49.81955674004488,13
-7.693276995409882,19.620501463913087,-25.104968937139084,13
3.0706991122504905,21.64662170232296,-19.611647233684486,13
-17.075834611665062,23.976021145061782,-41.28595700653532,13
-22.540041782833647,18.820877915614286,-58.03429368156881,13
-7.567806743843571,18.077264923197657,-24.595101068469795,13
5.6433087726148194,14.133276433646639,-15.334654586668247,13
-6.397585822046343,2.0542335402161536,-5.661001095919537,13
-22.451220497038804,8.198259665948154,-50.31932909413805,13
-17.877787360980427,21.99843199173174,-32.32948574053277,13
-5.072217167600373,19.977497710841323,-18.94974477807966,13
5.420516657011555,14.225119018551867,-12.553290515337794,13
0.9840839505055422,1.907052173395973,-14.318074409020571,13
-15.180967498157939,7.014931466503474,-29.485302752494043,13
-19.218226818424743,9.376976781704503,-42.526640047025516,13
-1.8501226437129772,1.7011653413537633,-23.11992111287704,13
-14.026486092911766,-2.6836476618014147,-33.965412776458166,13
-35.163118688489924,-3.780214213451432,-51.73143536403467,13
-21.008395339929596,-3.1372333744428427,-5.268582823276813,13
-14.247737939721352,1.8234368341386917,-6.6419856169841065,13
-34.48038799959059,-13.80169551909066,-40.202853738714325,13
-1.664066564734732,-1.6861002427086764,-3.4061444171775372,13
-13.414055299878216,-5.3903361292286505,-29.017949397729385,13
-19.423238378330836,20.49111888980479,-44.66706113056408,13
-20.633081051722602,17.40511940434611,-55.44921661580913,13
-21.286300639126207,4.622387758627714,-45.298600625908165,13
-17.40290751901347,-7.910410161701062,-36.130038554774316,13
5.723305065286596,5.119245381237899,-17.94924410834977,13
-11.577460248855697,-7.861289949263536,-26.34773418455303,13
-1.7410912044431242,-0.7846117093723765,-13.1857794039846,13
8.929360405345925,23.849159898783004,-17.083590293026262,13
13.136725473703205,15.076143728222958,-20.862638827913084,13
-18.018282201919835,29.5172385909806,-50.16999594593768,13
-24.286755216272805,25.208514193400806,-64.72635045947678,13
-20.81026443056356,29.65258261265061,-59.80966588779722,13
-23.143513929905417,25.105203684673278,-64.22371096748606,13
-28.989247501105893,25.687850176632544,-71.15772525240189,13
-15.595898437090463,37.88021810911496,-56.65893528257221,13
-22.651310600501695,26.068242810787265,-73.11125091790944,13
-15.986032244056352,32.84513926166832,-70.4620399225345,13
0.3505002103433577,-8.537700447905705,0.13776668578390794,13
15.76137824901243,29.941306410516482,-16.338229392438407,13
34.44935614963951,18.249297353745558,-19.619031086111185,13
24.242614538731782,2.541586855825472,-18.845588415943684,13
10.866762478248184,-8.777622388172038,-13.27904281486534,13
-6.170180530393371,40.87007613755288,-59.6076976366357,13
16.479296997477473,53.5809338694729,-47.128767002193,13
20.601231705985732,50.390989277611425,-39.368630404974674,13
41.53165965972405,31.974294057457147,-23.601501611347384,13
36.11682350184915,44.569892751409725,-40.35523228032101,13
27.309421734888407,51.110756797767934,-57.785930644498805,13
-4.123301587873007,36.476841227624035,-78.78125983151435,13
2.1781276153623574,50.02482032049117,-59.33314481326234,13
23.650828229989294,42.6508125075163,-19.64880622515729,13
12.888755092834304,46.13194817380618,-71.48179669352811,13
-51.96291150505963,11.23546710954196,-76.58449690949165,13
-55.90793209943807,0.5073274460335657,-85.26364654926115,13
-52.43595195222111,-18.53351020316033,-52.08515062526197,13
-47.75020093408058,-4.115558140448054,-61.524771260188565,13
-19.404783474242613,21.235838770756985,-78.07565240248604,13
-70.88975372054985,-15.81814142062832,-83.80646691863551,13
-53.119924718596884,3.02064824549431,-69.70373646012786,13
-18.26550094372115,-12.653646051316393,2.104846199324453,13
-8.418705295273357,-27.263827800835887,-19.40560694082106,13
-25.568020618881672,-22.391251239671696,-31.594813883580517,13
-25.748276717516664,-8.482615166486575,-0.5692373607063547,13
-10.370436945897136,-17.088994025370457,6.670890572077377,13
-30.13888243503577,-13.712940980048566,-25.19784552949377,13
-9.05721388318439,-6.0547207738123765,-18.568819595663992,13
-17.373105115175978,-10.87934463771486,-23.91798734731285,13
-1.4296966331584282,-3.16564161576562,-10.407379220363742,13
-11.044904679715708,-23.833489870797486,-7.9148226218334266,13
6.014088946117242,-10.713956273769293,-7.06584755278084,13
-25.88491292306305,-19.703185671148045,-14.636934742142858,13
-41.28656052363116,-21.029665753713015,-24.847180954883946,13
-58.14967838892097,7.823646361765353,-80.21350704648985,13
-65.30758200845162,-5.667017987866551,-72.36584667497452,13
-54.180520107513566,-27.84026881024719,-60.108732194301595,13
-40.870194630537945,-25.117747849173174,-41.24509545421833,13
-34.370348370072975,-27.879326254499684,-54.50748656440452,13
-24.709469737138132,-37.4748788604581,-65.41999418649587,13
-14.313755800040695,-32.52434108341179,-75.50458518504239,13
20.637194761792273,-27.35870099413302,-83.993227896441,13
-5.759223248151283,-29.81742067600236,-80.8542457706866,13
30.987660698343813,-30.806362484470124,-79.33716815359693,13
32.80011070687449,-22.648361194382655,-97.47548568248307,13
16.30574764554828,-24.895878867790536,-67.52740824691645,13
-21.087739614271225,5.1214007265476,-85.71513423681895,13
-31.51244646932641,14.133674785933723,-86.16679210798004,13
-12.366988741598478,-1.1306169455372397,-92.47081794170408,13
-5.451075909658678,-9.266526005845968,-97.54316765818403,13
-1.3230717121452535,-17.24027760754623,-109.95242757875167,13
4.760424951110991,-26.808727220760325,-94.00309548906327,13
-2.6565652336195824,-28.250283111932436,-108.7996446355556,13
-41.829106743261,22.11915475559932,-77.6725939421531,13
-39.6806644052296,18.5663769839092,-80.8772191851817,13
-2.7575849687649656,-29.192991870997872,-74.53580327105153,13
